1.040605098009109497e+01 9.574892893433570862e-01 -7.942259018542188187e-01
1.044580012559890747e+01 1.051483429968357086e+00 -7.942106430651563187e-01
1.048153620958328247e+01 1.146576203405857086e+00 -7.942259018542188187e-01
1.051754695177078247e+01 1.242401398718357086e+00 -7.942259018542188187e-01
1.055360347032546997e+01 1.338348664343357086e+00 -7.942259018542188187e-01
1.058982783555984497e+01 1.434784211218357086e+00 -7.942411606432813187e-01
1.062635737657546997e+01 1.531952179968357086e+00 -7.942411606432813187e-01
1.065858393907546997e+01 1.629730500280857086e+00 -7.942564194323438187e-01
1.126078730821609497e+01 8.123476877808570862e-01 -7.923185532214063187e-01
1.130158931016921997e+01 9.148867502808570862e-01 -7.923185532214063187e-01
1.134762507677078247e+01 1.017181672155857086e+00 -7.923032944323438187e-01
1.138900691270828247e+01 1.121063508093357086e+00 -7.923032944323438187e-01
1.143046504259109497e+01 1.225189484655857086e+00 -7.923032944323438187e-01
1.147213679552078247e+01 1.329803742468357086e+00 -7.923185532214063187e-01
1.150901728868484497e+01 1.435882844030857086e+00 -7.923338120104688187e-01
1.155107051134109497e+01 1.541595734655857086e+00 -7.923338120104688187e-01
1.227943354845046997e+01 6.392519846558570862e-01 -7.900755112292188187e-01
1.232691890001296997e+01 7.511904612183570862e-01 -7.900755112292188187e-01
1.237466365098953247e+01 8.636172190308570862e-01 -7.900602524401563187e-01
1.242283564805984497e+01 9.771426096558570862e-01 -7.900602524401563187e-01
1.247111445665359497e+01 1.090912140905857086e+00 -7.900602524401563187e-01
1.251965266466140747e+01 1.205169953405857086e+00 -7.900602524401563187e-01
1.256863337755203247e+01 1.320526398718357086e+00 -7.900449936510938187e-01
1.261770564317703247e+01 1.436249054968357086e+00 -7.900449936510938187e-01
1.350596553087234497e+01 4.310000315308570862e-01 -7.873747055651563187e-01
1.356944209337234497e+01 5.528262034058570862e-01 -7.873441879870313187e-01
1.362600642442703247e+01 6.766055002808570862e-01 -7.873441879870313187e-01
1.368312007188796997e+01 8.017275705933570862e-01 -7.873289291979688187e-01
1.374037104845046997e+01 9.269717112183570862e-01 -7.873136704089063187e-01
1.379797297716140747e+01 1.053070344030857086e+00 -7.872984116198438187e-01
1.385612422227859497e+01 1.180389679968357086e+00 -7.872831528307813187e-01
1.390681391954421997e+01 1.308807648718357086e+00 -7.872984116198438187e-01
1.502935725450515747e+01 1.722109690308570862e-01 -7.840330307604688187e-01
1.509736567735671997e+01 3.089297190308570862e-01 -7.840177719714063187e-01
1.516589289903640747e+01 4.465029612183570862e-01 -7.839872543932813187e-01
1.523512202501296997e+01 5.855410471558570862e-01 -7.839719956042188187e-01
1.530459529161453247e+01 7.250674143433570862e-01 -7.839567368151563187e-01
1.537452632188796997e+01 8.655703440308570862e-01 -7.839262192370313187e-01
1.544518977403640747e+01 1.007416047155857086e+00 -7.839109604479688187e-01
1.551609736680984497e+01 1.149872101843357086e+00 -7.838957016589063187e-01
1.695211726427078247e+01 -1.543271169066429138e-01 -7.799284165026563187e-01
1.704840022325515747e+01 -2.471648156642913818e-03 -7.798673813464063187e-01
1.713368159532546997e+01 1.525576487183570862e-01 -7.798368637682813187e-01
1.721990901231765747e+01 3.092959299683570862e-01 -7.797910874010938187e-01
1.730651789903640747e+01 4.666445627808570862e-01 -7.797453110339063187e-01
1.739378291368484497e+01 6.253359690308570862e-01 -7.797147934557813187e-01
1.748205500841140747e+01 7.857363596558570862e-01 -7.796690170885938187e-01
1.755827265977859497e+01 9.480898752808570862e-01 -7.796537582995313187e-01
1.948197871446609497e+01 -5.840146169066429138e-01 -7.745573227526563187e-01
1.949122554063796997e+01 -3.924862965941429138e-01 -7.717039291979688187e-01
1.970106440782546997e+01 -2.311093434691429138e-01 -7.744352524401563187e-01
1.981242305040359497e+01 -5.166598409414291382e-02 -7.743742172839063187e-01
1.992440730333328247e+01 1.287539377808570862e-01 -7.742979233385938187e-01
2.003741389513015747e+01 3.107607737183570862e-01 -7.742368881823438187e-01
2.015180903673171997e+01 4.950869455933570862e-01 -7.741758530260938187e-01
2.026687556505203247e+01 6.805117502808570862e-01 -7.741148178698438187e-01
2.016212397813796997e+01 -7.004696950316429138e-01 -7.027189438464063187e-01
2.105264216661453247e+01 -6.423642262816429138e-01 -7.203581040026563187e-01
2.202532893419265747e+01 -5.788876637816429138e-01 -7.390806381823438187e-01
2.309606868028640747e+01 -5.089413747191429138e-01 -7.602598374010938187e-01
2.354382258653640747e+01 -3.385312184691429138e-01 -7.669279282214063187e-01
2.357614070177078247e+01 -1.102597340941429138e-01 -7.640592758776563187e-01
2.383076411485671997e+01 9.469632059335708618e-02 -7.667600815417188187e-01
2.398794490098953247e+01 3.129580393433570862e-01 -7.666532700182813187e-01
2.015675288438796997e+01 -7.007138356566429138e-01 -6.112119858385938187e-01
2.104681330919265747e+01 -6.426083669066429138e-01 -6.247923081042188187e-01
2.201916438341140747e+01 -5.791318044066429138e-01 -6.396391098620313187e-01
2.308944636583328247e+01 -5.094296559691429138e-01 -6.559965317370313187e-01
2.426612788438796997e+01 -4.328915700316429138e-01 -6.739561264635938187e-01
2.556935054063796997e+01 -3.482968434691429138e-01 -6.938688461901563187e-01
2.702567988634109497e+01 -2.536923512816429138e-01 -7.161161606432813187e-01
2.865342646837234497e+01 -1.482236012816429138e-01 -7.409879868151563187e-01
2.032881098985671997e+01 -7.309872731566429138e-01 -5.227415268542188187e-01
2.104141169786453247e+01 -6.429745778441429138e-01 -5.298216049792188187e-01
2.201321345567703247e+01 -5.794980153441429138e-01 -5.402738754870313187e-01
2.308283931016921997e+01 -5.097958669066429138e-01 -5.517942612292188187e-01
2.425874263048171997e+01 -4.333798512816429138e-01 -5.644590561510938187e-01
2.556083613634109497e+01 -3.486630544066429138e-01 -5.784818832995313187e-01
2.701600581407546997e+01 -2.541806325316429138e-01 -5.941526596667188187e-01
2.864244014024734497e+01 -1.488339528441429138e-01 -6.116697495104688187e-01
2.185996943712234497e+01 -7.746884450316429138e-01 -4.420530502917188187e-01
2.332958918809890747e+01 -7.773739919066429138e-01 -4.525663559557813187e-01
2.185446101427078247e+01 -7.750546559691429138e-01 -3.433744614245313187e-01
2.332949763536453247e+01 -7.785946950316429138e-01 -3.472196762682813187e-01
1.931527644395828247e+01 -5.622861012816429138e-01 -2.466032211901563187e-01
2.016818171739578247e+01 -5.071103200316429138e-01 -2.442228500964063187e-01
2.110288935899734497e+01 -4.472958669066429138e-01 -2.421323959948438187e-01
2.213064509630203247e+01 -3.811337575316429138e-01 -2.392942612292188187e-01
2.325996333360671997e+01 -3.086239919066429138e-01 -2.361814682604688187e-01
2.452349787950515747e+01 -2.297665700316429138e-01 -2.327177231432813187e-01
2.595100337266921997e+01 -1.429745778441429138e-01 -2.282163803698438187e-01
2.754766780138015747e+01 -4.568453878164291382e-02 -2.238371079089063187e-01
1.952874690294265747e+01 -5.996396169066429138e-01 -1.586820786120313187e-01
2.039614802598953247e+01 -5.445859059691429138e-01 -1.523649399401563187e-01
2.134419184923171997e+01 -4.845273122191429138e-01 -1.454679672839063187e-01
2.239109736680984497e+01 -4.187314137816429138e-01 -1.378538315417188187e-01
2.354209834337234497e+01 -3.463437184691429138e-01 -1.294920151354688187e-01
2.480309993028640747e+01 -2.644345387816429138e-01 -1.202909653307813187e-01
2.618928462266921997e+01 -1.704403981566429138e-01 -1.101286118151563187e-01
2.773409968614578247e+01 -6.570407003164291382e-02 -9.879133154171881870e-02
1.928903132677078247e+01 -5.599667653441429138e-01 -7.248517919796881870e-02
2.018130427598953247e+01 -5.115048512816429138e-01 -6.252118994015631870e-02
2.116262751817703247e+01 -4.586484059691429138e-01 -5.106183935421881870e-02
2.225102168321609497e+01 -4.004208669066429138e-01 -3.836652685421881870e-02
2.345455867052078247e+01 -3.364560231566429138e-01 -2.431318212765631870e-02
2.479600459337234497e+01 -2.650448903441429138e-01 -8.657664549531318698e-03
2.624134761095046997e+01 -1.776425465941429138e-01 8.325367677031181302e-03
2.775509577989578247e+01 -6.948824971914291382e-02 2.695634912234368130e-02
1.951940852403640747e+01 -6.002499684691429138e-01 1.752641748171868130e-02
2.038586360216140747e+01 -5.453183278441429138e-01 3.165605615359368130e-02
2.130303889513015747e+01 -4.807431325316429138e-01 4.668596338015618130e-02
2.227886897325515747e+01 -4.056698903441429138e-01 6.273820947390618130e-02
2.334435969591140747e+01 -3.235165700316429138e-01 8.027055810671868130e-02
2.451672297716140747e+01 -2.331845387816429138e-01 9.955766748171868130e-02
2.603349238634109497e+01 -1.565243825316429138e-01 1.240938002942186813e-01
2.781863337755203247e+01 -7.742282003164291382e-02 1.528566176770311813e-01
1.931063777208328247e+01 -5.658261403441429138e-01 1.019990737317186813e-01
2.026266413927078247e+01 -5.267636403441429138e-01 1.211488540051561813e-01
2.131701594591140747e+01 -4.840390309691429138e-01 1.428468520520311813e-01
2.184564143419265747e+01 -7.810361012816429138e-01 2.496278579114061813e-01
2.818432551622390747e+01 -1.168515309691429138e-01 4.127290542004686813e-01
2.184554988145828247e+01 -7.822568044066429138e-01 3.486879165051561813e-01
2.282719355821609497e+01 -4.859921559691429138e-01 3.795106704114061813e-01
2.381632930040359497e+01 -3.885800465941429138e-01 4.093263442395311813e-01
2.510577327013015747e+01 -3.077694997191429138e-01 4.478090102551561813e-01
2.655270320177078247e+01 -2.178036794066429138e-01 4.916169936535936813e-01
2.817401057481765747e+01 -1.174618825316429138e-01 5.400178725598436813e-01
1.975540095567703247e+01 -6.446835622191429138e-01 3.780610854504686813e-01
2.063166743516921997e+01 -5.891415700316429138e-01 4.077089125989061813e-01
2.158921748399734497e+01 -5.284726247191429138e-01 4.406068618176561813e-01
2.264707881212234497e+01 -4.620663747191429138e-01 4.769685561535936813e-01
2.380918818712234497e+01 -3.890683278441429138e-01 5.169008071301561813e-01
2.509774714708328247e+01 -3.082577809691429138e-01 5.611818129895311813e-01
1.065884333848953247e+01 1.630096711218357086e+00 -7.942564194323438187e-01
1.068424922227859497e+01 1.728851594030857086e+00 -7.937071030260938187e-01
1.069131404161453247e+01 1.829437531530857086e+00 -7.923948471667188187e-01
1.069840937852859497e+01 1.930389679968357086e+00 -7.910825913073438187e-01
1.070547419786453247e+01 2.031097687780857086e+00 -7.897855942370313187e-01
1.071255427598953247e+01 2.131683625280857086e+00 -7.884733383776563187e-01
1.071964961290359497e+01 2.232635773718357086e+00 -7.871610825182813187e-01
1.072216731309890747e+01 2.333465851843357086e+00 -7.858488266589063187e-01
1.155142146348953247e+01 1.541961945593357086e+00 -7.923338120104688187e-01
1.158796626329421997e+01 1.648651398718357086e+00 -7.923490707995313187e-01
1.162794429063796997e+01 1.755829133093357086e+00 -7.922575180651563187e-01
1.163578730821609497e+01 1.866058625280857086e+00 -7.908231918932813187e-01
1.164359980821609497e+01 1.976043976843357086e+00 -7.894041245104688187e-01
1.165141230821609497e+01 2.086029328405857086e+00 -7.879697983385938187e-01
1.165380793809890747e+01 2.196625031530857086e+00 -7.865354721667188187e-01
1.166162043809890747e+01 2.306610383093357086e+00 -7.851164047839063187e-01
1.261810237169265747e+01 1.436615265905857086e+00 -7.900602524401563187e-01
1.266137629747390747e+01 1.553436554968357086e+00 -7.900755112292188187e-01
1.270490962266921997e+01 1.670990265905857086e+00 -7.900755112292188187e-01
1.274883967638015747e+01 1.789764679968357086e+00 -7.900907700182813187e-01
1.276728755235671997e+01 1.910248078405857086e+00 -7.889463608385938187e-01
1.277600032091140747e+01 2.031341828405857086e+00 -7.873747055651563187e-01
1.278472834825515747e+01 2.152923859655857086e+00 -7.858030502917188187e-01
1.279344111680984497e+01 2.274139679968357086e+00 -7.842161362292188187e-01
1.390727168321609497e+01 1.309295929968357086e+00 -7.872984116198438187e-01
1.396711665391921997e+01 1.437591828405857086e+00 -7.872831528307813187e-01
1.401968318223953247e+01 1.567596711218357086e+00 -7.872831528307813187e-01
1.407276850938796997e+01 1.698822297155857086e+00 -7.872984116198438187e-01
1.412602168321609497e+01 1.830536164343357086e+00 -7.872984116198438187e-01
1.416348201036453247e+01 1.963959015905857086e+00 -7.866422836901563187e-01
1.417333918809890747e+01 2.099334992468357086e+00 -7.848875229479688187e-01
1.417494136095046997e+01 2.234588898718357086e+00 -7.831480209948438187e-01
1.551658564805984497e+01 1.150360383093357086e+00 -7.838957016589063187e-01
1.558111506700515747e+01 1.294403351843357086e+00 -7.838957016589063187e-01
1.564611750841140747e+01 1.439667023718357086e+00 -7.838804428698438187e-01
1.571182185411453247e+01 1.586395539343357086e+00 -7.838804428698438187e-01
1.577780085802078247e+01 1.733734406530857086e+00 -7.838651840807813187e-01
1.584426814317703247e+01 1.882171906530857086e+00 -7.838651840807813187e-01
1.591012507677078247e+01 2.032318390905857086e+00 -7.838041489245313187e-01
1.592143183946609497e+01 2.184540070593357086e+00 -7.818357651354688187e-01
1.755871516466140747e+01 9.487002268433570862e-01 -7.796690170885938187e-01
1.765321284532546997e+01 1.110565461218357086e+00 -7.796079819323438187e-01
1.773597651720046997e+01 1.275116242468357086e+00 -7.795927231432813187e-01
1.781973201036453247e+01 1.441742219030857086e+00 -7.795622055651563187e-01
1.790391474962234497e+01 1.609100617468357086e+00 -7.795316879870313187e-01
1.798879939317703247e+01 1.777801789343357086e+00 -7.795011704089063187e-01
1.807473689317703247e+01 1.948700226843357086e+00 -7.794859116198438187e-01
1.814784175157546997e+01 2.120697297155857086e+00 -7.794859116198438187e-01
2.026751643419265747e+01 6.811221018433570862e-01 -7.741148178698438187e-01
2.037603694200515747e+01 8.691103830933570862e-01 -7.740690415026563187e-01
2.048561030626296997e+01 1.058807648718357086e+00 -7.740080063464063187e-01
2.059666377305984497e+01 1.251068390905857086e+00 -7.739622299792188187e-01
2.070846492052078247e+01 1.444549836218357086e+00 -7.739164536120313187e-01
2.082137995958328247e+01 1.640106476843357086e+00 -7.738554184557813187e-01
2.093580561876296997e+01 1.838104523718357086e+00 -7.738096420885938187e-01
2.105099421739578247e+01 2.037567414343357086e+00 -7.737486069323438187e-01
2.398892146348953247e+01 3.136904612183570862e-01 -7.666532700182813187e-01
2.414009028673171997e+01 5.351260080933570862e-01 -7.665617172839063187e-01
2.431735163927078247e+01 7.572939768433570862e-01 -7.664243881823438187e-01
2.447296077013015747e+01 9.850771799683570862e-01 -7.663175766589063187e-01
2.462986689805984497e+01 1.214691437780857086e+00 -7.662260239245313187e-01
2.478864985704421997e+01 1.447113312780857086e+00 -7.661344711901563187e-01
2.492431575059890747e+01 1.684051789343357086e+00 -7.660734360339063187e-01
2.508662348985671997e+01 1.921844758093357086e+00 -7.659666245104688187e-01
2.866485530138015747e+01 -1.483456715941429138e-01 -7.411710922839063187e-01
2.973107844591140747e+01 3.915432840585708618e-02 -7.558347885729688187e-01
2.980715876817703247e+01 3.252871409058570862e-01 -7.529508774401563187e-01
3.019721919298171997e+01 5.921328440308570862e-01 -7.554685776354688187e-01
3.043507319688796997e+01 8.743594065308570862e-01 -7.552854721667188187e-01
3.067646723985671997e+01 1.160736359655857086e+00 -7.550871079089063187e-01
3.092233210802078247e+01 1.452362336218357086e+00 -7.549040024401563187e-01
3.117172175645828247e+01 1.747406281530857086e+00 -7.547208969714063187e-01
2.865396052598953247e+01 -1.489560231566429138e-01 -6.118070786120313187e-01
3.049166804552078247e+01 -2.993746846914291382e-02 -6.316435043932813187e-01
3.258473140001296997e+01 1.055605784058570862e-01 -6.542417709948438187e-01
3.499868708848953247e+01 2.616885080933570862e-01 -6.803190415026563187e-01
3.779189997911453247e+01 4.425967112183570862e-01 -7.104704086901563187e-01
4.044949275255203247e+01 6.853945627808570862e-01 -7.381803696276563187e-01
4.088015681505203247e+01 1.067718781530857086e+00 -7.378294174792188187e-01
4.131822139024734497e+01 1.456634797155857086e+00 -7.374784653307813187e-01
3.156976252794265747e+01 -1.272275075316429138e-01 -5.023557846667188187e-01
3.257018977403640747e+01 1.047060862183570862e-01 -5.062772934557813187e-01
3.498145991563796997e+01 2.608340159058570862e-01 -5.212614243151563187e-01
3.777110224962234497e+01 4.414980784058570862e-01 -5.385954086901563187e-01
4.105984431505203247e+01 6.532900705933570862e-01 -5.590574448229688187e-01
4.500671321153640747e+01 9.063418284058570862e-01 -5.836240952135938187e-01
4.978874140977859497e+01 1.212372101843357086e+00 -6.134092514635938187e-01
3.233692866563796997e+01 -1.970517262816429138e-01 -3.627378647448438187e-01
3.686157160997390747e+01 1.298525705933570862e-01 -3.697874252917188187e-01
3.986553889513015747e+01 3.166201487183570862e-01 -3.748838608385938187e-01
4.734631282091140747e+01 8.133242502808570862e-01 -3.871214096667188187e-01
5.335653620958328247e+01 1.107269562780857086e+00 -3.983823959948438187e-01
2.755920344591140747e+01 -4.592867940664291382e-02 -2.238065903307813187e-01
2.937568598985671997e+01 6.369046121835708618e-02 -2.186033432604688187e-01
3.144325190782546997e+01 1.895449534058570862e-01 -2.134306137682813187e-01
3.383758479356765747e+01 3.350527659058570862e-01 -2.066251938464063187e-01
3.661178523302078247e+01 5.048525705933570862e-01 -1.987058823229688187e-01
3.988523799180984497e+01 7.054140940308570862e-01 -1.893827622057813187e-01
4.382224971055984497e+01 9.465029612183570862e-01 -1.770841782214063187e-01
4.859246760606765747e+01 1.240448273718357086e+00 -1.633512680651563187e-01
2.774522334337234497e+01 -6.582614034414291382e-02 -9.873029638546881870e-02
2.948840266466140747e+01 5.184964090585708618e-02 -8.562299658078131870e-02
3.146578913927078247e+01 1.858828440308570862e-01 -7.076093603390631870e-02
3.373583918809890747e+01 3.400576487183570862e-01 -5.370160986203131870e-02
3.657165461778640747e+01 5.049746409058570862e-01 -3.273603369015631870e-02
3.997631770372390747e+01 6.984560862183570862e-01 -7.620066893281318698e-03
4.408386164903640747e+01 9.336855784058570862e-01 2.269914697390618130e-02
4.877433711290359497e+01 1.232269562780857086e+00 5.770280908328118130e-02
2.775488215684890747e+01 -6.851168721914291382e-02 2.697160791140618130e-02
2.967195063829421997e+01 3.390530496835708618e-02 4.909685205203118130e-02
3.162553340196609497e+01 1.713564768433570862e-01 7.274797509890618130e-02
3.383500605821609497e+01 3.312685862183570862e-01 9.954240869265618130e-02
3.654600459337234497e+01 5.043642893433570862e-01 1.321351821301561813e-01
4.018148738145828247e+01 6.861269846558570862e-01 1.752107436535936813e-01
4.734583979845046997e+01 8.046572580933570862e-01 2.570588881848436813e-01
5.335603266954421997e+01 1.097259797155857086e+00 3.294465834973436813e-01
2.783161860704421997e+01 -7.766696065664291382e-02 1.530549819348436813e-01
3.233654719591140747e+01 -2.047421559691429138e-01 2.227266127942186813e-01
3.686111384630203247e+01 1.209414377808570862e-01 2.983033950207811813e-01
3.986503535509109497e+01 3.068545237183570862e-01 3.480928237317186813e-01
4.461631709337234497e+01 9.076846018433570862e-01 4.306581313489061813e-01
4.939654475450515747e+01 1.208221711218357086e+00 5.099580581067186813e-01
3.233645564317703247e+01 -2.066952809691429138e-01 3.686769301770311813e-01
3.455302363634109497e+01 2.776797190308570862e-01 4.197023208020311813e-01
3.735310298204421997e+01 4.523623362183570862e-01 4.788911635754686813e-01
4.064536982774734497e+01 6.585390940308570862e-01 5.485017592785936813e-01
2.819602900743484497e+01 -1.170956715941429138e-01 4.130189711926561813e-01
3.003106623888015747e+01 -3.448210656642913818e-03 4.601991469739061813e-01
3.212417536973953247e+01 1.263125315308570862e-01 5.140168959973436813e-01
3.453710871934890747e+01 2.767031565308570862e-01 5.760743911145311813e-01
2.818569880723953247e+01 -1.177060231566429138e-01 5.403535659192186813e-01
1.072218257188796997e+01 2.333832062780857086e+00 -7.858488266589063187e-01
1.072817927598953247e+01 2.434540070593357086e+00 -7.845365707995313187e-01
1.072958308458328247e+01 2.535492219030857086e+00 -7.832395737292188187e-01
1.073101741075515747e+01 2.636688508093357086e+00 -7.819273178698438187e-01
1.073243647813796997e+01 2.737762726843357086e+00 -7.806150620104688187e-01
1.073385554552078247e+01 2.838714875280857086e+00 -7.793180649401563187e-01
1.073527461290359497e+01 2.940155304968357086e+00 -7.780058090807813187e-01
1.073211604356765747e+01 3.041107453405857086e+00 -7.767088120104688187e-01
1.166165095567703247e+01 2.306976594030857086e+00 -7.851011459948438187e-01
1.166342097520828247e+01 2.417084015905857086e+00 -7.836820786120313187e-01
1.167066890001296997e+01 2.527313508093357086e+00 -7.822477524401563187e-01
1.167243891954421997e+01 2.637909211218357086e+00 -7.808134262682813187e-01
1.167420893907546997e+01 2.748382844030857086e+00 -7.793943588854688187e-01
1.167597895860671997e+01 2.858734406530857086e+00 -7.779600327135938187e-01
1.167227107286453247e+01 2.969452179968357086e+00 -7.765409653307813187e-01
1.167404109239578247e+01 3.079925812780857086e+00 -7.751066391589063187e-01
1.279344111680984497e+01 2.274627961218357086e+00 -7.842161362292188187e-01
1.279566890001296997e+01 2.395965851843357086e+00 -7.826444809557813187e-01
1.279789668321609497e+01 2.517425812780857086e+00 -7.810728256823438187e-01
1.280013972520828247e+01 2.639374054968357086e+00 -7.795011704089063187e-01
1.280238276720046997e+01 2.761078156530857086e+00 -7.779295151354688187e-01
1.280462580919265747e+01 2.882660187780857086e+00 -7.763578598620313187e-01
1.280686885118484497e+01 3.004852570593357086e+00 -7.747709457995313187e-01
1.280911189317703247e+01 3.126556672155857086e+00 -7.731992905260938187e-01
1.417486506700515747e+01 2.235077179968357086e+00 -7.831327622057813187e-01
1.418595820665359497e+01 2.370086945593357086e+00 -7.813780014635938187e-01
1.418882685899734497e+01 2.505340851843357086e+00 -7.796232407214063187e-01
1.419171077013015747e+01 2.641205109655857086e+00 -7.778684799792188187e-01
1.419457942247390747e+01 2.776703156530857086e+00 -7.761137192370313187e-01
1.419746333360671997e+01 2.912201203405857086e+00 -7.743589584948438187e-01
1.420034724473953247e+01 3.048309601843357086e+00 -7.726041977526563187e-01
1.419496089220046997e+01 3.183685578405857086e+00 -7.708646957995313187e-01
1.592132502794265747e+01 2.185028351843357086e+00 -7.818205063464063187e-01
1.592512446641921997e+01 2.337616242468357086e+00 -7.798521225573438187e-01
1.592892390489578247e+01 2.490204133093357086e+00 -7.778684799792188187e-01
1.593273860216140747e+01 2.643524445593357086e+00 -7.759000961901563187e-01
1.593655329942703247e+01 2.796356476843357086e+00 -7.739164536120313187e-01
1.594035273790359497e+01 2.949188508093357086e+00 -7.719480698229688187e-01
1.594418269395828247e+01 3.102752961218357086e+00 -7.699644272448438187e-01
1.594798213243484497e+01 3.255829133093357086e+00 -7.679807846667188187e-01
1.814833003282546997e+01 2.121307648718357086e+00 -7.794859116198438187e-01
1.819045954942703247e+01 2.295379914343357086e+00 -7.779142563464063187e-01
1.819563227891921997e+01 2.470550812780857086e+00 -7.756559555651563187e-01
1.820083552598953247e+01 2.646454133093357086e+00 -7.733823959948438187e-01
1.820600825548171997e+01 2.821869172155857086e+00 -7.711088364245313187e-01
1.821118098497390747e+01 2.997406281530857086e+00 -7.688352768542188187e-01
1.821639949083328247e+01 3.173675812780857086e+00 -7.665617172839063187e-01
1.820770198106765747e+01 3.348968781530857086e+00 -7.643034165026563187e-01
2.105169612169265747e+01 2.038177765905857086e+00 -7.737638657214063187e-01
2.115985041856765747e+01 2.239959992468357086e+00 -7.737333481432813187e-01
2.123467952013015747e+01 2.444061554968357086e+00 -7.728025620104688187e-01
2.124209529161453247e+01 2.650360383093357086e+00 -7.701475327135938187e-01
2.124948054552078247e+01 2.856170929968357086e+00 -7.674772446276563187e-01
2.125686579942703247e+01 3.062103547155857086e+00 -7.648222153307813187e-01
2.126431208848953247e+01 3.268890656530857086e+00 -7.621366684557813187e-01
2.127171260118484497e+01 3.475189484655857086e+00 -7.594663803698438187e-01
2.508766108751296997e+01 1.922699250280857086e+00 -7.659818832995313187e-01
2.524352961778640747e+01 2.163666047155857086e+00 -7.659055893542188187e-01
2.542799311876296997e+01 2.407562531530857086e+00 -7.657682602526563187e-01
2.558874446153640747e+01 2.655975617468357086e+00 -7.656767075182813187e-01
2.560145503282546997e+01 2.905121125280857086e+00 -7.624723618151563187e-01
2.561270076036453247e+01 3.154510773718357086e+00 -7.592527573229688187e-01
2.559591609239578247e+01 3.404144562780857086e+00 -7.560484116198438187e-01
2.560714656114578247e+01 3.653656281530857086e+00 -7.528288071276563187e-01
3.117329341173171997e+01 1.748382844030857086e+00 -7.547208969714063187e-01
3.141888362169265747e+01 2.048431672155857086e+00 -7.545530502917188187e-01
3.166850215196609497e+01 2.353241242468357086e+00 -7.543852036120313187e-01
3.192318660020828247e+01 2.664154328405857086e+00 -7.542173569323438187e-01
3.218127375841140747e+01 2.979217804968357086e+00 -7.540342514635938187e-01
3.228637629747390747e+01 3.296112336218357086e+00 -7.513487045885938187e-01
3.230522090196609497e+01 3.613617219030857086e+00 -7.472440903307813187e-01
3.232401973009109497e+01 3.930389679968357086e+00 -7.431394760729688187e-01
4.132096797227859497e+01 1.457977570593357086e+00 -7.374937241198438187e-01
4.176357966661453247e+01 1.855316437780857086e+00 -7.371275131823438187e-01
4.221598750352859497e+01 2.261444367468357086e+00 -7.367765610339063187e-01
4.268011409044265747e+01 2.678070344030857086e+00 -7.364103500964063187e-01
4.315455561876296997e+01 3.102752961218357086e+00 -7.360441391589063187e-01
4.364153987169265747e+01 3.537201203405857086e+00 -7.356931870104688187e-01
4.400131160020828247e+01 3.978851594030857086e+00 -7.337553207995313187e-01
4.403874140977859497e+01 4.412933625280857086e+00 -7.281400864245313187e-01
4.982377558946609497e+01 1.212982453405857086e+00 -6.136381332995313187e-01
5.578271418809890747e+01 1.592743195593357086e+00 -6.506864731432813187e-01
6.342977839708328247e+01 2.076629914343357086e+00 -6.982633774401563187e-01
6.582449275255203247e+01 2.708099640905857086e+00 -7.064573471667188187e-01
6.703831416368484497e+01 3.371673859655857086e+00 -7.058164780260938187e-01
6.831437617540359497e+01 4.060760773718357086e+00 -7.052519028307813187e-01
6.964523249864578247e+01 4.779510773718357086e+00 -7.046720688464063187e-01
7.102859431505203247e+01 5.524750031530857086e+00 -7.040922348620313187e-01
5.335624629259109497e+01 1.109100617468357086e+00 -3.983518784167188187e-01
5.935990840196609497e+01 1.522674836218357086e+00 -4.077055161120313187e-01
6.688729792833328247e+01 2.042816437780857086e+00 -4.193937485339063187e-01
7.739297419786453247e+01 2.719452179968357086e+00 -4.364072983385938187e-01
8.798113948106765747e+01 3.604217804968357086e+00 -4.507047836901563187e-01
4.862869197130203247e+01 1.241058625280857086e+00 -1.632749741198438187e-01
5.458576899766921997e+01 1.608124054968357086e+00 -1.456815903307813187e-01
6.221122676134109497e+01 2.079315461218357086e+00 -1.246549790026563187e-01
7.231384211778640747e+01 2.707977570593357086e+00 -9.499189306515631870e-02
8.629141169786453247e+01 3.579559601843357086e+00 -5.391523290890631870e-02
4.877409297227859497e+01 1.233856476843357086e+00 5.773332666140618130e-02
5.460310298204421997e+01 1.604339875280857086e+00 1.018312270520311813e-01
6.152838069200515747e+01 2.081390656530857086e+00 1.547487075207811813e-01
7.890212947130203247e+01 2.711517609655857086e+00 2.795350844739061813e-01
9.391555720567703247e+01 3.659271515905857086e+00 3.930299575207811813e-01
5.335575801134109497e+01 1.099090851843357086e+00 3.294771010754686813e-01
5.935942012071609497e+01 1.511566437780857086e+00 4.015748793957811813e-01
6.301574641466140747e+01 2.064300812780857086e+00 4.505098159192186813e-01
7.313217097520828247e+01 2.699798859655857086e+00 5.733278090832811813e-01
4.943276911973953247e+01 1.208832062780857086e+00 5.105378920910936813e-01
5.537374812364578247e+01 1.582977570593357086e+00 6.100709731457811813e-01
1.073202449083328247e+01 3.041473664343357086e+00 -7.766935532214063187e-01
1.073234492540359497e+01 3.142547883093357086e+00 -7.753812973620313187e-01
1.072808772325515747e+01 3.243500031530857086e+00 -7.740843002917188187e-01
1.072381526231765747e+01 3.344940461218357086e+00 -7.727873032214063187e-01
1.071954280138015747e+01 3.446014679968357086e+00 -7.714903061510938187e-01
1.071528559923171997e+01 3.547210969030857086e+00 -7.701780502917188187e-01
1.071099787950515747e+01 3.648895539343357086e+00 -7.688810532214063187e-01
1.070214778184890747e+01 3.749725617468357086e+00 -7.675840561510938187e-01
1.167393428087234497e+01 3.080292023718357086e+00 -7.751066391589063187e-01
1.166963130235671997e+01 3.190521515905857086e+00 -7.736875717760938187e-01
1.167080622911453247e+01 3.301239289343357086e+00 -7.722532456042188187e-01
1.166648799180984497e+01 3.412079133093357086e+00 -7.708189194323438187e-01
1.166218501329421997e+01 3.522674836218357086e+00 -7.693998520495313187e-01
1.165786677598953247e+01 3.633270539343357086e+00 -7.679807846667188187e-01
1.164807063341140747e+01 3.743866242468357086e+00 -7.665617172839063187e-01
1.164375239610671997e+01 3.854584015905857086e+00 -7.651426499010938187e-01
1.280898982286453247e+01 3.127044953405857086e+00 -7.731992905260938187e-01
1.280473262071609497e+01 3.248626984655857086e+00 -7.716276352526563187e-01
1.280046015977859497e+01 3.370331086218357086e+00 -7.700559799792188187e-01
1.279617244005203247e+01 3.492523469030857086e+00 -7.684843247057813187e-01
1.279189997911453247e+01 3.614471711218357086e+00 -7.669126694323438187e-01
1.278759700059890747e+01 3.736419953405857086e+00 -7.653562729479688187e-01
1.278329402208328247e+01 3.858978547155857086e+00 -7.637693588854688187e-01
1.277900630235671997e+01 3.981170929968357086e+00 -7.621977036120313187e-01
1.419485408067703247e+01 3.184173859655857086e+00 -7.708494370104688187e-01
1.419898921251296997e+01 3.320038117468357086e+00 -7.690946762682813187e-01
1.419486933946609497e+01 3.455658234655857086e+00 -7.673551743151563187e-01
1.419073420763015747e+01 3.591888703405857086e+00 -7.656004135729688187e-01
1.418661433458328247e+01 3.727752961218357086e+00 -7.638456528307813187e-01
1.418247920274734497e+01 3.863739289343357086e+00 -7.620908920885938187e-01
1.417832881212234497e+01 4.000335969030857086e+00 -7.603361313464063187e-01
1.416593867540359497e+01 4.135711945593357086e+00 -7.586118881823438187e-01
1.594786006212234497e+01 3.256439484655857086e+00 -7.679655258776563187e-01
1.594412165880203247e+01 3.409271515905857086e+00 -7.659971420885938187e-01
1.594038325548171997e+01 3.562469758093357086e+00 -7.640287582995313187e-01
1.593662959337234497e+01 3.716156281530857086e+00 -7.620451157214063187e-01
1.593287593126296997e+01 3.869598664343357086e+00 -7.600767319323438187e-01
1.592913752794265747e+01 4.023163117468357086e+00 -7.580930893542188187e-01
1.592536860704421997e+01 4.177337922155857086e+00 -7.561094467760938187e-01
1.592159968614578247e+01 4.331268586218357086e+00 -7.541258041979688187e-01
1.820764094591140747e+01 3.349579133093357086e+00 -7.643034165026563187e-01
1.821856623888015747e+01 3.525726594030857086e+00 -7.620145981432813187e-01
1.821560603380203247e+01 3.701629914343357086e+00 -7.597410385729688187e-01
1.821264582872390747e+01 3.878265656530857086e+00 -7.574674790026563187e-01
1.820968562364578247e+01 4.054535187780857086e+00 -7.551939194323438187e-01
1.820671015977859497e+01 4.231048859655857086e+00 -7.529203598620313187e-01
1.820373469591140747e+01 4.408294953405857086e+00 -7.506315415026563187e-01
1.818684321641921997e+01 4.583709992468357086e+00 -7.483884995104688187e-01
2.127168208360671997e+01 3.475799836218357086e+00 -7.594663803698438187e-01
2.127035456895828247e+01 3.681976594030857086e+00 -7.567960922839063187e-01
2.126899653673171997e+01 3.888397492468357086e+00 -7.541410629870313187e-01
2.126762324571609497e+01 4.095917023718357086e+00 -7.514707749010938187e-01
2.126626521348953247e+01 4.302826203405857086e+00 -7.488004868151563187e-01
2.126489192247390747e+01 4.510223664343357086e+00 -7.461149399401563187e-01
2.126351863145828247e+01 4.718475617468357086e+00 -7.434293930651563187e-01
2.126214534044265747e+01 4.926361359655857086e+00 -7.407591049792188187e-01
2.560729914903640747e+01 3.654510773718357086e+00 -7.528135483385938187e-01
2.560942012071609497e+01 3.904144562780857086e+00 -7.495939438464063187e-01
2.563969355821609497e+01 4.155853547155857086e+00 -7.463133041979688187e-01
2.564186030626296997e+01 4.407440461218357086e+00 -7.430784409167188187e-01
2.564402705430984497e+01 4.658539094030857086e+00 -7.398283188464063187e-01
2.564617854356765747e+01 4.910126008093357086e+00 -7.365781967760938187e-01
2.562008601427078247e+01 5.160003937780857086e+00 -7.333891098620313187e-01
2.562214595079421997e+01 5.412201203405857086e+00 -7.301389877917188187e-01
3.232403498888015747e+01 3.931488312780857086e+00 -7.431242172839063187e-01
3.233396846055984497e+01 4.248382844030857086e+00 -7.390348618151563187e-01
3.234393244981765747e+01 4.566009797155857086e+00 -7.349302475573438187e-01
3.235395747423171997e+01 4.885467804968357086e+00 -7.307951157214063187e-01
3.236398249864578247e+01 5.204437531530857086e+00 -7.266752426745313187e-01
3.237412959337234497e+01 5.524139679968357086e+00 -7.225401108385938187e-01
3.238433772325515747e+01 5.845672883093357086e+00 -7.183897202135938187e-01
3.239454585313796997e+01 6.166717804968357086e+00 -7.142545883776563187e-01
4.403892451524734497e+01 4.414398469030857086e+00 -7.281248276354688187e-01
4.407083064317703247e+01 4.849334992468357086e+00 -7.225095932604688187e-01
4.410270625352859497e+01 5.285492219030857086e+00 -7.168638413073438187e-01
4.413474971055984497e+01 5.724579133093357086e+00 -7.111875717760938187e-01
4.416677790880203247e+01 6.163421906530857086e+00 -7.055265610339063187e-01
4.419889765977859497e+01 6.603485383093357086e+00 -6.998350327135938187e-01
4.423123103380203247e+01 7.046478547155857086e+00 -6.940977280260938187e-01
4.444558650255203247e+01 7.509613312780857086e+00 -6.902372543932813187e-01
7.103874140977859497e+01 5.527557648718357086e+00 -7.041227524401563187e-01
7.123123103380203247e+01 6.239959992468357086e+00 -6.954252426745313187e-01
7.136193782091140747e+01 6.953583039343357086e+00 -6.862699692370313187e-01
7.149377375841140747e+01 7.673309601843357086e+00 -6.770384018542188187e-01
7.162586909532546997e+01 8.394378937780857086e+00 -6.677915756823438187e-01
7.184814387559890747e+01 9.127533234655857086e+00 -6.590177719714063187e-01
7.367324763536453247e+01 1.003121975809335709e+01 -6.592161362292188187e-01
7.767834407091140747e+01 1.121347073465585709e+01 -6.709959213854688187e-01
1.070225459337234497e+01 3.750091828405857086e+00 -7.675840561510938187e-01
1.069688349962234497e+01 3.851410187780857086e+00 -7.662870590807813187e-01
1.068693476915359497e+01 3.952240265905857086e+00 -7.649900620104688187e-01
1.067692500352859497e+01 4.053558625280857086e+00 -7.636930649401563187e-01
1.066694575548171997e+01 4.154632844030857086e+00 -7.623960678698438187e-01
1.065696650743484497e+01 4.255829133093357086e+00 -7.610990707995313187e-01
1.064694148302078247e+01 4.357391633093357086e+00 -7.598020737292188187e-01
1.063236933946609497e+01 4.457977570593357086e+00 -7.585203354479688187e-01
1.164387446641921997e+01 3.854950226843357086e+00 -7.651426499010938187e-01
1.163348323106765747e+01 3.965179719030857086e+00 -7.637235825182813187e-01
1.162855464220046997e+01 4.076263703405857086e+00 -7.623045151354688187e-01
1.161810237169265747e+01 4.187103547155857086e+00 -7.608854477526563187e-01
1.160768061876296997e+01 4.297699250280857086e+00 -7.594663803698438187e-01
1.159724360704421997e+01 4.408294953405857086e+00 -7.580473129870313187e-01
1.158129817247390747e+01 4.518646515905857086e+00 -7.566435043932813187e-01
1.157084590196609497e+01 4.629486359655857086e+00 -7.552244370104688187e-01
1.277914363145828247e+01 3.981537140905857086e+00 -7.621977036120313187e-01
1.276832515001296997e+01 4.103119172155857086e+00 -7.606413071276563187e-01
1.275750666856765747e+01 4.224823273718357086e+00 -7.590849106432813187e-01
1.274664241075515747e+01 4.347137726843357086e+00 -7.575132553698438187e-01
1.273579341173171997e+01 4.469085969030857086e+00 -7.559568588854688187e-01
1.272492915391921997e+01 4.591278351843357086e+00 -7.543852036120313187e-01
1.271401911973953247e+01 4.713959015905857086e+00 -7.528135483385938187e-01
1.270313960313796997e+01 4.836395539343357086e+00 -7.512418930651563187e-01
1.416607600450515747e+01 4.136078156530857086e+00 -7.585966293932813187e-01
1.416320735216140747e+01 4.272674836218357086e+00 -7.568418686510938187e-01
1.415205317735671997e+01 4.408417023718357086e+00 -7.551023666979688187e-01
1.414083796739578247e+01 4.544891633093357086e+00 -7.533628647448438187e-01
1.412965327501296997e+01 4.681000031530857086e+00 -7.516081040026563187e-01
1.411845332384109497e+01 4.817352570593357086e+00 -7.498686020495313187e-01
1.410717707872390747e+01 4.954315461218357086e+00 -7.481138413073438187e-01
1.408767634630203247e+01 5.089447297155857086e+00 -7.463895981432813187e-01
1.592178279161453247e+01 4.331756867468357086e+00 -7.541258041979688187e-01
1.591046077013015747e+01 4.485077179968357086e+00 -7.521574204089063187e-01
1.589910823106765747e+01 4.638519562780857086e+00 -7.501890366198438187e-01
1.588770991563796997e+01 4.792694367468357086e+00 -7.482053940417188187e-01
1.587634211778640747e+01 4.946502961218357086e+00 -7.462370102526563187e-01
1.586494380235671997e+01 5.100677765905857086e+00 -7.442686264635938187e-01
1.585349971055984497e+01 5.255584992468357086e+00 -7.422849838854688187e-01
1.584207087755203247e+01 5.410126008093357086e+00 -7.403013413073438187e-01
1.818705683946609497e+01 4.584320344030857086e+00 -7.483884995104688187e-01
1.818983393907546997e+01 4.762054719030857086e+00 -7.460996811510938187e-01
1.817867976427078247e+01 4.938568390905857086e+00 -7.438261215807813187e-01
1.816746455430984497e+01 5.116058625280857086e+00 -7.415525620104688187e-01
1.815627986192703247e+01 5.293182648718357086e+00 -7.392790024401563187e-01
1.814507991075515747e+01 5.470550812780857086e+00 -7.370054428698438187e-01
1.813590937852859497e+01 5.649261750280857086e+00 -7.347776596667188187e-01
1.819251948595046997e+01 5.839691437780857086e+00 -7.348081772448438187e-01
2.126234370470046997e+01 4.927093781530857086e+00 -7.407438461901563187e-01
2.125219660997390747e+01 5.134247101843357086e+00 -7.380888168932813187e-01
2.124201899766921997e+01 5.341888703405857086e+00 -7.354185288073438187e-01
2.123178035020828247e+01 5.550628937780857086e+00 -7.327329819323438187e-01
2.122157222032546997e+01 5.759125031530857086e+00 -7.300474350573438187e-01
2.127784663438796997e+01 5.978851594030857086e+00 -7.289182846667188187e-01
2.138284236192703247e+01 6.209442414343357086e+00 -7.289030258776563187e-01
2.148957759141921997e+01 6.442352570593357086e+00 -7.289030258776563187e-01
2.562234431505203247e+01 5.413055695593357086e+00 -7.301237290026563187e-01
2.561517268419265747e+01 5.664642609655857086e+00 -7.268888657214063187e-01
2.563632136583328247e+01 5.920501984655857086e+00 -7.235624497057813187e-01
2.565722590684890747e+01 6.178436554968357086e+00 -7.208311264635938187e-01
2.581899958848953247e+01 6.458099640905857086e+00 -7.207548325182813187e-01
2.598443537950515747e+01 6.742401398718357086e+00 -7.206937973620313187e-01
2.619000178575515747e+01 7.038788117468357086e+00 -7.219602768542188187e-01
2.658319026231765747e+01 7.373504914343357086e+00 -7.260191147448438187e-01
3.239491206407546997e+01 6.167938508093357086e+00 -7.142393295885938187e-01
3.239616328477859497e+01 6.488861359655857086e+00 -7.101041977526563187e-01
3.260053950548171997e+01 6.837494172155857086e+00 -7.088987534167188187e-01
3.288226252794265747e+01 7.203338898718357086e+00 -7.087309067370313187e-01
3.335018855333328247e+01 7.603241242468357086e+00 -7.111570541979688187e-01
3.401492244005203247e+01 8.045501984655857086e+00 -7.162077133776563187e-01
3.471246272325515747e+01 8.509247101843357086e+00 -7.215177719714063187e-01
3.544282466173171997e+01 8.993255890905857086e+00 -7.271024887682813187e-01
4.444949275255203247e+01 7.511566437780857086e+00 -6.902525131823438187e-01
4.501138240098953247e+01 8.022308625280857086e+00 -6.898557846667188187e-01
4.609168940782546997e+01 8.614105500280857086e+00 -6.944334213854688187e-01
4.744879084825515747e+01 9.270111359655857086e+00 -7.013609116198438187e-01
4.889330989122390747e+01 9.966766633093357086e+00 -7.087614243151563187e-01
5.043269282579421997e+01 1.070968655496835709e+01 -7.166502182604688187e-01
5.210201960802078247e+01 1.150985745340585709e+01 -7.252561752917188187e-01
5.330097895860671997e+01 1.225802639871835709e+01 -7.290861313464063187e-01
7.770844966173171997e+01 1.121945217996835709e+01 -6.711179916979688187e-01
8.233053523302078247e+01 1.255966214090585709e+01 -6.849271957995313187e-01
8.725089961290359497e+01 1.403500393778085709e+01 -6.989347641589063187e-01
8.055943232774734497e+01 1.396725491434335709e+01 -6.521818344714063187e-01
7.144578486680984497e+01 1.339437893778085709e+01 -5.954038803698438187e-01
6.392123347520828247e+01 1.289596585184335709e+01 -5.488645737292188187e-01
5.794200068712234497e+01 1.251425198465585709e+01 -5.116941635729688187e-01
5.333514338731765747e+01 1.226034573465585709e+01 -4.824735825182813187e-01
9.399323970079421997e+01 1.491696194559335709e+01 -3.025419418932813187e-01
8.199063044786453247e+01 1.416464260965585709e+01 -2.826597397448438187e-01
9.611570674180984497e+01 1.909689358621835709e+01 -2.455351059557813187e-01
5.082275325059890747e+01 1.179721096903085709e+01 -2.372343247057813187e-01
8.813052302598953247e+01 1.413864163309335709e+01 1.057374770520311813e-01
7.692092829942703247e+01 1.343991116434335709e+01 7.305315088015618130e-02
6.804507380723953247e+01 1.286740139871835709e+01 4.686906884890618130e-02
6.551098567247390747e+01 1.314474514871835709e+01 4.627397607546868130e-02
5.526541072130203247e+01 1.204428128153085709e+01 1.053789209109368130e-02
5.052502375841140747e+01 1.173910550028085709e+01 -3.545970213593818698e-03
8.910255366563796997e+01 1.426034573465585709e+01 5.208986098645311813e-01
8.199066096544265747e+01 1.415316800028085709e+01 4.729097182629686813e-01
7.298648005723953247e+01 1.361337307840585709e+01 4.055574233410936813e-01
6.551083308458328247e+01 1.313998440653085709e+01 3.492372329114061813e-01
9.615573054552078247e+01 1.908993557840585709e+01 6.454408461926561813e-01
8.857022029161453247e+01 1.868515042215585709e+01 5.895326430676561813e-01
6.194779902696609497e+01 1.255795315653085709e+01 6.014497573254686813e-01
5.617770320177078247e+01 1.219357327371835709e+01 5.315797622082811813e-01
5.140391474962234497e+01 1.189230374246835709e+01 4.750459487317186813e-01
5.481062251329421997e+01 1.210714749246835709e+01 5.291230971692186813e-01
5.003576594591140747e+01 1.180600003153085709e+01 4.726045424817186813e-01
4.456545954942703247e+01 1.146139553934335709e+01 4.619996840832811813e-01
5.051364070177078247e+01 1.211520413309335709e+01 2.808625991223436813e-01
4.598471003770828247e+01 1.188656643778085709e+01 2.477052504895311813e-01
5.378469783067703247e+01 1.204220608621835709e+01 5.868623549817186813e-01
4.799687129259109497e+01 1.167721585184335709e+01 5.167939956067186813e-01
4.321182185411453247e+01 1.137631253153085709e+01 4.601381118176561813e-01
4.392481929063796997e+01 1.142099026590585709e+01 5.098359877942186813e-01
3.913386470079421997e+01 1.112033108621835709e+01 4.529664809582811813e-01
3.998733454942703247e+01 1.144369534403085709e+01 2.304628188489061813e-01
4.835632258653640747e+01 1.169967678934335709e+01 5.759523208020311813e-01
4.255770808458328247e+01 1.133480862528085709e+01 5.056550795910936813e-01
3.776977473497390747e+01 1.103500393778085709e+01 4.489229018567186813e-01
3.983711177110671997e+01 1.116427639871835709e+01 5.017793471692186813e-01
3.504656916856765747e+01 1.086483792215585709e+01 4.448182875989061813e-01
