9.702772736549377441e+00 9.111949764192104340e-01 -7.957730698632019539e-01
9.742521882057189941e+00 1.005189117044210434e+00 -7.957578110741394539e-01
9.778257966041564941e+00 1.100281890481710434e+00 -7.957730698632019539e-01
9.814268708229064941e+00 1.196107085794210434e+00 -7.957730698632019539e-01
9.850325226783752441e+00 1.292054351419210434e+00 -7.957730698632019539e-01
9.886549592018127441e+00 1.388489898294210434e+00 -7.957883286522644539e-01
9.923079133033752441e+00 1.485657867044210434e+00 -7.957883286522644539e-01
9.955305695533752441e+00 1.583436187356710434e+00 -7.958035874413269539e-01
1.055750906467437744e+01 7.660533748567104340e-01 -7.938657212303894539e-01
1.059831106662750244e+01 8.685924373567104340e-01 -7.938657212303894539e-01
1.064434683322906494e+01 9.708873592317104340e-01 -7.938504624413269539e-01
1.068572866916656494e+01 1.074769195169210434e+00 -7.938504624413269539e-01
1.072718679904937744e+01 1.178895171731710434e+00 -7.938504624413269539e-01
1.076885855197906494e+01 1.283509429544210434e+00 -7.938657212303894539e-01
1.080573904514312744e+01 1.389588531106710434e+00 -7.938809800194519539e-01
1.084779226779937744e+01 1.495301421731710434e+00 -7.938809800194519539e-01
1.157615530490875244e+01 5.929576717317104340e-01 -7.916226792382019539e-01
1.162364065647125244e+01 7.048961482942104340e-01 -7.916226792382019539e-01
1.167138540744781494e+01 8.173229061067104340e-01 -7.916074204491394539e-01
1.171955740451812744e+01 9.308482967317104340e-01 -7.916074204491394539e-01
1.176783621311187744e+01 1.044617827981710434e+00 -7.916074204491394539e-01
1.181637442111968994e+01 1.158875640481710434e+00 -7.916074204491394539e-01
1.186535513401031494e+01 1.274232085794210434e+00 -7.915921616600769539e-01
1.191442739963531494e+01 1.389954742044210434e+00 -7.915921616600769539e-01
1.280268728733062744e+01 3.847057186067104340e-01 -7.889218735741394539e-01
1.286616384983062744e+01 5.065318904817104340e-01 -7.888913559960144539e-01
1.292272818088531494e+01 6.303111873567104340e-01 -7.888913559960144539e-01
1.297984182834625244e+01 7.554332576692104340e-01 -7.888760972069519539e-01
1.303709280490875244e+01 8.806773982942104340e-01 -7.888608384178894539e-01
1.309469473361968994e+01 1.006776031106710434e+00 -7.888455796288269539e-01
1.315284597873687744e+01 1.134095367044210434e+00 -7.888303208397644539e-01
1.320353567600250244e+01 1.262513335794210434e+00 -7.888455796288269539e-01
1.432607901096343994e+01 1.259166561067104340e-01 -7.855801987694519539e-01
1.439408743381500244e+01 2.626354061067104340e-01 -7.855649399803894539e-01
1.446261465549468994e+01 4.002086482942104340e-01 -7.855344224022644539e-01
1.453184378147125244e+01 5.392467342317104340e-01 -7.855191636132019539e-01
1.460131704807281494e+01 6.787731014192104340e-01 -7.855039048241394539e-01
1.467124807834625244e+01 8.192760311067104340e-01 -7.854733872460144539e-01
1.474191153049468994e+01 9.611217342317104340e-01 -7.854581284569519539e-01
1.481281912326812744e+01 1.103577788919210434e+00 -7.854428696678894539e-01
1.624883902072906494e+01 -2.006214298307895660e-01 -7.814755845116394539e-01
1.634512197971343994e+01 -4.876596108078956604e-02 -7.814145493553894539e-01
1.643040335178375244e+01 1.062633357942104340e-01 -7.813840317772644539e-01
1.651663076877593994e+01 2.630016170442104340e-01 -7.813382554100769539e-01
1.660323965549468994e+01 4.203502498567104340e-01 -7.812924790428894539e-01
1.669050467014312744e+01 5.790416561067104340e-01 -7.812619614647644539e-01
1.677877676486968994e+01 7.394420467317104340e-01 -7.812161850975769539e-01
1.685499441623687744e+01 9.017955623567104340e-01 -7.812009263085144539e-01
1.877870047092437744e+01 -6.303089298307895660e-01 -7.761044907616394539e-01
1.878794729709625244e+01 -4.387806095182895660e-01 -7.732510972069519539e-01
1.899778616428375244e+01 -2.774036563932895660e-01 -7.759824204491394539e-01
1.910914480686187744e+01 -9.796029701828956604e-02 -7.759213852928894539e-01
1.922112905979156494e+01 8.245962485671043396e-02 -7.758450913475769539e-01
1.933413565158843994e+01 2.644664607942104340e-01 -7.757840561913269539e-01
1.944853079319000244e+01 4.487926326692104340e-01 -7.757230210350769539e-01
1.956359732151031494e+01 6.342174373567104340e-01 -7.756619858788269539e-01
1.945884573459625244e+01 -7.467640079557895660e-01 -7.042661118553894539e-01
2.034936392307281494e+01 -6.886585392057895660e-01 -7.219052720116394539e-01
2.132205069065093994e+01 -6.251819767057895660e-01 -7.406278061913269539e-01
2.239279043674468994e+01 -5.552356876432895660e-01 -7.618070054100769539e-01
2.284054434299468994e+01 -3.848255313932895660e-01 -7.684750962303894539e-01
2.287286245822906494e+01 -1.565540470182895660e-01 -7.656064438866394539e-01
2.312748587131500244e+01 4.840200766921043396e-02 -7.683072495507019539e-01
2.328466665744781494e+01 2.666637264192104340e-01 -7.682004380272644539e-01
1.945347464084625244e+01 -7.470081485807895660e-01 -6.127591538475769539e-01
2.034353506565093994e+01 -6.889026798307895660e-01 -6.263394761132019539e-01
2.131588613986968994e+01 -6.254261173307895660e-01 -6.411862778710144539e-01
2.238616812229156494e+01 -5.557239688932895660e-01 -6.575436997460144539e-01
2.356284964084625244e+01 -4.791858829557895660e-01 -6.755032944725769539e-01
2.486607229709625244e+01 -3.945911563932895660e-01 -6.954160141991394539e-01
2.632240164279937744e+01 -2.999866642057895660e-01 -7.176633286522644539e-01
2.795014822483062744e+01 -1.945179142057895660e-01 -7.425351548241394539e-01
1.962553274631500244e+01 -7.772815860807895660e-01 -5.242886948632019539e-01
2.033813345432281494e+01 -6.892688907682895660e-01 -5.313687729882019539e-01
2.130993521213531494e+01 -6.257923282682895660e-01 -5.418210434960144539e-01
2.237956106662750244e+01 -5.560901798307895660e-01 -5.533414292382019539e-01
2.355546438694000244e+01 -4.796741642057895660e-01 -5.660062241600769539e-01
2.485755789279937744e+01 -3.949573673307895660e-01 -5.800290513085144539e-01
2.631272757053375244e+01 -3.004749454557895660e-01 -5.956998276757019539e-01
2.793916189670562744e+01 -1.951282657682895660e-01 -6.132169175194519539e-01
2.115669119358062744e+01 -8.209827579557895660e-01 -4.436002183007019539e-01
2.262631094455718994e+01 -8.236683048307895660e-01 -4.541135239647644539e-01
2.115118277072906494e+01 -8.213489688932895660e-01 -3.449216294335144539e-01
2.262621939182281494e+01 -8.248890079557895660e-01 -3.487668442772644539e-01
1.861199820041656494e+01 -6.085804142057895660e-01 -2.481503891991394539e-01
1.946490347385406494e+01 -5.534046329557895660e-01 -2.457700181053894539e-01
2.039961111545562744e+01 -4.935901798307895660e-01 -2.436795640038269539e-01
2.142736685276031494e+01 -4.274280704557895660e-01 -2.408414292382019539e-01
2.255668509006500244e+01 -3.549183048307895660e-01 -2.377286362694519539e-01
2.382021963596343994e+01 -2.760608829557895660e-01 -2.342648911522644539e-01
2.524772512912750244e+01 -1.892688907682895660e-01 -2.297635483788269539e-01
2.684438955783843994e+01 -9.197885170578956604e-02 -2.253842759178894539e-01
1.882546865940093994e+01 -6.459339298307895660e-01 -1.602292466210144539e-01
1.969286978244781494e+01 -5.908802188932895660e-01 -1.539121079491394539e-01
2.064091360569000244e+01 -5.308216251432895660e-01 -1.470151352928894539e-01
2.168781912326812744e+01 -4.650257267057895660e-01 -1.394009995507019539e-01
2.283882009983062744e+01 -3.926380313932895660e-01 -1.310391831444519539e-01
2.409982168674468994e+01 -3.107288517057895660e-01 -1.218381333397644539e-01
2.548600637912750244e+01 -2.167347110807895660e-01 -1.116757798241394539e-01
2.703082144260406494e+01 -1.119983829557895660e-01 -1.003384995507019539e-01
1.858575308322906494e+01 -6.062610782682895660e-01 -7.403234720695195392e-02
1.947802603244781494e+01 -5.577991642057895660e-01 -6.406835794913945392e-02
2.045934927463531494e+01 -5.049427188932895660e-01 -5.260900736320195392e-02
2.154774343967437744e+01 -4.467151798307895660e-01 -3.991369486320195392e-02
2.275128042697906494e+01 -3.827503360807895660e-01 -2.586035013663945392e-02
2.409272634983062744e+01 -3.113392032682895660e-01 -1.020483255851445392e-02
2.553806936740875244e+01 -2.239368595182895660e-01 6.778199668048046078e-03
2.705181753635406494e+01 -1.157825626432895660e-01 2.540918111336054608e-02
1.881613028049468994e+01 -6.465442813932895660e-01 1.597924947273554608e-02
1.968258535861968994e+01 -5.916126407682895660e-01 3.010888814461054608e-02
2.059976065158843994e+01 -5.270374454557895660e-01 4.513879537117304608e-02
2.157559072971343994e+01 -4.519642032682895660e-01 6.119104146492304608e-02
2.264108145236968994e+01 -3.698108829557895660e-01 7.872339009773554608e-02
2.381344473361968994e+01 -2.794788517057895660e-01 9.801049947273554608e-02
2.533021414279937744e+01 -2.028186954557895660e-01 1.225466322852355461e-01
2.711535513401031494e+01 -1.237171329557895660e-01 1.513094496680480461e-01
1.860735952854156494e+01 -6.121204532682895660e-01 1.004519057227355461e-01
1.955938589572906494e+01 -5.730579532682895660e-01 1.196016859961730461e-01
2.061373770236968994e+01 -5.303333438932895660e-01 1.412996840430480461e-01
2.114236319065093994e+01 -8.273304142057895660e-01 2.480806899024230461e-01
2.748104727268218994e+01 -1.631458438932895660e-01 4.111818861914855461e-01
2.114227163791656494e+01 -8.285511173307895660e-01 3.471407484961730461e-01
2.212391531467437744e+01 -5.322864688932895660e-01 3.779635024024230461e-01
2.311305105686187744e+01 -4.348743595182895660e-01 4.077791762305480461e-01
2.440249502658843994e+01 -3.540638126432895660e-01 4.462618422461730461e-01
2.584942495822906494e+01 -2.640979923307895660e-01 4.900698256446105461e-01
2.747073233127593994e+01 -1.637561954557895660e-01 5.384707045508605461e-01
1.905212271213531494e+01 -6.909778751432895660e-01 3.765139174414855461e-01
1.992838919162750244e+01 -6.354358829557895660e-01 4.061617445899230461e-01
2.088593924045562744e+01 -5.747669376432895660e-01 4.390596938086730461e-01
2.194380056858062744e+01 -5.083606876432895660e-01 4.754213881446105461e-01
2.310590994358062744e+01 -4.353626407682895660e-01 5.153536391211730461e-01
2.439446890354156494e+01 -3.545520938932895660e-01 5.596346449805480461e-01
9.955565094947814941e+00 1.583802398294210434e+00 -7.958035874413269539e-01
9.980970978736877441e+00 1.682557281106710434e+00 -7.952542710350769539e-01
9.988035798072814941e+00 1.783143218606710434e+00 -7.939420151757019539e-01
9.995131134986877441e+00 1.884095367044210434e+00 -7.926297593163269539e-01
1.000219595432281494e+01 1.984803374856710434e+00 -7.913327622460144539e-01
1.000927603244781494e+01 2.085389312356710434e+00 -7.900205063866394539e-01
1.001637136936187744e+01 2.186341460794210434e+00 -7.887082505272644539e-01
1.001888906955718994e+01 2.287171538919210434e+00 -7.873959946678894539e-01
1.084814321994781494e+01 1.495667632669210434e+00 -7.938809800194519539e-01
1.088468801975250244e+01 1.602357085794210434e+00 -7.938962388085144539e-01
1.092466604709625244e+01 1.709534820169210434e+00 -7.938046860741394539e-01
1.093250906467437744e+01 1.819764312356710434e+00 -7.923703599022644539e-01
1.094032156467437744e+01 1.929749663919210434e+00 -7.909512925194519539e-01
1.094813406467437744e+01 2.039735015481710434e+00 -7.895169663475769539e-01
1.095052969455718994e+01 2.150330718606710434e+00 -7.880826401757019539e-01
1.095834219455718994e+01 2.260316070169210434e+00 -7.866635727928894539e-01
1.191482412815093994e+01 1.390320952981710434e+00 -7.916074204491394539e-01
1.195809805393218994e+01 1.507142242044210434e+00 -7.916226792382019539e-01
1.200163137912750244e+01 1.624695952981710434e+00 -7.916226792382019539e-01
1.204556143283843994e+01 1.743470367044210434e+00 -7.916379380272644539e-01
1.206400930881500244e+01 1.863953765481710434e+00 -7.904935288475769539e-01
1.207272207736968994e+01 1.985047515481710434e+00 -7.889218735741394539e-01
1.208145010471343994e+01 2.106629546731710434e+00 -7.873502183007019539e-01
1.209016287326812744e+01 2.227845367044210434e+00 -7.857633042382019539e-01
1.320399343967437744e+01 1.263001617044210434e+00 -7.888455796288269539e-01
1.326383841037750244e+01 1.391297515481710434e+00 -7.888303208397644539e-01
1.331640493869781494e+01 1.521302398294210434e+00 -7.888303208397644539e-01
1.336949026584625244e+01 1.652527984231710434e+00 -7.888455796288269539e-01
1.342274343967437744e+01 1.784241851419210434e+00 -7.888455796288269539e-01
1.346020376682281494e+01 1.917664702981710434e+00 -7.881894516991394539e-01
1.347006094455718994e+01 2.053040679544210434e+00 -7.864346909569519539e-01
1.347166311740875244e+01 2.188294585794210434e+00 -7.846951890038269539e-01
1.481330740451812744e+01 1.104066070169210434e+00 -7.854428696678894539e-01
1.487783682346343994e+01 1.248109038919210434e+00 -7.854428696678894539e-01
1.494283926486968994e+01 1.393372710794210434e+00 -7.854276108788269539e-01
1.500854361057281494e+01 1.540101226419210434e+00 -7.854276108788269539e-01
1.507452261447906494e+01 1.687440093606710434e+00 -7.854123520897644539e-01
1.514098989963531494e+01 1.835877593606710434e+00 -7.854123520897644539e-01
1.520684683322906494e+01 1.986024077981710434e+00 -7.853513169335144539e-01
1.521815359592437744e+01 2.138245757669210434e+00 -7.833829331444519539e-01
1.685543692111968994e+01 9.024059139192104340e-01 -7.812161850975769539e-01
1.694993460178375244e+01 1.064271148294210434e+00 -7.811551499413269539e-01
1.703269827365875244e+01 1.228821929544210434e+00 -7.811398911522644539e-01
1.711645376682281494e+01 1.395447906106710434e+00 -7.811093735741394539e-01
1.720063650608062744e+01 1.562806304544210434e+00 -7.810788559960144539e-01
1.728552114963531494e+01 1.731507476419210434e+00 -7.810483384178894539e-01
1.737145864963531494e+01 1.902405913919210434e+00 -7.810330796288269539e-01
1.744456350803375244e+01 2.074402984231710434e+00 -7.810330796288269539e-01
1.956423819065093994e+01 6.348277889192104340e-01 -7.756619858788269539e-01
1.967275869846343994e+01 8.228160701692104340e-01 -7.756162095116394539e-01
1.978233206272125244e+01 1.012513335794210434e+00 -7.755551743553894539e-01
1.989338552951812744e+01 1.204774077981710434e+00 -7.755093979882019539e-01
2.000518667697906494e+01 1.398255523294210434e+00 -7.754636216210144539e-01
2.011810171604156494e+01 1.593812163919210434e+00 -7.754025864647644539e-01
2.023252737522125244e+01 1.791810210794210434e+00 -7.753568100975769539e-01
2.034771597385406494e+01 1.991273101419210434e+00 -7.752957749413269539e-01
2.328564321994781494e+01 2.673961482942104340e-01 -7.682004380272644539e-01
2.343681204319000244e+01 4.888316951692104340e-01 -7.681088852928894539e-01
2.361407339572906494e+01 7.109996639192104340e-01 -7.679715561913269539e-01
2.376968252658843994e+01 9.387828670442104340e-01 -7.678647446678894539e-01
2.392658865451812744e+01 1.168397124856710434e+00 -7.677731919335144539e-01
2.408537161350250244e+01 1.400818999856710434e+00 -7.676816391991394539e-01
2.422103750705718994e+01 1.637757476419210434e+00 -7.676206040428894539e-01
2.438334524631500244e+01 1.875550445169210434e+00 -7.675137925194519539e-01
2.796157705783843994e+01 -1.946399845182895660e-01 -7.427182602928894539e-01
2.902780020236968994e+01 -7.139984518289566040e-03 -7.573819565819519539e-01
2.910388052463531494e+01 2.789928279817104340e-01 -7.544980454491394539e-01
2.949394094944000244e+01 5.458385311067104340e-01 -7.570157456444519539e-01
2.973179495334625244e+01 8.280650936067104340e-01 -7.568326401757019539e-01
2.997318899631500244e+01 1.114442046731710434e+00 -7.566342759178894539e-01
3.021905386447906494e+01 1.406068023294210434e+00 -7.564511704491394539e-01
3.046844351291656494e+01 1.701111968606710434e+00 -7.562680649803894539e-01
2.795068228244781494e+01 -1.952503360807895660e-01 -6.133542466210144539e-01
2.978838980197906494e+01 -7.623178139328956604e-02 -6.331906724022644539e-01
3.188145315647125244e+01 5.926626548171043396e-02 -6.557889390038269539e-01
3.429540884494781494e+01 2.153941951692104340e-01 -6.818662095116394539e-01
3.708862173557281494e+01 3.963023982942104340e-01 -7.120175766991394539e-01
3.974621450901031494e+01 6.391002498567104340e-01 -7.397275376366394539e-01
4.017687857151031494e+01 1.021424468606710434e+00 -7.393765854882019539e-01
4.061494314670562744e+01 1.410340484231710434e+00 -7.390256333397644539e-01
3.086648428440093994e+01 -1.735218204557895660e-01 -5.039029526757019539e-01
3.186691153049468994e+01 5.841177329421043396e-02 -5.078244614647644539e-01
3.427818167209625244e+01 2.145397029817104340e-01 -5.228085923241394539e-01
3.706782400608062744e+01 3.952037654817104340e-01 -5.401425766991394539e-01
4.035656607151031494e+01 6.069957576692104340e-01 -5.606046128319519539e-01
4.430343496799468994e+01 8.600475154817104340e-01 -5.851712632225769539e-01
4.908546316623687744e+01 1.166077788919210434e+00 -6.149564194725769539e-01
3.163365042209625244e+01 -2.433460392057895660e-01 -3.642850327538269539e-01
3.615829336643218994e+01 8.355825766921043396e-02 -3.713345933007019539e-01
3.916226065158843994e+01 2.703258357942104340e-01 -3.764310288475769539e-01
4.664303457736968994e+01 7.670299373567104340e-01 -3.886685776757019539e-01
5.265325796604156494e+01 1.060975249856710434e+00 -3.999295640038269539e-01
2.685592520236968994e+01 -9.222299233078956604e-02 -2.253537583397644539e-01
2.867240774631500244e+01 1.739614829421043396e-02 -2.201505112694519539e-01
3.073997366428375244e+01 1.432506404817104340e-01 -2.149777817772644539e-01
3.313430655002593994e+01 2.887584529817104340e-01 -2.081723618553894539e-01
3.590850698947906494e+01 4.585582576692104340e-01 -2.002530503319519539e-01
3.918195974826812744e+01 6.591197811067104340e-01 -1.909299302147644539e-01
4.311897146701812744e+01 9.002086482942104340e-01 -1.786313462303894539e-01
4.788918936252593994e+01 1.194153960794210434e+00 -1.648984360741394539e-01
2.704194509983062744e+01 -1.121204532682895660e-01 -1.002774643944519539e-01
2.878512442111968994e+01 5.555327981710433960e-03 -8.717016458976445392e-02
3.076251089572906494e+01 1.395885311067104340e-01 -7.230810404288945392e-02
3.303256094455718994e+01 2.937633357942104340e-01 -5.524877787101445392e-02
3.586837637424468994e+01 4.586803279817104340e-01 -3.428320169913945392e-02
3.927303946018218994e+01 6.521617732942104340e-01 -9.167234902264453922e-03
4.338058340549468994e+01 8.873912654817104340e-01 2.115197896492304608e-02
4.807105886936187744e+01 1.185975249856710434e+00 5.615564107429804608e-02
2.705160391330718994e+01 -1.148060001432895660e-01 2.542443990242304608e-02
2.896867239475250244e+01 -1.238900795578956604e-02 4.754968404304804608e-02
3.092225515842437744e+01 1.250621639192104340e-01 7.120080708992304608e-02
3.313172781467437744e+01 2.849742732942104340e-01 9.799524068367304608e-02
3.584272634983062744e+01 4.580699764192104340e-01 1.305880141211730461e-01
3.947820913791656494e+01 6.398326717317104340e-01 1.736635756446105461e-01
4.664256155490875244e+01 7.583629451692104340e-01 2.555117201758605461e-01
5.265275442600250244e+01 1.050965484231710434e+00 3.278994154883605461e-01
2.712834036350250244e+01 -1.239612735807895660e-01 1.515078139258605461e-01
3.163326895236968994e+01 -2.510364688932895660e-01 2.211794447852355461e-01
3.615783560276031494e+01 7.464712485671043396e-02 2.967562270117980461e-01
3.916175711154937744e+01 2.605602107942104340e-01 3.465456557227355461e-01
4.391303884983062744e+01 8.613902889192104340e-01 4.291109633399230461e-01
4.869326651096343994e+01 1.161927398294210434e+00 5.084108900977355461e-01
3.163317739963531494e+01 -2.529895938932895660e-01 3.671297621680480461e-01
3.384974539279937744e+01 2.313854061067104340e-01 4.181551527930480461e-01
3.664982473850250244e+01 4.060680232942104340e-01 4.773439955664855461e-01
3.994209158420562744e+01 6.122447811067104340e-01 5.469545912696105461e-01
2.749275076389312744e+01 -1.633899845182895660e-01 4.114718031836730461e-01
2.932778799533843994e+01 -4.974252358078956604e-02 4.586519789649230461e-01
3.142089712619781494e+01 8.001821860671043396e-02 5.124697279883605461e-01
3.383383047580718994e+01 2.304088436067104340e-01 5.745272231055480461e-01
2.748242056369781494e+01 -1.640003360807895660e-01 5.388063979102355461e-01
1.001890432834625244e+01 2.287537749856710434e+00 -7.873959946678894539e-01
1.002490103244781494e+01 2.388245757669210434e+00 -7.860837388085144539e-01
1.002630484104156494e+01 2.489197906106710434e+00 -7.847867417382019539e-01
1.002773916721343994e+01 2.590394195169210434e+00 -7.834744858788269539e-01
1.002915823459625244e+01 2.691468413919210434e+00 -7.821622300194519539e-01
1.003057730197906494e+01 2.792420562356710434e+00 -7.808652329491394539e-01
1.003199636936187744e+01 2.893860992044210434e+00 -7.795529770897644539e-01
1.002883780002593994e+01 2.994813140481710434e+00 -7.782559800194519539e-01
1.095837271213531494e+01 2.260682281106710434e+00 -7.866483140038269539e-01
1.096014273166656494e+01 2.370789702981710434e+00 -7.852292466210144539e-01
1.096739065647125244e+01 2.481019195169210434e+00 -7.837949204491394539e-01
1.096916067600250244e+01 2.591614898294210434e+00 -7.823605942772644539e-01
1.097093069553375244e+01 2.702088531106710434e+00 -7.809415268944519539e-01
1.097270071506500244e+01 2.812440093606710434e+00 -7.795072007225769539e-01
1.096899282932281494e+01 2.923157867044210434e+00 -7.780881333397644539e-01
1.097076284885406494e+01 3.033631499856710434e+00 -7.766538071678894539e-01
1.209016287326812744e+01 2.228333648294210434e+00 -7.857633042382019539e-01
1.209239065647125244e+01 2.349671538919210434e+00 -7.841916489647644539e-01
1.209461843967437744e+01 2.471131499856710434e+00 -7.826199936913269539e-01
1.209686148166656494e+01 2.593079742044210434e+00 -7.810483384178894539e-01
1.209910452365875244e+01 2.714783843606710434e+00 -7.794766831444519539e-01
1.210134756565093994e+01 2.836365874856710434e+00 -7.779050278710144539e-01
1.210359060764312744e+01 2.958558257669210434e+00 -7.763181138085144539e-01
1.210583364963531494e+01 3.080262359231710434e+00 -7.747464585350769539e-01
1.347158682346343994e+01 2.188782867044210434e+00 -7.846799302147644539e-01
1.348267996311187744e+01 2.323792632669210434e+00 -7.829251694725769539e-01
1.348554861545562744e+01 2.459046538919210434e+00 -7.811704087303894539e-01
1.348843252658843994e+01 2.594910796731710434e+00 -7.794156479882019539e-01
1.349130117893218994e+01 2.730408843606710434e+00 -7.776608872460144539e-01
1.349418509006500244e+01 2.865906890481710434e+00 -7.759061265038269539e-01
1.349706900119781494e+01 3.002015288919210434e+00 -7.741513657616394539e-01
1.349168264865875244e+01 3.137391265481710434e+00 -7.724118638085144539e-01
1.521804678440093994e+01 2.138734038919210434e+00 -7.833676743553894539e-01
1.522184622287750244e+01 2.291321929544210434e+00 -7.813992905663269539e-01
1.522564566135406494e+01 2.443909820169210434e+00 -7.794156479882019539e-01
1.522946035861968994e+01 2.597230132669210434e+00 -7.774472641991394539e-01
1.523327505588531494e+01 2.750062163919210434e+00 -7.754636216210144539e-01
1.523707449436187744e+01 2.902894195169210434e+00 -7.734952378319519539e-01
1.524090445041656494e+01 3.056458648294210434e+00 -7.715115952538269539e-01
1.524470388889312744e+01 3.209534820169210434e+00 -7.695279526757019539e-01
1.744505178928375244e+01 2.075013335794210434e+00 -7.810330796288269539e-01
1.748718130588531494e+01 2.249085601419210434e+00 -7.794614243553894539e-01
1.749235403537750244e+01 2.424256499856710434e+00 -7.772031235741394539e-01
1.749755728244781494e+01 2.600159820169210434e+00 -7.749295640038269539e-01
1.750273001194000244e+01 2.775574859231710434e+00 -7.726560044335144539e-01
1.750790274143218994e+01 2.951111968606710434e+00 -7.703824448632019539e-01
1.751312124729156494e+01 3.127381499856710434e+00 -7.681088852928894539e-01
1.750442373752593994e+01 3.302674468606710434e+00 -7.658505845116394539e-01
2.034841787815093994e+01 1.991883452981710434e+00 -7.753110337303894539e-01
2.045657217502593994e+01 2.193665679544210434e+00 -7.752805161522644539e-01
2.053140127658843994e+01 2.397767242044210434e+00 -7.743497300194519539e-01
2.053881704807281494e+01 2.604066070169210434e+00 -7.716947007225769539e-01
2.054620230197906494e+01 2.809876617044210434e+00 -7.690244126366394539e-01
2.055358755588531494e+01 3.015809234231710434e+00 -7.663693833397644539e-01
2.056103384494781494e+01 3.222596343606710434e+00 -7.636838364647644539e-01
2.056843435764312744e+01 3.428895171731710434e+00 -7.610135483788269539e-01
2.438438284397125244e+01 1.876404937356710434e+00 -7.675290513085144539e-01
2.454025137424468994e+01 2.117371734231710434e+00 -7.674527573632019539e-01
2.472471487522125244e+01 2.361268218606710434e+00 -7.673154282616394539e-01
2.488546621799468994e+01 2.609681304544210434e+00 -7.672238755272644539e-01
2.489817678928375244e+01 2.858826812356710434e+00 -7.640195298241394539e-01
2.490942251682281494e+01 3.108216460794210434e+00 -7.607999253319519539e-01
2.489263784885406494e+01 3.357850249856710434e+00 -7.575955796288269539e-01
2.490386831760406494e+01 3.607361968606710434e+00 -7.543759751366394539e-01
3.047001516819000244e+01 1.702088531106710434e+00 -7.562680649803894539e-01
3.071560537815093994e+01 2.002137359231710434e+00 -7.561002183007019539e-01
3.096522390842437744e+01 2.306946929544210434e+00 -7.559323716210144539e-01
3.121990835666656494e+01 2.617860015481710434e+00 -7.557645249413269539e-01
3.147799551486968994e+01 2.932923492044210434e+00 -7.555814194725769539e-01
3.158309805393218994e+01 3.249818023294210434e+00 -7.528958725975769539e-01
3.160194265842437744e+01 3.567322906106710434e+00 -7.487912583397644539e-01
3.162074148654937744e+01 3.884095367044210434e+00 -7.446866440819519539e-01
4.061768972873687744e+01 1.411683257669210434e+00 -7.390408921288269539e-01
4.106030142307281494e+01 1.809022124856710434e+00 -7.386746811913269539e-01
4.151270925998687744e+01 2.215150054544210434e+00 -7.383237290428894539e-01
4.197683584690093994e+01 2.631776031106710434e+00 -7.379575181053894539e-01
4.245127737522125244e+01 3.056458648294210434e+00 -7.375913071678894539e-01
4.293826162815093994e+01 3.490906890481710434e+00 -7.372403550194519539e-01
4.329803335666656494e+01 3.932557281106710434e+00 -7.353024888085144539e-01
4.333546316623687744e+01 4.366639312356710434e+00 -7.296872544335144539e-01
4.912049734592437744e+01 1.166688140481710434e+00 -6.151853013085144539e-01
5.507943594455718994e+01 1.546448882669210434e+00 -6.522336411522644539e-01
6.272650015354156494e+01 2.030335601419210434e+00 -6.998105454491394539e-01
6.512121450901031494e+01 2.661805327981710434e+00 -7.080045151757019539e-01
6.633503592014312744e+01 3.325379546731710434e+00 -7.073636460350769539e-01
6.761109793186187744e+01 4.014466460794210434e+00 -7.067990708397644539e-01
6.894195425510406494e+01 4.733216460794210434e+00 -7.062192368553894539e-01
7.032531607151031494e+01 5.478455718606710434e+00 -7.056394028710144539e-01
5.265296804904937744e+01 1.062806304544210434e+00 -3.998990464257019539e-01
5.865663015842437744e+01 1.476380523294210434e+00 -4.092526841210144539e-01
6.618401968479156494e+01 1.996522124856710434e+00 -4.209409165428894539e-01
7.668969595432281494e+01 2.673157867044210434e+00 -4.379544663475769539e-01
8.727786123752593994e+01 3.557923492044210434e+00 -4.522519516991394539e-01
4.792541372776031494e+01 1.194764312356710434e+00 -1.648221421288269539e-01
5.388249075412750244e+01 1.561829742044210434e+00 -1.472287583397644539e-01
6.150794851779937744e+01 2.033021148294210434e+00 -1.262021470116394539e-01
7.161056387424468994e+01 2.661683257669210434e+00 -9.653906107413945392e-02
8.558813345432281494e+01 3.533265288919210434e+00 -5.546240091788945392e-02
4.807081472873687744e+01 1.187562163919210434e+00 5.618615865242304608e-02
5.389982473850250244e+01 1.558045562356710434e+00 1.002840590430480461e-01
6.082510244846343994e+01 2.035096343606710434e+00 1.532015395117980461e-01
7.819885122776031494e+01 2.665223296731710434e+00 2.779879164649230461e-01
9.321227896213531494e+01 3.612977202981710434e+00 3.914827895117980461e-01
5.265247976779937744e+01 1.052796538919210434e+00 3.279299330664855461e-01
5.865614187717437744e+01 1.465272124856710434e+00 4.000277113867980461e-01
6.231246817111968994e+01 2.018006499856710434e+00 4.489626479102355461e-01
7.242889273166656494e+01 2.653504546731710434e+00 5.717806410742980461e-01
4.872949087619781494e+01 1.162537749856710434e+00 5.089907240821105461e-01
5.467046988010406494e+01 1.536683257669210434e+00 6.085238051367980461e-01
1.002874624729156494e+01 2.995179351419210434e+00 -7.782407212303894539e-01
1.002906668186187744e+01 3.096253570169210434e+00 -7.769284653710144539e-01
1.002480947971343994e+01 3.197205718606710434e+00 -7.756314683007019539e-01
1.002053701877593994e+01 3.298646148294210434e+00 -7.743344712303894539e-01
1.001626455783843994e+01 3.399720367044210434e+00 -7.730374741600769539e-01
1.001200735569000244e+01 3.500916656106710434e+00 -7.717252183007019539e-01
1.000771963596343994e+01 3.602601226419210434e+00 -7.704282212303894539e-01
9.998869538307189941e+00 3.703431304544210434e+00 -7.691312241600769539e-01
1.097065603733062744e+01 3.033997710794210434e+00 -7.766538071678894539e-01
1.096635305881500244e+01 3.144227202981710434e+00 -7.752347397850769539e-01
1.096752798557281494e+01 3.254944976419210434e+00 -7.738004136132019539e-01
1.096320974826812744e+01 3.365784820169210434e+00 -7.723660874413269539e-01
1.095890676975250244e+01 3.476380523294210434e+00 -7.709470200585144539e-01
1.095458853244781494e+01 3.586976226419210434e+00 -7.695279526757019539e-01
1.094479238986968994e+01 3.697571929544210434e+00 -7.681088852928894539e-01
1.094047415256500244e+01 3.808289702981710434e+00 -7.666898179100769539e-01
1.210571157932281494e+01 3.080750640481710434e+00 -7.747464585350769539e-01
1.210145437717437744e+01 3.202332671731710434e+00 -7.731748032616394539e-01
1.209718191623687744e+01 3.324036773294210434e+00 -7.716031479882019539e-01
1.209289419651031494e+01 3.446229156106710434e+00 -7.700314927147644539e-01
1.208862173557281494e+01 3.568177398294210434e+00 -7.684598374413269539e-01
1.208431875705718994e+01 3.690125640481710434e+00 -7.669034409569519539e-01
1.208001577854156494e+01 3.812684234231710434e+00 -7.653165268944519539e-01
1.207572805881500244e+01 3.934876617044210434e+00 -7.637448716210144539e-01
1.349157583713531494e+01 3.137879546731710434e+00 -7.723966050194519539e-01
1.349571096897125244e+01 3.273743804544210434e+00 -7.706418442772644539e-01
1.349159109592437744e+01 3.409363921731710434e+00 -7.689023423241394539e-01
1.348745596408843994e+01 3.545594390481710434e+00 -7.671475815819519539e-01
1.348333609104156494e+01 3.681458648294210434e+00 -7.653928208397644539e-01
1.347920095920562744e+01 3.817444976419210434e+00 -7.636380600975769539e-01
1.347505056858062744e+01 3.954041656106710434e+00 -7.618832993553894539e-01
1.346266043186187744e+01 4.089417632669210434e+00 -7.601590561913269539e-01
1.524458181858062744e+01 3.210145171731710434e+00 -7.695126938866394539e-01
1.524084341526031494e+01 3.362977202981710434e+00 -7.675443100975769539e-01
1.523710501194000244e+01 3.516175445169210434e+00 -7.655759263085144539e-01
1.523335134983062744e+01 3.669861968606710434e+00 -7.635922837303894539e-01
1.522959768772125244e+01 3.823304351419210434e+00 -7.616238999413269539e-01
1.522585928440093994e+01 3.976868804544210434e+00 -7.596402573632019539e-01
1.522209036350250244e+01 4.131043609231710434e+00 -7.576566147850769539e-01
1.521832144260406494e+01 4.284974273294210434e+00 -7.556729722069519539e-01
1.750436270236968994e+01 3.303284820169210434e+00 -7.658505845116394539e-01
1.751528799533843994e+01 3.479432281106710434e+00 -7.635617661522644539e-01
1.751232779026031494e+01 3.655335601419210434e+00 -7.612882065819519539e-01
1.750936758518218994e+01 3.831971343606710434e+00 -7.590146470116394539e-01
1.750640738010406494e+01 4.008240874856710434e+00 -7.567410874413269539e-01
1.750343191623687744e+01 4.184754546731710434e+00 -7.544675278710144539e-01
1.750045645236968994e+01 4.362000640481710434e+00 -7.521787095116394539e-01
1.748356497287750244e+01 4.537415679544210434e+00 -7.499356675194519539e-01
2.056840384006500244e+01 3.429505523294210434e+00 -7.610135483788269539e-01
2.056707632541656494e+01 3.635682281106710434e+00 -7.583432602928894539e-01
2.056571829319000244e+01 3.842103179544210434e+00 -7.556882309960144539e-01
2.056434500217437744e+01 4.049622710794210434e+00 -7.530179429100769539e-01
2.056298696994781494e+01 4.256531890481710434e+00 -7.503476548241394539e-01
2.056161367893218994e+01 4.463929351419210434e+00 -7.476621079491394539e-01
2.056024038791656494e+01 4.672181304544210434e+00 -7.449765610741394539e-01
2.055886709690093994e+01 4.880067046731710434e+00 -7.423062729882019539e-01
2.490402090549468994e+01 3.608216460794210434e+00 -7.543607163475769539e-01
2.490614187717437744e+01 3.857850249856710434e+00 -7.511411118553894539e-01
2.493641531467437744e+01 4.109559234231710434e+00 -7.478604722069519539e-01
2.493858206272125244e+01 4.361146148294210434e+00 -7.446256089257019539e-01
2.494074881076812744e+01 4.612244781106710434e+00 -7.413754868553894539e-01
2.494290030002593994e+01 4.863831695169210434e+00 -7.381253647850769539e-01
2.491680777072906494e+01 5.113709624856710434e+00 -7.349362778710144539e-01
2.491886770725250244e+01 5.365906890481710434e+00 -7.316861558007019539e-01
3.162075674533843994e+01 3.885193999856710434e+00 -7.446713852928894539e-01
3.163069021701812744e+01 4.202088531106710434e+00 -7.405820298241394539e-01
3.164065420627593994e+01 4.519715484231710434e+00 -7.364774155663269539e-01
3.165067923069000244e+01 4.839173492044210434e+00 -7.323422837303894539e-01
3.166070425510406494e+01 5.158143218606710434e+00 -7.282224106835144539e-01
3.167085134983062744e+01 5.477845367044210434e+00 -7.240872788475769539e-01
3.168105947971343994e+01 5.799378570169210434e+00 -7.199368882225769539e-01
3.169126760959625244e+01 6.120423492044210434e+00 -7.158017563866394539e-01
4.333564627170562744e+01 4.368104156106710434e+00 -7.296719956444519539e-01
4.336755239963531494e+01 4.803040679544210434e+00 -7.240567612694519539e-01
4.339942800998687744e+01 5.239197906106710434e+00 -7.184110093163269539e-01
4.343147146701812744e+01 5.678284820169210434e+00 -7.127347397850769539e-01
4.346349966526031494e+01 6.117127593606710434e+00 -7.070737290428894539e-01
4.349561941623687744e+01 6.557191070169210434e+00 -7.013822007225769539e-01
4.352795279026031494e+01 7.000184234231710434e+00 -6.956448960350769539e-01
4.374230825901031494e+01 7.463318999856710434e+00 -6.917844224022644539e-01
7.033546316623687744e+01 5.481263335794210434e+00 -7.056699204491394539e-01
7.052795279026031494e+01 6.193665679544210434e+00 -6.969724106835144539e-01
7.065865957736968994e+01 6.907288726419210434e+00 -6.878171372460144539e-01
7.079049551486968994e+01 7.627015288919210434e+00 -6.785855698632019539e-01
7.092259085178375244e+01 8.348084624856710434e+00 -6.693387436913269539e-01
7.114486563205718994e+01 9.081238921731710434e+00 -6.605649399803894539e-01
7.296996939182281494e+01 9.984925445169210434e+00 -6.607633042382019539e-01
7.697506582736968994e+01 1.116717642173171043e+01 -6.725430893944519539e-01
9.998976349830627441e+00 3.703797515481710434e+00 -7.691312241600769539e-01
9.993605256080627441e+00 3.805115874856710434e+00 -7.678342270897644539e-01
9.983656525611877441e+00 3.905945952981710434e+00 -7.665372300194519539e-01
9.973646759986877441e+00 4.007264312356710434e+00 -7.652402329491394539e-01
9.963667511940002441e+00 4.108338531106710434e+00 -7.639432358788269539e-01
9.953688263893127441e+00 4.209534820169210434e+00 -7.626462388085144539e-01
9.943663239479064941e+00 4.311097320169210434e+00 -7.613492417382019539e-01
9.929091095924377441e+00 4.411683257669210434e+00 -7.600675034569519539e-01
1.094059622287750244e+01 3.808655913919210434e+00 -7.666898179100769539e-01
1.093020498752593994e+01 3.918885406106710434e+00 -7.652707505272644539e-01
1.092527639865875244e+01 4.029969390481710434e+00 -7.638516831444519539e-01
1.091482412815093994e+01 4.140809234231710434e+00 -7.624326157616394539e-01
1.090440237522125244e+01 4.251404937356710434e+00 -7.610135483788269539e-01
1.089396536350250244e+01 4.362000640481710434e+00 -7.595944809960144539e-01
1.087801992893218994e+01 4.472352202981710434e+00 -7.581906724022644539e-01
1.086756765842437744e+01 4.583192046731710434e+00 -7.567716050194519539e-01
1.207586538791656494e+01 3.935242827981710434e+00 -7.637448716210144539e-01
1.206504690647125244e+01 4.056824859231710434e+00 -7.621884751366394539e-01
1.205422842502593994e+01 4.178528960794210434e+00 -7.606320786522644539e-01
1.204336416721343994e+01 4.300843413919210434e+00 -7.590604233788269539e-01
1.203251516819000244e+01 4.422791656106710434e+00 -7.575040268944519539e-01
1.202165091037750244e+01 4.544984038919210434e+00 -7.559323716210144539e-01
1.201074087619781494e+01 4.667664702981710434e+00 -7.543607163475769539e-01
1.199986135959625244e+01 4.790101226419210434e+00 -7.527890610741394539e-01
1.346279776096343994e+01 4.089783843606710434e+00 -7.601437974022644539e-01
1.345992910861968994e+01 4.226380523294210434e+00 -7.583890366600769539e-01
1.344877493381500244e+01 4.362122710794210434e+00 -7.566495347069519539e-01
1.343755972385406494e+01 4.498597320169210434e+00 -7.549100327538269539e-01
1.342637503147125244e+01 4.634705718606710434e+00 -7.531552720116394539e-01
1.341517508029937744e+01 4.771058257669210434e+00 -7.514157700585144539e-01
1.340389883518218994e+01 4.908021148294210434e+00 -7.496610093163269539e-01
1.338439810276031494e+01 5.043152984231710434e+00 -7.479367661522644539e-01
1.521850454807281494e+01 4.285462554544210434e+00 -7.556729722069519539e-01
1.520718252658843994e+01 4.438782867044210434e+00 -7.537045884178894539e-01
1.519582998752593994e+01 4.592225249856710434e+00 -7.517362046288269539e-01
1.518443167209625244e+01 4.746400054544210434e+00 -7.497525620507019539e-01
1.517306387424468994e+01 4.900208648294210434e+00 -7.477841782616394539e-01
1.516166555881500244e+01 5.054383452981710434e+00 -7.458157944725769539e-01
1.515022146701812744e+01 5.209290679544210434e+00 -7.438321518944519539e-01
1.513879263401031494e+01 5.363831695169210434e+00 -7.418485093163269539e-01
1.748377859592437744e+01 4.538026031106710434e+00 -7.499356675194519539e-01
1.748655569553375244e+01 4.715760406106710434e+00 -7.476468491600769539e-01
1.747540152072906494e+01 4.892274077981710434e+00 -7.453732895897644539e-01
1.746418631076812744e+01 5.069764312356710434e+00 -7.430997300194519539e-01
1.745300161838531494e+01 5.246888335794210434e+00 -7.408261704491394539e-01
1.744180166721343994e+01 5.424256499856710434e+00 -7.385526108788269539e-01
1.743263113498687744e+01 5.602967437356710434e+00 -7.363248276757019539e-01
1.748924124240875244e+01 5.793397124856710434e+00 -7.363553452538269539e-01
2.055906546115875244e+01 4.880799468606710434e+00 -7.422910141991394539e-01
2.054891836643218994e+01 5.087952788919210434e+00 -7.396359849022644539e-01
2.053874075412750244e+01 5.295594390481710434e+00 -7.369656968163269539e-01
2.052850210666656494e+01 5.504334624856710434e+00 -7.342801499413269539e-01
2.051829397678375244e+01 5.712830718606710434e+00 -7.315946030663269539e-01
2.057456839084625244e+01 5.932557281106710434e+00 -7.304654526757019539e-01
2.067956411838531494e+01 6.163148101419210434e+00 -7.304501938866394539e-01
2.078629934787750244e+01 6.396058257669210434e+00 -7.304501938866394539e-01
2.491906607151031494e+01 5.366761382669210434e+00 -7.316708970116394539e-01
2.491189444065093994e+01 5.618348296731710434e+00 -7.284360337303894539e-01
2.493304312229156494e+01 5.874207671731710434e+00 -7.251096177147644539e-01
2.495394766330718994e+01 6.132142242044210434e+00 -7.223782944725769539e-01
2.511572134494781494e+01 6.411805327981710434e+00 -7.223020005272644539e-01
2.528115713596343994e+01 6.696107085794210434e+00 -7.222409653710144539e-01
2.548672354221343994e+01 6.992493804544210434e+00 -7.235074448632019539e-01
2.587991201877593994e+01 7.327210601419210434e+00 -7.275662827538269539e-01
3.169163382053375244e+01 6.121644195169210434e+00 -7.157864975975769539e-01
3.169288504123687744e+01 6.442567046731710434e+00 -7.116513657616394539e-01
3.189726126194000244e+01 6.791199859231710434e+00 -7.104459214257019539e-01
3.217898428440093994e+01 7.157044585794210434e+00 -7.102780747460144539e-01
3.264691030979156494e+01 7.556946929544210434e+00 -7.127042222069519539e-01
3.331164419651031494e+01 7.999207671731710434e+00 -7.177548813866394539e-01
3.400918447971343994e+01 8.462952788919210434e+00 -7.230649399803894539e-01
3.473954641819000244e+01 8.946961577981710434e+00 -7.286496567772644539e-01
4.374621450901031494e+01 7.465272124856710434e+00 -6.917996811913269539e-01
4.430810415744781494e+01 7.976014312356710434e+00 -6.914029526757019539e-01
4.538841116428375244e+01 8.567811187356710434e+00 -6.959805893944519539e-01
4.674551260471343994e+01 9.223817046731710434e+00 -7.029080796288269539e-01
4.819003164768218994e+01 9.920472320169210434e+00 -7.103085923241394539e-01
4.972941458225250244e+01 1.066339224204421043e+01 -7.181973862694519539e-01
5.139874136447906494e+01 1.146356314048171043e+01 -7.268033433007019539e-01
5.259770071506500244e+01 1.221173208579421043e+01 -7.306332993553894539e-01
7.700517141819000244e+01 1.117315786704421043e+01 -6.726651597069519539e-01
8.162725698947906494e+01 1.251336782798171043e+01 -6.864743638085144539e-01
8.654762136936187744e+01 1.398870962485671043e+01 -7.004819321678894539e-01
7.985615408420562744e+01 1.392096060141921043e+01 -6.537290024803894539e-01
7.074250662326812744e+01 1.334808462485671043e+01 -5.969510483788269539e-01
6.321795523166656494e+01 1.284967153891921043e+01 -5.504117417382019539e-01
5.723872244358062744e+01 1.246795767173171043e+01 -5.132413315819519539e-01
5.263186514377593994e+01 1.221405142173171043e+01 -4.840207505272644539e-01
9.328996145725250244e+01 1.487066763266921043e+01 -3.040891099022644539e-01
8.128735220432281494e+01 1.411834829673171043e+01 -2.842069077538269539e-01
9.541242849826812744e+01 1.905059927329421043e+01 -2.470822739647644539e-01
5.011947500705718994e+01 1.175091665610671043e+01 -2.387814927147644539e-01
8.742724478244781494e+01 1.409234732016921043e+01 1.041903090430480461e-01
7.621765005588531494e+01 1.339361685141921043e+01 7.150598287117304608e-02
6.734179556369781494e+01 1.282110708579421043e+01 4.532190083992304608e-02
6.480770742893218994e+01 1.309845083579421043e+01 4.472680806648554608e-02
5.456213247776031494e+01 1.199798696860671043e+01 8.990724082110546078e-03
4.982174551486968994e+01 1.169281118735671043e+01 -5.093138222576953922e-03
8.839927542209625244e+01 1.421405142173171043e+01 5.193514418555480461e-01
8.128738272190093994e+01 1.410687368735671043e+01 4.713625502539855461e-01
7.228320181369781494e+01 1.356707876548171043e+01 4.040102553321105461e-01
6.480755484104156494e+01 1.309369009360671043e+01 3.476900649024230461e-01
9.545245230197906494e+01 1.904364126548171043e+01 6.438936781836730461e-01
8.786694204807281494e+01 1.863885610923171043e+01 5.879854750586730461e-01
6.124452078342437744e+01 1.251165884360671043e+01 5.999025893164855461e-01
5.547442495822906494e+01 1.214727896079421043e+01 5.300325941992980461e-01
5.070063650608062744e+01 1.184600942954421043e+01 4.734987807227355461e-01
5.410734426975250244e+01 1.206085317954421043e+01 5.275759291602355461e-01
4.933248770236968994e+01 1.175970571860671043e+01 4.710573744727355461e-01
4.386218130588531494e+01 1.141510122641921043e+01 4.604525160742980461e-01
4.981036245822906494e+01 1.206890982016921043e+01 2.793154311133605461e-01
4.528143179416656494e+01 1.184027212485671043e+01 2.461580824805480461e-01
5.308141958713531494e+01 1.199591177329421043e+01 5.853151869727355461e-01
4.729359304904937744e+01 1.163092153891921043e+01 5.152468275977355461e-01
4.250854361057281494e+01 1.133001821860671043e+01 4.585909438086730461e-01
4.322154104709625244e+01 1.137469595298171043e+01 5.082888197852355461e-01
3.843058645725250244e+01 1.107403677329421043e+01 4.514193129492980461e-01
3.928405630588531494e+01 1.139740103110671043e+01 2.289156508399230461e-01
4.765304434299468994e+01 1.165338247641921043e+01 5.744051527930480461e-01
4.185442984104156494e+01 1.128851431235671043e+01 5.041079115821105461e-01
3.706649649143218994e+01 1.098870962485671043e+01 4.473757338477355461e-01
3.913383352756500244e+01 1.111798208579421043e+01 5.002321791602355461e-01
3.434329092502593994e+01 1.081854360923171043e+01 4.432711195899230461e-01
