1.040863323211669922e+01 9.569725729525089264e-01 -7.947124099824520727e-01
1.044787883758544922e+01 1.051088783890008926e+00 -7.947124099824520727e-01
1.048311138153076172e+01 1.146303627640008926e+00 -7.947276687715145727e-01
1.051861858367919922e+01 1.242250893265008926e+00 -7.947276687715145727e-01
1.055415630340576172e+01 1.338198158890008926e+00 -7.947429275605770727e-01
1.058986186981201172e+01 1.434755776077508926e+00 -7.947429275605770727e-01
1.062584209442138672e+01 1.531923744827508926e+00 -7.947581863496395727e-01
1.065750408172607422e+01 1.629824135452508926e+00 -7.947734451387020727e-01
1.126394939422607422e+01 8.117089010775089264e-01 -7.928355789277645727e-01
1.130412578582763672e+01 9.143700338900089264e-01 -7.928355789277645727e-01
1.134950542449951172e+01 1.016787026077508926e+00 -7.928355789277645727e-01
1.139024639129638672e+01 1.120790932327508926e+00 -7.928355789277645727e-01
1.143104839324951172e+01 1.225038979202508926e+00 -7.928355789277645727e-01
1.147203350067138672e+01 1.329775307327508926e+00 -7.928508377168270727e-01
1.150824260711669922e+01 1.435976479202508926e+00 -7.928660965058895727e-01
1.154960918426513672e+01 1.541689369827508926e+00 -7.928660965058895727e-01
1.228265666961669922e+01 6.387352682650089264e-01 -7.906077957246395727e-01
1.232945537567138672e+01 7.506737448275089264e-01 -7.906077957246395727e-01
1.237651348114013672e+01 8.633446432650089264e-01 -7.906077957246395727e-01
1.242396831512451172e+01 9.768700338900089264e-01 -7.906077957246395727e-01
1.247151470184326172e+01 1.090761635452508926e+00 -7.906077957246395727e-01
1.251933574676513672e+01 1.205141518265008926e+00 -7.906077957246395727e-01
1.256756877899169922e+01 1.320620033890008926e+00 -7.906077957246395727e-01
1.261589336395263672e+01 1.436342690140008926e+00 -7.906230545137020727e-01
1.351086711883544922e+01 4.301171042025089264e-01 -7.879832840058895727e-01
1.357351970672607422e+01 5.520653463900089264e-01 -7.879527664277645727e-01
1.362922954559326172e+01 6.760887838900089264e-01 -7.879527664277645727e-01
1.368548870086669922e+01 8.013329245150089264e-01 -7.879527664277645727e-01
1.374186992645263672e+01 9.266991354525089264e-01 -7.879375076387020727e-01
1.379858684539794922e+01 1.052919838577508926e+00 -7.879375076387020727e-01
1.385583782196044922e+01 1.180361244827508926e+00 -7.879375076387020727e-01
1.390559673309326172e+01 1.308901283890008926e+00 -7.879375076387020727e-01
1.503659343719482422e+01 1.709618307650089264e-01 -7.847179031465145727e-01
1.510351848602294922e+01 3.079247213900089264e-01 -7.847026443574520727e-01
1.517087078094482422e+01 4.457421042025089264e-01 -7.846873855683895727e-01
1.523890972137451172e+01 5.850243307650089264e-01 -7.846721267793270727e-01
1.530716228485107422e+01 7.246727682650089264e-01 -7.846568679902645727e-01
1.537587261199951172e+01 8.652977682650089264e-01 -7.846416092012020727e-01
1.544528484344482422e+01 1.007387612015008926e+00 -7.846263504121395727e-01
1.551492595672607422e+01 1.149965737015008926e+00 -7.846110916230770727e-01
1.696052837371826172e+01 -1.558203957974910736e-01 -7.806590652558895727e-01
1.705549907684326172e+01 -3.720786422491073608e-03 -7.805980300996395727e-01
1.713940715789794922e+01 1.515526510775089264e-01 -7.805675125215145727e-01
1.722424602508544922e+01 3.085350729525089264e-01 -7.805369949433895727e-01
1.730943584442138672e+01 4.662499167025089264e-01 -7.805064773652645727e-01
1.739526653289794922e+01 6.250633932650089264e-01 -7.804759597871395727e-01
1.748204326629638672e+01 7.857079245150089264e-01 -7.804454422090145727e-01
1.755676555633544922e+01 9.481835104525089264e-01 -7.804454422090145727e-01
1.949432659149169922e+01 -5.862403176724910736e-01 -7.753947830293270727e-01
1.950139141082763672e+01 -3.942237161099910736e-01 -7.725413894746395727e-01
1.970942974090576172e+01 -2.324805520474910736e-01 -7.752727127168270727e-01
1.981874370574951172e+01 -5.267098173499107361e-02 -7.752116775605770727e-01
1.992862224578857422e+01 1.281151510775089264e-01 -7.751659011933895727e-01
2.003947734832763672e+01 3.104881979525089264e-01 -7.751048660371395727e-01
2.015169048309326172e+01 4.950585104525089264e-01 -7.750438308808895727e-01
2.026459026336669922e+01 6.807274557650089264e-01 -7.749827957246395727e-01
2.016980266571044922e+01 -7.018409036099910736e-01 -7.034038162324520727e-01
2.106164836883544922e+01 -6.438575051724910736e-01 -7.211345291230770727e-01
2.203608989715576172e+01 -5.805030129849910736e-01 -7.399943924043270727e-01
2.310885906219482422e+01 -5.108008645474910736e-01 -7.613109207246395727e-01
2.355133342742919922e+01 -3.395362161099910736e-01 -7.679332351777645727e-01
2.358088970184326172e+01 -1.108985207974910736e-01 -7.650798416230770727e-01
2.383207988739013672e+01 9.442374482750892639e-02 -7.677806472871395727e-01
2.398599529266357422e+01 3.130516745150089264e-01 -7.676890945527645727e-01
2.016466045379638672e+01 -7.020850442349910736e-01 -6.118510818574520727e-01
2.105598735809326172e+01 -6.441016457974910736e-01 -6.255382156465145727e-01
2.202987957000732422e+01 -5.807471536099910736e-01 -6.405070877168270727e-01
2.310196208953857422e+01 -5.111670754849910736e-01 -6.569713211152645727e-01
2.427939128875732422e+01 -4.346289895474910736e-01 -6.750682449433895727e-01
2.558455181121826172e+01 -3.500342629849910736e-01 -6.951182937715145727e-01
2.704315471649169922e+01 -2.555518411099910736e-01 -7.175334549043270727e-01
2.867224407196044922e+01 -1.500830911099910736e-01 -7.425731277558895727e-01
2.035144329071044922e+01 -7.347998879849910736e-01 -5.235637283418270727e-01
2.105037212371826172e+01 -6.443457864224910736e-01 -5.305217361543270727e-01
2.202366924285888672e+01 -5.811133645474910736e-01 -5.410808181855770727e-01
2.309508037567138672e+01 -5.114112161099910736e-01 -5.527232742402645727e-01
2.427171611785888672e+01 -4.349952004849910736e-01 -5.654948806855770727e-01
2.557594585418701172e+01 -3.505225442349910736e-01 -5.796550369355770727e-01
2.703346538543701172e+01 -2.560401223599910736e-01 -5.954936599824520727e-01
2.866127300262451172e+01 -1.506934426724910736e-01 -6.131633377168270727e-01
2.204793071746826172e+01 -8.046241067349910736e-01 -4.444011306855770727e-01
2.204785442352294922e+01 -8.058448098599910736e-01 -3.448680496308895727e-01
1.934361553192138672e+01 -5.669532082974910736e-01 -2.470897293183895727e-01
2.019978618621826172e+01 -5.120215676724910736e-01 -2.447856521699520727e-01
2.113826274871826172e+01 -4.524512551724910736e-01 -2.427714920137020727e-01
2.216894817352294922e+01 -3.864112161099910736e-01 -2.400096511933895727e-01
2.330987834930419922e+01 -3.150000832974910736e-01 -2.369884109590145727e-01
2.458580303192138672e+01 -2.371192239224910736e-01 -2.336314773652645727e-01
2.602272319793701172e+01 -1.506934426724910736e-01 -2.292369461152645727e-01
2.762536907196044922e+01 -5.328133329749107361e-02 -2.249797439668270727e-01
1.956189250946044922e+01 -6.051612161099910736e-01 -1.590159988496395727e-01
2.043298625946044922e+01 -5.503516457974910736e-01 -1.527598953340145727e-01
2.138527202606201172e+01 -4.905371926724910736e-01 -1.459239578340145727e-01
2.243558025360107422e+01 -4.247412942349910736e-01 -1.383861160371395727e-01
2.359297466278076172e+01 -3.528418801724910736e-01 -1.300700759980770727e-01
2.485492229461669922e+01 -2.704444192349910736e-01 -1.209758377168270727e-01
2.624814128875732422e+01 -1.766944192349910736e-01 -1.108897781465145727e-01
2.779892253875732422e+01 -7.195809110999107361e-02 -9.965930939651457265e-02
1.932640361785888672e+01 -5.662207864224910736e-01 -7.262073517776457265e-02
2.022291851043701172e+01 -5.180030129849910736e-01 -6.270252228713957265e-02
2.120918560028076172e+01 -4.653907082974910736e-01 -5.127368927932707265e-02
2.230144023895263672e+01 -4.072852395474910736e-01 -3.862415314651457265e-02
2.351256084442138672e+01 -3.438086770474910736e-01 -2.460132599807707265e-02
2.486303997039794922e+01 -2.728858254849910736e-01 -8.961067209014572654e-03
2.630792522430419922e+01 -1.847510598599910736e-01 7.899894705047927346e-03
2.791533184051513672e+01 -8.514168485999107361e-02 2.733959197067292735e-02
1.955276775360107422e+01 -6.056494973599910736e-01 1.749767302536042735e-02
2.042291545867919922e+01 -5.509619973599910736e-01 3.161205290817292735e-02
2.133809185028076172e+01 -4.858985207974910736e-01 4.653514861129792735e-02
2.231663799285888672e+01 -4.107032082974910736e-01 6.254161833786042735e-02
2.338728618621826172e+01 -3.289160989224910736e-01 8.004344939254792735e-02
2.456567668914794922e+01 -2.388282082974910736e-01 9.933055876754792735e-02
2.611551189422607422e+01 -1.652198098599910736e-01 1.242176437284854273e-01
2.790819072723388672e+01 -8.599617704749107361e-02 1.529499435331729273e-01
1.935170269012451172e+01 -5.725684426724910736e-01 1.022755050566104273e-01
2.030870342254638672e+01 -5.338721536099910736e-01 1.214405441191104273e-01
2.136889934539794922e+01 -4.916358254849910736e-01 1.431690597441104273e-01
2.204735088348388672e+01 -8.129248879849910736e-01 2.537342452909854273e-01
2.825575542449951172e+01 -1.235938332974910736e-01 4.131885909941104273e-01
2.204725933074951172e+01 -8.141455911099910736e-01 3.537250900175479273e-01
2.279028606414794922e+01 -4.805274270474910736e-01 3.777271652128604273e-01
2.386899089813232422e+01 -3.952002786099910736e-01 4.099689865019229273e-01
2.516807842254638672e+01 -3.148780129849910736e-01 4.486042404081729273e-01
2.662044048309326172e+01 -2.249121926724910736e-01 4.924427413847354273e-01
2.824568462371826172e+01 -1.243262551724910736e-01 5.408283615019229273e-01
1.978978252410888672e+01 -6.503272317349910736e-01 3.786884689237979273e-01
2.066983318328857422e+01 -5.950293801724910736e-01 4.083820724394229273e-01
2.163173198699951172e+01 -5.346045754849910736e-01 4.413563156034854273e-01
2.269330120086669922e+01 -4.681983254849910736e-01 4.777332687284854273e-01
2.386198711395263672e+01 -3.955664895474910736e-01 5.177875900175479273e-01
2.516020488739013672e+01 -3.153662942349910736e-01 5.622822189237979273e-01
1.065770244598388672e+01 1.630068276077508926e+00 -7.947734451387020727e-01
1.068220806121826172e+01 1.728945229202508926e+00 -7.942088699433895727e-01
1.068870830535888672e+01 1.829531166702508926e+00 -7.928966140840145727e-01
1.069523906707763672e+01 1.930605385452508926e+00 -7.915843582246395727e-01
1.070173931121826172e+01 2.031191322952508926e+00 -7.902873611543270727e-01
1.070823955535888672e+01 2.131777260452508926e+00 -7.889751052949520727e-01
1.071477031707763672e+01 2.232851479202508926e+00 -7.876628494355770727e-01
1.071669292449951172e+01 2.333559487015008926e+00 -7.863658523652645727e-01
1.154985332489013672e+01 1.542055580765008926e+00 -7.928660965058895727e-01
1.158569622039794922e+01 1.648867104202508926e+00 -7.928813552949520727e-01
1.162451457977294922e+01 1.755922768265008926e+00 -7.927745437715145727e-01
1.163165569305419922e+01 1.866274330765008926e+00 -7.913402175996395727e-01
1.163878154754638672e+01 1.976259682327508926e+00 -7.899058914277645727e-01
1.164589214324951172e+01 2.086245033890008926e+00 -7.884868240449520727e-01
1.164758586883544922e+01 2.196840737015008926e+00 -7.870524978730770727e-01
1.165469646453857422e+01 2.306704018265008926e+00 -7.856334304902645727e-01
1.261616802215576172e+01 1.436708901077508926e+00 -7.906230545137020727e-01
1.265866374969482422e+01 1.553652260452508926e+00 -7.906383133027645727e-01
1.270140361785888672e+01 1.671205971390008926e+00 -7.906535720918270727e-01
1.274449443817138672e+01 1.789980385452508926e+00 -7.906688308808895727e-01
1.276156902313232422e+01 1.910463783890008926e+00 -7.895091629121395727e-01
1.276944255828857422e+01 2.031557533890008926e+00 -7.879375076387020727e-01
1.277734661102294922e+01 2.153139565140008926e+00 -7.863505935762020727e-01
1.278522014617919922e+01 2.274355385452508926e+00 -7.847789383027645727e-01
1.390591716766357422e+01 1.309389565140008926e+00 -7.879527664277645727e-01
1.396483135223388672e+01 1.437807533890008926e+00 -7.879375076387020727e-01
1.401642131805419922e+01 1.567812416702508926e+00 -7.879527664277645727e-01
1.406854534149169922e+01 1.699038002640008926e+00 -7.879527664277645727e-01
1.412079143524169922e+01 1.830751869827508926e+00 -7.879680252168270727e-01
1.415642070770263672e+01 1.964174721390008926e+00 -7.872813797090145727e-01
1.416525554656982422e+01 2.099550697952508926e+00 -7.855266189668270727e-01
1.416582012176513672e+01 2.234804604202508926e+00 -7.837871170137020727e-01
1.551529216766357422e+01 1.150454018265008926e+00 -7.846110916230770727e-01
1.557850933074951172e+01 1.294619057327508926e+00 -7.846110916230770727e-01
1.564219951629638672e+01 1.439882729202508926e+00 -7.845958328340145727e-01
1.570656108856201172e+01 1.586611244827508926e+00 -7.845958328340145727e-01
1.577116680145263672e+01 1.734072182327508926e+00 -7.845958328340145727e-01
1.583626079559326172e+01 1.882509682327508926e+00 -7.845958328340145727e-01
1.589960002899169922e+01 2.032656166702508926e+00 -7.845042800996395727e-01
1.590954875946044922e+01 2.184755776077508926e+00 -7.825206375215145727e-01
1.755723857879638672e+01 9.487938620150089264e-01 -7.804454422090145727e-01
1.765021038055419922e+01 1.110781166702508926e+00 -7.804149246308895727e-01
1.773140239715576172e+01 1.275454018265008926e+00 -7.803996658418270727e-01
1.781357097625732422e+01 1.442079994827508926e+00 -7.803844070527645727e-01
1.789613628387451172e+01 1.609438393265008926e+00 -7.803538894746395727e-01
1.797937297821044922e+01 1.778261635452508926e+00 -7.803386306855770727e-01
1.806361675262451172e+01 1.949038002640008926e+00 -7.803233718965145727e-01
1.813502788543701172e+01 2.121035072952508926e+00 -7.803386306855770727e-01
2.026527690887451172e+01 6.813378073275089264e-01 -7.749980545137020727e-01
2.037173748016357422e+01 8.693260885775089264e-01 -7.749522781465145727e-01
2.047923564910888672e+01 1.059267494827508926e+00 -7.749217605683895727e-01
2.058812236785888672e+01 1.251650307327508926e+00 -7.748759842012020727e-01
2.069769573211669922e+01 1.445131752640008926e+00 -7.748302078340145727e-01
2.080833721160888672e+01 1.640566322952508926e+00 -7.747996902558895727e-01
2.092045879364013672e+01 1.838686440140008926e+00 -7.747539138887020727e-01
2.103328227996826172e+01 2.037905190140008926e+00 -7.747081375215145727e-01
2.398704814910888672e+01 3.137840963900089264e-01 -7.676890945527645727e-01
2.413492107391357422e+01 5.355858542025089264e-01 -7.676128006074520727e-01
2.430897808074951172e+01 7.578758932650089264e-01 -7.674754715058895727e-01
2.446158123016357422e+01 9.857811667025089264e-01 -7.673991775605770727e-01
2.461543560028076172e+01 1.215517494827508926e+00 -7.673228836152645727e-01
2.477109050750732422e+01 1.447817299515008926e+00 -7.672313308808895727e-01
2.490355205535888672e+01 1.684755776077508926e+00 -7.672008133027645727e-01
2.506257915496826172e+01 1.922426674515008926e+00 -7.671245193574520727e-01
2.868405437469482422e+01 -1.502051614224910736e-01 -7.427562332246395727e-01
2.972804546356201172e+01 3.937003389000892639e-02 -7.571605300996395727e-01
2.979896831512451172e+01 3.258690573275089264e-01 -7.542918777558895727e-01
3.018501567840576172e+01 5.929589010775089264e-01 -7.568553543183895727e-01
3.041809368133544922e+01 8.753075338900089264e-01 -7.566875076387020727e-01
3.065457439422607422e+01 1.161684487015008926e+00 -7.565196609590145727e-01
3.089543437957763672e+01 1.453310463577508926e+00 -7.563518142793270727e-01
3.113905620574951172e+01 1.748354408890008926e+00 -7.561839675996395727e-01
2.867288494110107422e+01 -1.508155129849910736e-01 -6.133006668183895727e-01
3.051228618621826172e+01 -3.179695829749107361e-02 -6.333354568574520727e-01
3.260699748992919922e+01 1.038231588900089264e-01 -6.561320877168270727e-01
3.502211284637451172e+01 2.600731588900089264e-01 -6.824229812715145727e-01
3.782391643524169922e+01 4.406151510775089264e-01 -7.129405593965145727e-01
4.041740703582763672e+01 6.868309713900089264e-01 -7.401012039277645727e-01
4.083957195281982422e+01 1.069277260452508926e+00 -7.397960281465145727e-01
4.126884746551513672e+01 1.457949135452508926e+00 -7.394908523652645727e-01
3.156497478485107422e+01 -1.267676614224910736e-01 -5.037730789277645727e-01
3.259274578094482422e+01 1.029686667025089264e-01 -5.080607986543270727e-01
3.500557231903076172e+01 2.592186667025089264e-01 -5.232738113496395727e-01
3.780412578582763672e+01 4.395165182650089264e-01 -5.409282302949520727e-01
4.110251140594482422e+01 6.511864401400089264e-01 -5.617564773652645727e-01
4.505815410614013672e+01 9.043602682650089264e-01 -5.867351150605770727e-01
4.985158061981201172e+01 1.210512612015008926e+00 -6.170085525605770727e-01
3.253798198699951172e+01 -2.149024270474910736e-01 -3.649943924043270727e-01
3.706386089324951172e+01 1.160301901400089264e-01 -3.724101638887020727e-01
4.006578350067138672e+01 3.048729635775089264e-01 -3.777202224824520727e-01
4.754683208465576172e+01 8.057274557650089264e-01 -3.905833816621395727e-01
5.355696392059326172e+01 1.101503822952508926e+00 -4.023173904512020727e-01
2.763693523406982422e+01 -5.340340360999107361e-02 -2.249644851777645727e-01
2.945360088348388672e+01 5.682608857750892639e-02 -2.199138259980770727e-01
3.151861858367919922e+01 1.836571432650089264e-01 -2.149089431855770727e-01
3.391209697723388672e+01 3.301415182650089264e-01 -2.083018875215145727e-01
3.668948650360107422e+01 5.004296042025089264e-01 -2.006267166230770727e-01
3.996145915985107422e+01 7.018456198275089264e-01 -1.915629959199520727e-01
4.389903545379638672e+01 9.436669088900089264e-01 -1.796153640840145727e-01
4.867042827606201172e+01 1.238344643265008926e+00 -1.662791824433895727e-01
2.781007671356201172e+01 -7.220223173499107361e-02 -9.959827424026457265e-02
2.955554485321044922e+01 4.608390107750892639e-02 -8.662830353713957265e-02
3.153395366668701172e+01 1.806053854525089264e-01 -7.193408966995207265e-02
3.380711650848388672e+01 3.352684713900089264e-01 -5.504261017776457265e-02
3.665281963348388672e+01 5.004296042025089264e-01 -3.426013947463957265e-02
4.005305767059326172e+01 6.948876120150089264e-01 -9.449348459014572654e-03
4.416429424285888672e+01 9.308495260775089264e-01 2.053417204879792735e-02
4.890616130828857422e+01 1.228579018265008926e+00 5.546154021286042735e-02
2.792692852020263672e+01 -8.526375517249107361e-02 2.746166228317292735e-02
2.974551677703857422e+01 2.752921357750892639e-02 4.845775603317292735e-02
3.169177532196044922e+01 1.663231588900089264e-01 7.186473845504792735e-02
3.390419292449951172e+01 3.266014792025089264e-01 9.850658415817292735e-02
3.663218975067138672e+01 4.994530417025089264e-01 1.310383224394229273e-01
4.026561260223388672e+01 6.821922995150089264e-01 1.737934493925479273e-01
4.754637432098388672e+01 7.970604635775089264e-01 2.563587570097354273e-01
2.792123699188232422e+01 -8.636238798499107361e-02 1.531483077909854273e-01
3.408819866180419922e+01 -2.447273954749107361e-02 2.509876632597354273e-01
3.706337261199951172e+01 1.073631979525089264e-01 2.994190597441104273e-01
4.006524944305419922e+01 2.953514792025089264e-01 3.489490890409854273e-01
4.310872173309326172e+01 5.409569479525089264e-01 3.998218917753604273e-01
4.470256328582763672e+01 9.046044088900089264e-01 4.292866134550479273e-01
4.948887920379638672e+01 1.205873940140008926e+00 5.082813644316104273e-01
3.407416057586669922e+01 -2.532723173499107361e-02 4.046131515409854273e-01
3.463017559051513672e+01 2.726464010775089264e-01 4.194141769316104273e-01
3.743187236785888672e+01 4.480614401400089264e-01 4.784046554472354273e-01
4.072801494598388672e+01 6.547264792025089264e-01 5.478016281034854273e-01
2.826747417449951172e+01 -1.238379739224910736e-01 4.134785079862979273e-01
3.010496807098388672e+01 -9.702231734991073608e-03 4.605671310331729273e-01
3.219719219207763672e+01 1.209130026400089264e-01 5.142017745878604273e-01
3.461462688446044922e+01 2.716698385775089264e-01 5.761524581816104273e-01
2.825737285614013672e+01 -1.244483254849910736e-01 5.411640548612979273e-01
1.071672344207763672e+01 2.333925697952508926e+00 -7.863658523652645727e-01
1.072214031219482422e+01 2.434633705765008926e+00 -7.850535965058895727e-01
1.072297954559326172e+01 2.535463783890008926e+00 -7.837565994355770727e-01
1.072383403778076172e+01 2.636660072952508926e+00 -7.824443435762020727e-01
1.072468852996826172e+01 2.737612221390008926e+00 -7.811473465058895727e-01
1.072552776336669922e+01 2.838442299515008926e+00 -7.798350906465145727e-01
1.072638225555419922e+01 2.939760658890008926e+00 -7.785228347871395727e-01
1.072264385223388672e+01 3.040590737015008926e+00 -7.772258377168270727e-01
1.165472698211669922e+01 2.307070229202508926e+00 -7.856181717012020727e-01
1.165579509735107422e+01 2.417177651077508926e+00 -7.841991043183895727e-01
1.166232585906982422e+01 2.527285072952508926e+00 -7.827800369355770727e-01
1.166340923309326172e+01 2.637880776077508926e+00 -7.813457107637020727e-01
1.166447734832763672e+01 2.748110268265008926e+00 -7.799266433808895727e-01
1.166556072235107422e+01 2.858461830765008926e+00 -7.784923172090145727e-01
1.166118144989013672e+01 2.968935463577508926e+00 -7.770732498262020727e-01
1.166224956512451172e+01 3.079287026077508926e+00 -7.756541824433895727e-01
1.278526592254638672e+01 2.274721596390008926e+00 -7.847789383027645727e-01
1.278666973114013672e+01 2.396059487015008926e+00 -7.832072830293270727e-01
1.278805828094482422e+01 2.517519447952508926e+00 -7.816508865449520727e-01
1.278946208953857422e+01 2.639345619827508926e+00 -7.800639724824520727e-01
1.279086589813232422e+01 2.760805580765008926e+00 -7.785075759980770727e-01
1.279225444793701172e+01 2.882387612015008926e+00 -7.769359207246395727e-01
1.279365825653076172e+01 3.004335854202508926e+00 -7.753490066621395727e-01
1.279506206512451172e+01 3.125917885452508926e+00 -7.737773513887020727e-01
1.416585063934326172e+01 2.235170815140008926e+00 -7.837871170137020727e-01
1.417590618133544922e+01 2.370180580765008926e+00 -7.820323562715145727e-01
1.417775249481201172e+01 2.505434487015008926e+00 -7.802775955293270727e-01
1.417958354949951172e+01 2.641176674515008926e+00 -7.785228347871395727e-01
1.418142986297607422e+01 2.776430580765008926e+00 -7.767833328340145727e-01
1.418327617645263672e+01 2.911928627640008926e+00 -7.750285720918270727e-01
1.418510723114013672e+01 3.047792885452508926e+00 -7.732738113496395727e-01
1.417871379852294922e+01 3.182924721390008926e+00 -7.715343093965145727e-01
1.590956401824951172e+01 2.185366127640008926e+00 -7.825206375215145727e-01
1.591202068328857422e+01 2.337831947952508926e+00 -7.805522537324520727e-01
1.591447734832763672e+01 2.490297768265008926e+00 -7.785838699433895727e-01
1.591694927215576172e+01 2.643373940140008926e+00 -7.766002273652645727e-01
1.591940593719482422e+01 2.796083901077508926e+00 -7.746318435762020727e-01
1.592187786102294922e+01 2.948793862015008926e+00 -7.726634597871395727e-01
1.592434978485107422e+01 3.102114174515008926e+00 -7.706798172090145727e-01
1.592680644989013672e+01 3.254946205765008926e+00 -7.686961746308895727e-01
1.813551616668701172e+01 2.121645424515008926e+00 -7.803386306855770727e-01
1.817462444305419922e+01 2.295595619827508926e+00 -7.787364578340145727e-01
1.817805767059326172e+01 2.470644447952508926e+00 -7.764781570527645727e-01
1.818150615692138672e+01 2.646303627640008926e+00 -7.742045974824520727e-01
1.818493938446044922e+01 2.821596596390008926e+00 -7.719462967012020727e-01
1.818837261199951172e+01 2.996889565140008926e+00 -7.696727371308895727e-01
1.819182109832763672e+01 3.172914955765008926e+00 -7.673991775605770727e-01
1.818141460418701172e+01 3.347841713577508926e+00 -7.651561355683895727e-01
2.103393840789794922e+01 2.038637612015008926e+00 -7.747233963105770727e-01
2.113968181610107422e+01 2.240175697952508926e+00 -7.746928787324520727e-01
2.121023845672607422e+01 2.444277260452508926e+00 -7.737315750215145727e-01
2.121522808074951172e+01 2.650331947952508926e+00 -7.710765457246395727e-01
2.122020244598388672e+01 2.855776283890008926e+00 -7.684215164277645727e-01
2.122517681121826172e+01 3.061342690140008926e+00 -7.657664871308895727e-01
2.123018169403076172e+01 3.267763588577508926e+00 -7.630961990449520727e-01
2.123514080047607422e+01 3.473574135452508926e+00 -7.604411697480770727e-01
2.506354045867919922e+01 1.923281166702508926e+00 -7.671245193574520727e-01
2.521605205535888672e+01 2.164125893265008926e+00 -7.670634842012020727e-01
2.539705181121826172e+01 2.407778237015008926e+00 -7.669414138887020727e-01
2.555298137664794922e+01 2.655947182327508926e+00 -7.668498611543270727e-01
2.556062602996826172e+01 2.904604408890008926e+00 -7.636302566621395727e-01
2.556828594207763672e+01 3.153505776077508926e+00 -7.604106521699520727e-01
2.554794597625732422e+01 3.402529213577508926e+00 -7.572215652558895727e-01
2.555560588836669922e+01 3.651552651077508926e+00 -7.540019607637020727e-01
3.114067363739013672e+01 1.749330971390008926e+00 -7.561992263887020727e-01
3.138011455535888672e+01 2.049013588577508926e+00 -7.560466384980770727e-01
3.162338542938232422e+01 2.353579018265008926e+00 -7.558940506074520727e-01
3.187140178680419922e+01 2.664003822952508926e+00 -7.557262039277645727e-01
3.212266826629638672e+01 2.978456947952508926e+00 -7.555583572480770727e-01
3.221644878387451172e+01 3.294619057327508926e+00 -7.527965164277645727e-01
3.222966289520263672e+01 3.611147377640008926e+00 -7.487071609590145727e-01
3.224283123016357422e+01 3.926943276077508926e+00 -7.446330642793270727e-01
4.127179241180419922e+01 1.459291908890008926e+00 -7.395213699433895727e-01
4.170530986785888672e+01 1.856386635452508926e+00 -7.392161941621395727e-01
4.214822673797607422e+01 2.261904213577508926e+00 -7.389110183808895727e-01
4.260240459442138672e+01 2.677919838577508926e+00 -7.385905838105770727e-01
4.306506633758544922e+01 3.101625893265008926e+00 -7.382701492402645727e-01
4.353808879852294922e+01 3.534853432327508926e+00 -7.379344558808895727e-01
4.387286663055419922e+01 3.974794838577508926e+00 -7.358897781465145727e-01
4.389911174774169922e+01 4.407045815140008926e+00 -7.303050613496395727e-01
4.988655376434326172e+01 1.211245033890008926e+00 -6.172526931855770727e-01
5.586670207977294922e+01 1.591127846390008926e+00 -6.549571609590145727e-01
6.354429912567138672e+01 2.075746987015008926e+00 -7.034190750215145727e-01
6.568474102020263672e+01 2.707827065140008926e+00 -7.101482009980770727e-01
6.687454509735107422e+01 3.369692299515008926e+00 -7.096446609590145727e-01
6.810921001434326172e+01 4.056337807327508926e+00 -7.091258621308895727e-01
6.941441631317138672e+01 4.772280190140008926e+00 -7.087138748262020727e-01
7.076619243621826172e+01 5.513979408890008926e+00 -7.082866287324520727e-01
5.355668926239013672e+01 1.103456947952508926e+00 -4.023021316621395727e-01
5.956024456024169922e+01 1.518984291702508926e+00 -4.121440506074520727e-01
6.708699321746826172e+01 2.041201088577508926e+00 -4.244884109590145727e-01
7.749740886688232422e+01 2.719667885452508926e+00 -4.421580886933895727e-01
8.823095989227294922e+01 3.607119057327508926e+00 -4.577983474824520727e-01
4.870668315887451172e+01 1.238954994827508926e+00 -1.662028884980770727e-01
5.466493511199951172e+01 1.606752846390008926e+00 -1.491283035371395727e-01
6.230263042449951172e+01 2.078676674515008926e+00 -1.287273025605770727e-01
7.246499919891357422e+01 2.708437416702508926e+00 -9.981189728713957265e-02
8.651603984832763672e+01 3.582338783890008926e+00 -5.978809357620207265e-02
4.894203472137451172e+01 1.229311440140008926e+00 5.570568083786042735e-02
5.471702861785888672e+01 1.602480385452508926e+00 9.897960661911042735e-02
6.166594219207763672e+01 2.080385658890008926e+00 1.514393234159854273e-01
7.910359477996826172e+01 2.711977455765008926e+00 2.752796554472354273e-01
9.411627483367919922e+01 3.661806557327508926e+00 3.874775314237979273e-01
5.955977153778076172e+01 1.508120033890008926e+00 3.998829269316104273e-01
6.313749980926513672e+01 2.063662026077508926e+00 4.475513839628604273e-01
7.328578472137451172e+01 2.700380776077508926e+00 5.698658370878604273e-01
4.952516460418701172e+01 1.206606362015008926e+00 5.088611984159854273e-01
5.547809123992919922e+01 1.581484291702508926e+00 6.080585861112979273e-01
1.072265911102294922e+01 3.040956947952508926e+00 -7.772258377168270727e-01
1.072241497039794922e+01 3.141909096390008926e+00 -7.759288406465145727e-01
1.071759319305419922e+01 3.242861244827508926e+00 -7.746318435762020727e-01
1.071275615692138672e+01 3.344057533890008926e+00 -7.733195877168270727e-01
1.070793437957763672e+01 3.445009682327508926e+00 -7.720225906465145727e-01
1.070311260223388672e+01 3.546083901077508926e+00 -7.707255935762020727e-01
1.069826030731201172e+01 3.647524330765008926e+00 -7.694285965058895727e-01
1.068886089324951172e+01 3.748110268265008926e+00 -7.681315994355770727e-01
1.166226482391357422e+01 3.079653237015008926e+00 -7.756389236543270727e-01
1.165729045867919922e+01 3.189760658890008926e+00 -7.742198562715145727e-01
1.165777873992919922e+01 3.300356362015008926e+00 -7.728007888887020727e-01
1.165277385711669922e+01 3.411074135452508926e+00 -7.713817215058895727e-01
1.164779949188232422e+01 3.521425697952508926e+00 -7.699626541230770727e-01
1.164280986785888672e+01 3.631899330765008926e+00 -7.685435867402645727e-01
1.163234233856201172e+01 3.742128822952508926e+00 -7.671245193574520727e-01
1.162735271453857422e+01 3.852724526077508926e+00 -7.657054519746395727e-01
1.279507732391357422e+01 3.126406166702508926e+00 -7.737773513887020727e-01
1.278998088836669922e+01 3.247744057327508926e+00 -7.722209549043270727e-01
1.278488445281982422e+01 3.369326088577508926e+00 -7.706492996308895727e-01
1.277977275848388672e+01 3.491274330765008926e+00 -7.690929031465145727e-01
1.277466106414794922e+01 3.612978432327508926e+00 -7.675212478730770727e-01
1.276954936981201172e+01 3.734682533890008926e+00 -7.659648513887020727e-01
1.276442241668701172e+01 3.856874916702508926e+00 -7.643931961152645727e-01
1.275931072235107422e+01 3.978823158890008926e+00 -7.628215408418270727e-01
1.417872905731201172e+01 3.183413002640008926e+00 -7.715343093965145727e-01
1.418184185028076172e+01 3.319033119827508926e+00 -7.697795486543270727e-01
1.417668437957763672e+01 3.454409096390008926e+00 -7.680400467012020727e-01
1.417152690887451172e+01 3.590395424515008926e+00 -7.662852859590145727e-01
1.416636943817138672e+01 3.726015541702508926e+00 -7.645457840058895727e-01
1.416121196746826172e+01 3.861757729202508926e+00 -7.628062820527645727e-01
1.415602397918701172e+01 3.997988197952508926e+00 -7.610515213105770727e-01
1.414261150360107422e+01 4.132997963577508926e+00 -7.593272781465145727e-01
1.592685222625732422e+01 3.255434487015008926e+00 -7.686961746308895727e-01
1.592178630828857422e+01 3.408144447952508926e+00 -7.667277908418270727e-01
1.591673564910888672e+01 3.560854408890008926e+00 -7.647594070527645727e-01
1.591165447235107422e+01 3.714296791702508926e+00 -7.627910232637020727e-01
1.590658855438232422e+01 3.867372963577508926e+00 -7.608226394746395727e-01
1.590150737762451172e+01 4.020571205765008926e+00 -7.588542556855770727e-01
1.589642620086669922e+01 4.174379799515008926e+00 -7.568706131074520727e-01
1.589134502410888672e+01 4.327822182327508926e+00 -7.549022293183895727e-01
1.818147563934326172e+01 3.348452065140008926e+00 -7.651561355683895727e-01
1.819063091278076172e+01 3.524233315140008926e+00 -7.628825759980770727e-01
1.818596172332763672e+01 3.699770424515008926e+00 -7.606242752168270727e-01
1.818123149871826172e+01 3.875917885452508926e+00 -7.583507156465145727e-01
1.817651653289794922e+01 4.051821205765008926e+00 -7.560924148652645727e-01
1.817177104949951172e+01 4.227724526077508926e+00 -7.538188552949520727e-01
1.816702556610107422e+01 4.404482338577508926e+00 -7.515452957246395727e-01
1.814842510223388672e+01 4.579287026077508926e+00 -7.493022537324520727e-01
2.123520183563232422e+01 3.474306557327508926e+00 -7.604259109590145727e-01
2.123144817352294922e+01 3.679872963577508926e+00 -7.577861404512020727e-01
2.122769451141357422e+01 3.885805580765008926e+00 -7.551311111543270727e-01
2.122391033172607422e+01 4.092714760452508926e+00 -7.524608230683895727e-01
2.122015666961669922e+01 4.299013588577508926e+00 -7.498057937715145727e-01
2.121637248992919922e+01 4.505678627640008926e+00 -7.471507644746395727e-01
2.121258831024169922e+01 4.713198158890008926e+00 -7.444652175996395727e-01
2.120880413055419922e+01 4.920351479202508926e+00 -7.417949295137020727e-01
2.555566692352294922e+01 3.652407143265008926e+00 -7.539867019746395727e-01
2.555420207977294922e+01 3.901186440140008926e+00 -7.507823562715145727e-01
2.558082866668701172e+01 4.152163002640008926e+00 -7.475322342012020727e-01
2.557939434051513672e+01 4.402895424515008926e+00 -7.442973709199520727e-01
2.557799053192138672e+01 4.653017494827508926e+00 -7.410777664277645727e-01
2.557657146453857422e+01 4.903627846390008926e+00 -7.378429031465145727e-01
2.554699993133544922e+01 5.152529213577508926e+00 -7.346538162324520727e-01
2.554556560516357422e+01 5.403505776077508926e+00 -7.314342117402645727e-01
3.224299907684326172e+01 3.928041908890008926e+00 -7.446178054902645727e-01
3.224733257293701172e+01 4.243837807327508926e+00 -7.405437088105770727e-01
3.225168132781982422e+01 4.560366127640008926e+00 -7.364696121308895727e-01
3.225604534149169922e+01 4.878359291702508926e+00 -7.323649978730770727e-01
3.226039409637451172e+01 5.195986244827508926e+00 -7.282756424043270727e-01
3.226475811004638672e+01 5.514101479202508926e+00 -7.241710281465145727e-01
3.226915264129638672e+01 5.833925697952508926e+00 -7.200511550996395727e-01
3.227351665496826172e+01 6.153139565140008926e+00 -7.159312820527645727e-01
4.389952373504638672e+01 4.408510658890008926e+00 -7.302898025605770727e-01
4.392015361785888672e+01 4.841494057327508926e+00 -7.247050857637020727e-01
4.394084453582763672e+01 5.275576088577508926e+00 -7.191051101777645727e-01
4.396177959442138672e+01 5.712099526077508926e+00 -7.134746170137020727e-01
4.398289775848388672e+01 6.148378822952508926e+00 -7.078441238496395727e-01
4.400407695770263672e+01 6.585634682327508926e+00 -7.022136306855770727e-01
4.402537822723388672e+01 7.025576088577508926e+00 -6.965373611543270727e-01
4.422246074676513672e+01 7.484682533890008926e+00 -6.926768875215145727e-01
7.077569866180419922e+01 5.516664955765008926e+00 -7.083171463105770727e-01
7.090492534637451172e+01 6.223207924515008926e+00 -6.994823074433895727e-01
7.100212383270263672e+01 6.931459877640008926e+00 -6.903880691621395727e-01
7.110005474090576172e+01 7.645204994827508926e+00 -6.812327957246395727e-01
7.119807720184326172e+01 8.359560463577508926e+00 -6.720775222871395727e-01
7.137749004364013672e+01 9.084413979202508926e+00 -6.633494949433895727e-01
7.312892436981201172e+01 9.975893471390008926e+00 -6.636088943574520727e-01
7.703697490692138672e+01 1.114190909639000893e+01 -6.755565261933895727e-01
1.068886089324951172e+01 3.748476479202508926e+00 -7.681315994355770727e-01
1.068292522430419922e+01 3.849550697952508926e+00 -7.668346023652645727e-01
1.067242717742919922e+01 3.950258705765008926e+00 -7.655528640840145727e-01
1.066186809539794922e+01 4.051332924515008926e+00 -7.642558670137020727e-01
1.065133953094482422e+01 4.152163002640008926e+00 -7.629588699433895727e-01
1.064079570770263672e+01 4.253115151077508926e+00 -7.616771316621395727e-01
1.063022136688232422e+01 4.354433510452508926e+00 -7.603801345918270727e-01
1.061511516571044922e+01 4.454775307327508926e+00 -7.590983963105770727e-01
1.162735271453857422e+01 3.853090737015008926e+00 -7.657054519746395727e-01
1.161632061004638672e+01 3.963076088577508926e+00 -7.643016433808895727e-01
1.161072063446044922e+01 4.073793862015008926e+00 -7.628673172090145727e-01
1.159961223602294922e+01 4.184389565140008926e+00 -7.614635086152645727e-01
1.158853435516357422e+01 4.294619057327508926e+00 -7.600444412324520727e-01
1.157745647430419922e+01 4.405092690140008926e+00 -7.586406326387020727e-01
1.156087017059326172e+01 4.514955971390008926e+00 -7.572368240449520727e-01
1.154977703094482422e+01 4.625551674515008926e+00 -7.558177566621395727e-01
1.275931072235107422e+01 3.979311440140008926e+00 -7.628215408418270727e-01
1.274769878387451172e+01 4.100527260452508926e+00 -7.612651443574520727e-01
1.273607158660888672e+01 4.221987221390008926e+00 -7.597087478730770727e-01
1.272441387176513672e+01 4.343935463577508926e+00 -7.581523513887020727e-01
1.271275615692138672e+01 4.465517494827508926e+00 -7.565959549043270727e-01
1.270109844207763672e+01 4.587343666702508926e+00 -7.550242996308895727e-01
1.268939495086669922e+01 4.709658119827508926e+00 -7.534679031465145727e-01
1.267770671844482422e+01 4.831728432327508926e+00 -7.518962478730770727e-01
1.414261150360107422e+01 4.133486244827508926e+00 -7.593120193574520727e-01
1.413868999481201172e+01 4.269594643265008926e+00 -7.575572586152645727e-01
1.412651348114013672e+01 4.404970619827508926e+00 -7.558330154512020727e-01
1.411429119110107422e+01 4.541079018265008926e+00 -7.540935134980770727e-01
1.410208415985107422e+01 4.676821205765008926e+00 -7.523540115449520727e-01
1.408987712860107422e+01 4.812685463577508926e+00 -7.506145095918270727e-01
1.407760906219482422e+01 4.949160072952508926e+00 -7.488597488496395727e-01
1.405713176727294922e+01 5.083803627640008926e+00 -7.471507644746395727e-01
1.589134502410888672e+01 4.328310463577508926e+00 -7.548869705293270727e-01
1.587872600555419922e+01 4.481142494827508926e+00 -7.529338455293270727e-01
1.586609172821044922e+01 4.634096596390008926e+00 -7.509807205293270727e-01
1.585341167449951172e+01 4.787783119827508926e+00 -7.490123367402645727e-01
1.584074687957763672e+01 4.941103432327508926e+00 -7.470439529512020727e-01
1.582806682586669922e+01 5.094667885452508926e+00 -7.450755691621395727e-01
1.581532573699951172e+01 5.248842690140008926e+00 -7.430919265840145727e-01
1.580261516571044922e+01 5.402773354202508926e+00 -7.411235427949520727e-01
1.814842510223388672e+01 4.579897377640008926e+00 -7.493022537324520727e-01
1.814941692352294922e+01 4.757143471390008926e+00 -7.470134353730770727e-01
1.813653850555419922e+01 4.933046791702508926e+00 -7.447551345918270727e-01
1.812358379364013672e+01 5.109804604202508926e+00 -7.424815750215145727e-01
1.811065959930419922e+01 5.286196205765008926e+00 -7.402232742402645727e-01
1.809770488739013672e+01 5.462831947952508926e+00 -7.379649734590145727e-01
1.808522319793701172e+01 5.640444252640008926e+00 -7.356914138887020727e-01
1.813897991180419922e+01 5.829897377640008926e+00 -7.357219314668270727e-01
2.120883464813232422e+01 4.921083901077508926e+00 -7.417949295137020727e-01
2.119632244110107422e+01 5.127382729202508926e+00 -7.391399002168270727e-01
2.118379497528076172e+01 5.334169838577508926e+00 -7.364848709199520727e-01
2.117119121551513672e+01 5.542055580765008926e+00 -7.338145828340145727e-01
2.115861797332763672e+01 5.749453041702508926e+00 -7.311595535371395727e-01
2.121025371551513672e+01 5.967714760452508926e+00 -7.299998855683895727e-01
2.131193828582763672e+01 6.197084877640008926e+00 -7.299846267793270727e-01
2.141536235809326172e+01 6.428774330765008926e+00 -7.299998855683895727e-01
2.554561138153076172e+01 5.404360268265008926e+00 -7.314189529512020727e-01
2.553499126434326172e+01 5.654726479202508926e+00 -7.281993484590145727e-01
2.555253887176513672e+01 5.909365151077508926e+00 -7.249034500215145727e-01
2.556721782684326172e+01 6.165590737015008926e+00 -7.221416092012020727e-01
2.572346782684326172e+01 6.443544838577508926e+00 -7.220653152558895727e-01
2.588418865203857422e+01 6.726137612015008926e+00 -7.220347976777645727e-01
2.607863140106201172e+01 7.019472572952508926e+00 -7.231944656465145727e-01
2.646473979949951172e+01 7.351747963577508926e+00 -7.272838211152645727e-01
3.227369976043701172e+01 6.154360268265008926e+00 -7.159312820527645727e-01
3.226916790008544922e+01 6.473329994827508926e+00 -7.118114090058895727e-01
3.246391582489013672e+01 6.819399330765008926e+00 -7.106212234590145727e-01
3.273677349090576172e+01 7.182680580765008926e+00 -7.104686355683895727e-01
3.318454265594482422e+01 7.577944252640008926e+00 -7.127727127168270727e-01
3.383668804168701172e+01 8.016542885452508926e+00 -7.178538894746395727e-01
3.451990032196044922e+01 8.476015541702508926e+00 -7.231792068574520727e-01
3.523132610321044922e+01 8.954531166702508926e+00 -7.287334060762020727e-01
4.422647380828857422e+01 7.486635658890008926e+00 -6.926921463105770727e-01
4.477025127410888672e+01 7.992983315140008926e+00 -6.923564529512020727e-01
4.581729412078857422e+01 8.577944252640008926e+00 -6.968883133027645727e-01
4.714061260223388672e+01 9.226259682327508926e+00 -7.038158035371395727e-01
4.854977703094482422e+01 9.914370033890008926e+00 -7.112315750215145727e-01
5.005795574188232422e+01 1.064874503389000893e+01 -7.191966629121395727e-01
5.167613506317138672e+01 1.143634269014000893e+01 -7.277415847871395727e-01
5.297059917449951172e+01 1.219757315889000893e+01 -7.328380203340145727e-01
7.706573772430419922e+01 1.114776847139000893e+01 -6.756785965058895727e-01
8.157713603973388672e+01 1.246795890107750893e+01 -6.897014236543270727e-01
8.646699810028076172e+01 1.393170401826500893e+01 -7.044414138887020727e-01
8.040838909149169922e+01 1.394586417451500893e+01 -6.606334304902645727e-01
7.141127300262451172e+01 1.338922354951500893e+01 -6.036418533418270727e-01
6.411639690399169922e+01 1.292767569795250893e+01 -5.575908279512020727e-01
5.811613750457763672e+01 1.254425284639000893e+01 -5.197490310762020727e-01
5.327908611297607422e+01 1.225018546357750893e+01 -4.890483474824520727e-01
9.272033977508544922e+01 1.474945304170250893e+01 -3.120616531465145727e-01
7.171545696258544922e+01 1.343048331514000893e+01 -2.754558181855770727e-01
5.080868816375732422e+01 1.179474112764000893e+01 -2.437480545137020727e-01
8.800233745574951172e+01 1.412201163545250893e+01 9.543956755661042735e-02
7.632777690887451172e+01 1.335602042451500893e+01 6.183971404098542735e-02
6.788835430145263672e+01 1.284381339326500893e+01 3.817333220504792735e-02
6.086320781707763672e+01 1.239105460420250893e+01 1.807750700973542735e-02
5.520033550262451172e+01 1.203314444795250893e+01 3.352775564422927346e-03
5.041728496551513672e+01 1.171966788545250893e+01 -1.053272248245207265e-02
8.894273662567138672e+01 1.423968741670250893e+01 5.096241378691104273e-01
8.218751811981201172e+01 1.418133780732750893e+01 4.652363204862979273e-01
5.371057415008544922e+01 1.231769034639000893e+01 2.522388839628604273e-01
6.186690044403076172e+01 1.254510733857750893e+01 5.928303146269229273e-01
5.610757732391357422e+01 1.218182608857750893e+01 5.236164474394229273e-01
5.133761882781982422e+01 1.188055655732750893e+01 4.675403976347354273e-01
4.996527385711669922e+01 1.179388663545250893e+01 4.677540206816104273e-01
6.270817852020263672e+01 1.295550772920250893e+01 3.431202316191104273e-01
9.335307598114013672e+01 1.890545890107750893e+01 6.393238449003604273e-01
8.576756572723388672e+01 1.850067374482750893e+01 5.834156417753604273e-01
5.914514446258544922e+01 1.237347647920250893e+01 5.953327560331729273e-01
5.337504863739013672e+01 1.200909659639000893e+01 5.254627609159854273e-01
4.860126018524169922e+01 1.170782706514000893e+01 4.689289474394229273e-01
5.200796794891357422e+01 1.192267081514000893e+01 5.230060958769229273e-01
4.723311138153076172e+01 1.162152335420250893e+01 4.664875411894229273e-01
4.176280498504638672e+01 1.127691886201500893e+01 4.558826827909854273e-01
4.771098613739013672e+01 1.193072745576500893e+01 2.747455978300479273e-01
4.318205547332763672e+01 1.170208976045250893e+01 2.415882491972354273e-01
5.098204326629638672e+01 1.185772940889000893e+01 5.807453536894229273e-01
4.519421672821044922e+01 1.149273917451500893e+01 5.106769943144229273e-01
4.040916728973388672e+01 1.119183585420250893e+01 4.540211105253604273e-01
4.112216472625732422e+01 1.123651358857750893e+01 5.037189865019229273e-01
3.633121013641357422e+01 1.093585440889000893e+01 4.468494796659854273e-01
3.718467998504638672e+01 1.125921866670250893e+01 2.243458175566104273e-01
4.555366802215576172e+01 1.151520011201500893e+01 5.698353195097354273e-01
3.975505352020263672e+01 1.115033194795250893e+01 4.995380782987979273e-01
3.496712017059326172e+01 1.085052726045250893e+01 4.428059005644229273e-01
3.703445720672607422e+01 1.097979972139000893e+01 4.956623458769229273e-01
3.224391460418701172e+01 1.068036124482750893e+01 4.387012863066104273e-01
