9.677474141120910645e+00 9.156007319688796997e-01 -7.950512569164800425e-01
9.717269062995910645e+00 1.009228661656379700e+00 -7.950359981274175425e-01
9.753050923347473145e+00 1.104077294468879700e+00 -7.950359981274175425e-01
9.789122700691223145e+00 1.199658349156379700e+00 -7.950359981274175425e-01
9.825240254402160645e+00 1.295361474156379700e+00 -7.950359981274175425e-01
9.861525654792785645e+00 1.391552880406379700e+00 -7.950512569164800425e-01
9.898100972175598145e+00 1.488476708531379700e+00 -7.950512569164800425e-01
9.930358052253723145e+00 1.586010888218879700e+00 -7.950512569164800425e-01
1.052798378467559814e+01 7.710694819688796997e-01 -7.930828731274175425e-01
1.056880104541778564e+01 8.733644038438796997e-01 -7.930828731274175425e-01
1.061480629444122314e+01 9.752931147813796997e-01 -7.930676143383550425e-01
1.065621864795684814e+01 1.078930810093879700e+00 -7.930676143383550425e-01
1.069767677783966064e+01 1.182812646031379700e+00 -7.930676143383550425e-01
1.073936378955841064e+01 1.287060692906379700e+00 -7.930676143383550425e-01
1.077627480030059814e+01 1.392895653843879700e+00 -7.930676143383550425e-01
1.081834328174591064e+01 1.498242333531379700e+00 -7.930676143383550425e-01
1.154040443897247314e+01 5.991944819688796997e-01 -7.907635371899175425e-01
1.158788979053497314e+01 7.106446772813796997e-01 -7.907482784008550425e-01
1.163563454151153564e+01 8.228272944688796997e-01 -7.907482784008550425e-01
1.168380653858184814e+01 9.358644038438796997e-01 -7.907330196117925425e-01
1.173207008838653564e+01 1.049267724156379700e+00 -7.907330196117925425e-01
1.178060829639434814e+01 1.163281396031379700e+00 -7.907177608227300425e-01
1.182957375049591064e+01 1.278271630406379700e+00 -7.907025020336675425e-01
1.187866127490997314e+01 1.393506005406379700e+00 -7.907025020336675425e-01
1.275950539112091064e+01 3.920411616563796997e-01 -7.880016963696050425e-01
1.282296669483184814e+01 5.135011225938796997e-01 -7.879711787914800425e-01
1.287957680225372314e+01 6.369142085313796997e-01 -7.879559200024175425e-01
1.293672096729278564e+01 7.614259272813796997e-01 -7.879406612133550425e-01
1.299401772022247314e+01 8.864259272813796997e-01 -7.879254024242925425e-01
1.305166542530059814e+01 1.012036278843879700e+00 -7.879101436352300425e-01
1.310989296436309814e+01 1.138867333531379700e+00 -7.878948848461675425e-01
1.316068947315216064e+01 1.266919091343879700e+00 -7.878948848461675425e-01
1.427314674854278564e+01 1.349610835313796997e-01 -7.845989864086675425e-01
1.434110939502716064e+01 2.711915522813796997e-01 -7.845684688305425425e-01
1.440956032276153564e+01 4.082765132188796997e-01 -7.845379512524175425e-01
1.447872841358184814e+01 5.468263179063796997e-01 -7.845074336742925425e-01
1.454811012744903564e+01 6.857423335313796997e-01 -7.844769160961675425e-01
1.461798012256622314e+01 8.257569819688796997e-01 -7.844463985180425425e-01
1.468858253955841064e+01 9.671144038438796997e-01 -7.844158809399175425e-01
1.475941383838653564e+01 1.108960106968879700e+00 -7.843853633617925425e-01
1.617921364307403564e+01 -1.887693852186203003e-01 -7.803112666821050425e-01
1.627535927295684814e+01 -3.752426803112030029e-02 -7.802502315258550425e-01
1.636059486865997314e+01 1.167726069688796997e-01 -7.802044551586675425e-01
1.644677650928497314e+01 2.727784663438796997e-01 -7.801586787914800425e-01
1.653333961963653564e+01 4.295167475938796997e-01 -7.801129024242925425e-01
1.662058937549591064e+01 5.874757319688796997e-01 -7.800671260571050425e-01
1.670881569385528564e+01 7.471437007188796997e-01 -7.800213496899175425e-01
1.678509438037872314e+01 9.088868647813796997e-01 -7.800060909008550425e-01
1.868714821338653564e+01 -6.146727055311203003e-01 -7.748181026196050425e-01
1.869647133350372314e+01 -4.239988774061203003e-01 -7.719494502758550425e-01
1.890536415576934814e+01 -2.634764164686203003e-01 -7.746655147289800425e-01
1.901634132862091064e+01 -8.488754928112030029e-02 -7.745739619946050425e-01
1.912792885303497314e+01 9.455581009387969971e-02 -7.744976680492925425e-01
1.924052345752716064e+01 2.758302241563796997e-01 -7.744213741039800425e-01
1.935452187061309814e+01 4.591798335313796997e-01 -7.743450801586675425e-01
1.946919167041778564e+01 6.437501460313796997e-01 -7.742687862133550425e-01
1.944541847705841064e+01 -7.443113774061203003e-01 -7.052838008617925425e-01
2.033512794971466064e+01 -6.862059086561203003e-01 -7.229229610180425425e-01
2.130692970752716064e+01 -6.227293461561203003e-01 -7.416760127758550425e-01
2.237663185596466064e+01 -5.527830570936203003e-01 -7.628704707836675425e-01
2.271041786670684814e+01 -3.678465336561203003e-01 -7.669293086742925425e-01
2.274293434619903564e+01 -1.409178227186203003e-01 -7.640606563305425425e-01
2.299601662158966064e+01 6.293959915637969971e-02 -7.667309444164800425e-01
2.315237343311309814e+01 2.798585444688796997e-01 -7.665936153149175425e-01
1.944154274463653564e+01 -7.447996586561203003e-01 -6.138531367992925425e-01
2.033085548877716064e+01 -6.866941899061203003e-01 -6.274639766430425425e-01
2.130223000049591064e+01 -6.232176274061203003e-01 -6.423412959789800425e-01
2.237130653858184814e+01 -5.533934086561203003e-01 -6.586987178539800425e-01
2.354426491260528564e+01 -4.766111820936203003e-01 -6.766430537914800425e-01
2.484397804737091064e+01 -3.916502445936203003e-01 -6.965405147289800425e-01
2.629687416553497314e+01 -2.969236820936203003e-01 -7.187725703930425425e-01
2.791894447803497314e+01 -1.910887211561203003e-01 -7.435986201977300425e-01
1.944630348682403564e+01 -7.467527836561203003e-01 -5.230938594555425425e-01
2.032649147510528564e+01 -6.871824711561203003e-01 -5.325695674633550425e-01
2.129652321338653564e+01 -6.237059086561203003e-01 -5.430370967602300425e-01
2.236411964893341064e+01 -5.537596195936203003e-01 -5.545574825024175425e-01
2.353626930713653564e+01 -4.769773930311203003e-01 -5.672222774242925425e-01
2.483502113819122314e+01 -3.921385258436203003e-01 -5.812451045727300425e-01
2.628680336475372314e+01 -2.974119633436203003e-01 -5.969158809399175425e-01
2.790757668018341064e+01 -1.916990727186203003e-01 -6.144329707836675425e-01
2.220582497119903564e+01 -7.606687992811203003e-01 -4.517132442211675425e-01
2.976934731006622314e+01 -3.770018070936203003e-01 -5.006481807446050425e-01
2.221238625049591064e+01 -7.629881352186203003e-01 -3.483502071117925425e-01
1.858471596240997314e+01 -6.038084477186203003e-01 -2.494274776196050425e-01
1.943412697315216064e+01 -5.483885258436203003e-01 -2.470776241039800425e-01
2.036476051807403564e+01 -4.882078617811203003e-01 -2.450176875805425425e-01
2.138584816455841064e+01 -4.215574711561203003e-01 -2.422253291821050425e-01
2.250898659229278564e+01 -3.485594242811203003e-01 -2.391583125805425425e-01
2.375248634815216064e+01 -2.678709477186203003e-01 -2.357556026196050425e-01
2.513914406299591064e+01 -1.772947758436203003e-01 -2.313305537914800425e-01
2.669633400440216064e+01 -7.719711959362030029e-02 -2.270428340649175425e-01
1.878088295459747314e+01 -6.382322758436203003e-01 -1.617199580883550425e-01
1.964285194873809814e+01 -5.828123539686203003e-01 -1.554638545727300425e-01
2.058463966846466064e+01 -5.222654789686203003e-01 -1.486431758617925425e-01
2.162225258350372314e+01 -4.557371586561203003e-01 -1.411053340649175425e-01
2.276380836963653564e+01 -3.828611820936203003e-01 -1.328350703930425425e-01
2.402812111377716064e+01 -3.020506352186203003e-01 -1.236645381664800425e-01
2.541403114795684814e+01 -2.087889164686203003e-01 -1.135632198071050425e-01
2.694790565967559814e+01 -1.036863774061203003e-01 -1.023632686352300425e-01
1.854666054248809814e+01 -5.995359867811203003e-01 -7.566038777585504249e-02
1.941209328174591064e+01 -5.471678227186203003e-01 -6.598631551023004249e-02
2.038490211963653564e+01 -4.937010258436203003e-01 -5.464903523679254249e-02
2.146134865283966064e+01 -4.346189945936203003e-01 -4.210631062741754249e-02
2.265193092823028564e+01 -3.697996586561203003e-01 -2.823607136960504249e-02
2.397747719287872314e+01 -2.975340336561203003e-01 -1.280943562741754249e-02
2.543675148487091064e+01 -2.128172367811203003e-01 4.249890544457457509e-03
2.702220070362091064e+01 -1.127195805311203003e-01 2.353699991945745751e-02
1.877151405811309814e+01 -6.388426274061203003e-01 1.406129191164495751e-02
1.963255226612091064e+01 -5.835447758436203003e-01 2.808411906008245751e-02
2.056216347217559814e+01 -5.214109867811203003e-01 4.325135538820745751e-02
2.153141701221466064e+01 -4.456053227186203003e-01 5.918153116945745751e-02
2.259084999561309814e+01 -3.632078617811203003e-01 7.659180948976995751e-02
2.375611793994903564e+01 -2.725096195936203003e-01 9.574158976320745751e-02
2.518237221240997314e+01 -1.865721195936203003e-01 1.189044315600824575e-01
2.694065773487091064e+01 -1.062498539686203003e-01 1.471942264819574575e-01
1.854101479053497314e+01 -6.007566899061203003e-01 9.795411417726995751e-02
1.948425209522247314e+01 -5.609617680311203003e-01 1.168902714038324575e-01
2.052822792530059814e+01 -5.175047367811203003e-01 1.383593876147699575e-01
2.221174538135528564e+01 -7.706785649061203003e-01 2.736285526538324575e-01
2.735919106006622314e+01 -1.509275883436203003e-01 4.066699344897699575e-01
2.221163856983184814e+01 -7.720213383436203003e-01 3.769763309741449575e-01
2.303640663623809814e+01 -4.249754399061203003e-01 4.041827518725824575e-01
2.431419289112091064e+01 -3.434324711561203003e-01 4.422839481616449575e-01
2.574574196338653564e+01 -2.527342289686203003e-01 4.855883915210199575e-01
2.734887611865997314e+01 -1.516600102186203003e-01 5.334094364428949575e-01
1.904000771045684814e+01 -6.888914555311203003e-01 3.748095829272699575e-01
1.987724220752716064e+01 -6.272459477186203003e-01 4.031604130053949575e-01
2.082751381397247314e+01 -5.659666508436203003e-01 4.357989628100824575e-01
2.187672340869903564e+01 -4.989500492811203003e-01 4.718249637866449575e-01
2.302926552295684814e+01 -4.253416508436203003e-01 5.113910038257074575e-01
2.430616676807403564e+01 -3.439207524061203003e-01 5.552447635913324575e-01
9.930525898933410645e+00 1.586255028843879700e+00 -7.950512569164800425e-01
9.955489277839660645e+00 1.684887841343879700e+00 -7.944714229321050425e-01
9.962752461433410645e+00 1.785229638218879700e+00 -7.931744258617925425e-01
9.970030903816223145e+00 1.885937646031379700e+00 -7.918621700024175425e-01
9.977309346199035645e+00 1.986279442906379700e+00 -7.905499141430425425e-01
9.984572529792785645e+00 2.086621239781379700e+00 -7.892529170727300425e-01
9.991866230964660645e+00 2.187329247593879700e+00 -7.879406612133550425e-01
9.994582295417785645e+00 2.287915185093879700e+00 -7.866284053539800425e-01
1.081854164600372314e+01 1.498608544468879700e+00 -7.930676143383550425e-01
1.085511696338653564e+01 1.605053856968879700e+00 -7.930828731274175425e-01
1.089446938037872314e+01 1.711865380406379700e+00 -7.929455440258550425e-01
1.090252602100372314e+01 1.821972802281379700e+00 -7.915112178539800425e-01
1.091055214405059814e+01 1.931591942906379700e+00 -7.900921504711675425e-01
1.091857826709747314e+01 2.041211083531379700e+00 -7.886578242992925425e-01
1.092120277881622314e+01 2.151562646031379700e+00 -7.872387569164800425e-01
1.092924416065216064e+01 2.261181786656379700e+00 -7.858044307446050425e-01
1.187890541553497314e+01 1.393872216343879700e+00 -7.907025020336675425e-01
1.192224037647247314e+01 1.510449364781379700e+00 -7.907025020336675425e-01
1.196584999561309814e+01 1.627636864781379700e+00 -7.907177608227300425e-01
1.200979530811309814e+01 1.745922997593879700e+00 -7.907177608227300425e-01
1.202773964405059814e+01 1.866040185093879700e+00 -7.895428340649175425e-01
1.203674232959747314e+01 1.986889794468879700e+00 -7.879711787914800425e-01
1.204576027393341064e+01 2.108105614781379700e+00 -7.863995235180425425e-01
1.205476295948028564e+01 2.228955224156379700e+00 -7.848278682446050425e-01
1.316097939014434814e+01 1.267285302281379700e+00 -7.878948848461675425e-01
1.322090065479278564e+01 1.395214989781379700e+00 -7.878796260571050425e-01
1.327355873584747314e+01 1.524731591343879700e+00 -7.878796260571050425e-01
1.332673561573028564e+01 1.655590966343879700e+00 -7.878796260571050425e-01
1.338009560108184814e+01 1.786816552281379700e+00 -7.878643672680425425e-01
1.341671669483184814e+01 1.919751122593879700e+00 -7.871777217602300425e-01
1.342692482471466064e+01 2.054760888218879700e+00 -7.854229610180425425e-01
1.342892372608184814e+01 2.189526513218879700e+00 -7.836834590649175425e-01
1.475976479053497314e+01 1.109448388218879700e+00 -7.844006221508550425e-01
1.482426369190216064e+01 1.253003075718879700e+00 -7.843853633617925425e-01
1.488923561573028564e+01 1.397656396031379700e+00 -7.843701045727300425e-01
1.495492470264434814e+01 1.543896630406379700e+00 -7.843548457836675425e-01
1.502087318897247314e+01 1.690625146031379700e+00 -7.843395869946050425e-01
1.508732521533966064e+01 1.838574364781379700e+00 -7.843243282055425425e-01
1.515185463428497314e+01 1.988232567906379700e+00 -7.842175166821050425e-01
1.516355812549591064e+01 2.139843896031379700e+00 -7.822338741039800425e-01
1.678556740283966064e+01 9.093751460313796997e-01 -7.800060909008550425e-01
1.687998878955841064e+01 1.070630028843879700e+00 -7.799450557446050425e-01
1.696278297901153564e+01 1.234448388218879700e+00 -7.799145381664800425e-01
1.704655373096466064e+01 1.400341942906379700e+00 -7.798840205883550425e-01
1.713076698780059814e+01 1.566967919468879700e+00 -7.798535030102300425e-01
1.721569740772247314e+01 1.735058739781379700e+00 -7.798229854321050425e-01
1.730166542530059814e+01 1.905224755406379700e+00 -7.797924678539800425e-01
1.737487709522247314e+01 2.076611474156379700e+00 -7.797772090649175425e-01
1.946989357471466064e+01 6.443604975938796997e-01 -7.742687862133550425e-01
1.957806313037872314e+01 8.312501460313796997e-01 -7.742077510571050425e-01
1.968730080127716064e+01 1.020092919468879700e+00 -7.741467159008550425e-01
1.979800331592559814e+01 1.211499169468879700e+00 -7.740704219555425425e-01
1.990943825244903564e+01 1.404004052281379700e+00 -7.740093867992925425e-01
2.002223122119903564e+01 1.598584130406379700e+00 -7.739483516430425425e-01
2.013655006885528564e+01 1.795727685093879700e+00 -7.738873164867925425e-01
2.025163185596466064e+01 1.994091942906379700e+00 -7.738262813305425425e-01
2.315322792530059814e+01 2.805909663438796997e-01 -7.666088741039800425e-01
2.330366432666778564e+01 5.008058100938796997e-01 -7.665020625805425425e-01
2.347987282276153564e+01 7.217530757188796997e-01 -7.663342159008550425e-01
2.363470375537872314e+01 9.481935054063796997e-01 -7.662121455883550425e-01
2.379083168506622314e+01 1.176464989781379700e+00 -7.660900752758550425e-01
2.394894325733184814e+01 1.407544091343879700e+00 -7.659832637524175425e-01
2.408450233936309814e+01 1.643261864781379700e+00 -7.659222285961675425e-01
2.424644386768341064e+01 1.879589989781379700e+00 -7.658001582836675425e-01
2.792956459522247314e+01 -1.912107914686203003e-01 -7.437817256664800425e-01
2.882223427295684814e+01 1.130385696887969971e-02 -7.554089229321050425e-01
2.905198585987091064e+01 2.833985835313796997e-01 -7.552105586742925425e-01
2.928590309619903564e+01 5.603761225938796997e-01 -7.550121944164800425e-01
2.952247536182403564e+01 8.405274897813796997e-01 -7.548138301586675425e-01
2.976258766651153564e+01 1.124829247593879700e+00 -7.546002071117925425e-01
3.000717079639434814e+01 1.414502099156379700e+00 -7.543865840649175425e-01
3.025459206104278564e+01 1.707470849156379700e+00 -7.541729610180425425e-01
2.791801369190216064e+01 -1.918211430311203003e-01 -6.145550410961675425e-01
2.975141823291778564e+01 -7.268051803112030029e-02 -6.344067256664800425e-01
3.183839333057403564e+01 6.293959915637969971e-02 -6.570049922680425425e-01
3.424848854541778564e+01 2.189454585313796997e-01 -6.831127803539800425e-01
3.703877174854278564e+01 3.994874507188796997e-01 -7.133404414867925425e-01
3.935996925830841064e+01 6.581544429063796997e-01 -7.369457881664800425e-01
3.978379738330841064e+01 1.036938622593879700e+00 -7.365338008617925425e-01
4.021612465381622314e+01 1.422070458531379700e+00 -7.361370723461675425e-01
2.976911842823028564e+01 -3.760252445936203003e-01 -5.006329219555425425e-01
3.045126259326934814e+01 -1.365232914686203003e-01 -5.021740596508550425e-01
3.182366859912872314e+01 6.208510696887969971e-02 -5.092236201977300425e-01
3.423135292530059814e+01 2.179688960313796997e-01 -5.242840450024175425e-01
3.701861488819122314e+01 3.983888179063796997e-01 -5.417095821117925425e-01
4.029486000537872314e+01 6.103028804063796997e-01 -5.621868770336675425e-01
4.421281349658966064e+01 8.639649897813796997e-01 -5.866772334789800425e-01
4.897650063037872314e+01 1.169629052281379700e+00 -6.164929073071050425e-01
3.122056496143341064e+01 -2.065916508436203003e-01 -3.645245235180425425e-01
3.578852760791778564e+01 1.090821772813796997e-01 -3.719860713696050425e-01
3.876428139209747314e+01 2.938966304063796997e-01 -3.771435420727300425e-01
5.224177467823028564e+01 1.073193505406379700e+00 -4.012371700024175425e-01
2.670770180225372314e+01 -7.744126021862030029e-02 -2.270275752758550425e-01
2.849995338916778564e+01 3.278823196887969971e-02 -2.219311397289800425e-01
3.054353249073028564e+01 1.588868647813796997e-01 -2.168804805492925425e-01
3.292674171924591064e+01 3.032960444688796997e-01 -2.101818721508550425e-01
3.569737160205841064e+01 4.712647944688796997e-01 -2.023998897289800425e-01
3.896249306201934814e+01 6.699952632188796997e-01 -1.932293575024175425e-01
4.289169228076934814e+01 9.093751460313796997e-01 -1.811291377758550425e-01
4.764781105518341064e+01 1.201489403843879700e+00 -1.676098506664800425e-01
2.695895302295684814e+01 -1.038084477186203003e-01 -1.022869746899175425e-01
2.868722450733184814e+01 1.447768509387969971e-02 -8.934752156491754249e-02
3.065197670459747314e+01 1.483888179063796997e-01 -7.463804890866754249e-02
3.291746437549591064e+01 3.018312007188796997e-01 -5.768553426023004249e-02
3.564900124073028564e+01 4.718751460313796997e-01 -3.743712117429254249e-02
3.904164040088653564e+01 6.637696772813796997e-01 -1.255003621335504249e-02
4.314353859424591064e+01 8.969239741563796997e-01 1.755555460695745751e-02
4.765925514698028564e+01 1.198071435093879700e+00 5.127747843508245751e-02
2.703366005420684814e+01 -1.128416508436203003e-01 2.365907023195745751e-02
2.883038246631622314e+01 -4.868209362030029297e-05 4.450257609133245751e-02
3.081498634815216064e+01 1.337403804063796997e-01 6.838258097414495751e-02
3.302030861377716064e+01 2.927979975938796997e-01 9.505494425539495751e-02
3.559554970264434814e+01 4.727296382188796997e-01 1.261218387866449575e-01
3.922047340869903564e+01 6.525392085313796997e-01 1.689227421069574575e-01
5.224125587940216064e+01 1.063183739781379700e+00 3.209155399585199575e-01
2.695349037647247314e+01 -1.066160649061203003e-01 1.473773319507074575e-01
3.122018349170684814e+01 -2.141600102186203003e-01 2.133258182788324575e-01
3.574575722217559814e+01 1.032228022813796997e-01 2.886584598803949575e-01
3.874836647510528564e+01 2.851075679063796997e-01 3.382800419116449575e-01
4.374201881885528564e+01 8.682374507188796997e-01 4.243090946460199575e-01
4.851377785205841064e+01 1.167431786656379700e+00 5.032885868335199575e-01
3.122010719776153564e+01 -2.161131352186203003e-01 3.573687870288324575e-01
3.369062721729278564e+01 2.425050288438796997e-01 4.132159549975824575e-01
3.648817360401153564e+01 4.157228022813796997e-01 4.722369510913324575e-01
3.977534401416778564e+01 6.205567866563796997e-01 5.416186649585199575e-01
2.737077248096466064e+01 -1.511717289686203003e-01 4.069598514819574575e-01
2.918734657764434814e+01 -3.703598678112030029e-02 4.536212284350824575e-01
3.126530373096466064e+01 9.248061478137969971e-02 5.069964725757074575e-01
3.367462074756622314e+01 2.415284663438796997e-01 5.688556034350824575e-01
2.736044228076934814e+01 -1.517820805311203003e-01 5.337451298022699575e-01
9.994612812995910645e+00 2.288281396031379700e+00 -7.866284053539800425e-01
1.000080788135528564e+01 2.388745263218879700e+00 -7.853161494946050425e-01
1.000244057178497314e+01 2.489453271031379700e+00 -7.840191524242925425e-01
1.000407326221466064e+01 2.590527489781379700e+00 -7.827068965649175425e-01
1.000572121143341064e+01 2.691235497593879700e+00 -7.814098994946050425e-01
1.000735390186309814e+01 2.792065575718879700e+00 -7.800976436352300425e-01
1.000900185108184814e+01 2.893139794468879700e+00 -7.787853877758550425e-01
1.000607216358184814e+01 2.993847802281379700e+00 -7.774883907055425425e-01
1.092927467823028564e+01 2.261547997593879700e+00 -7.858044307446050425e-01
1.093128883838653564e+01 2.371411278843879700e+00 -7.843853633617925425e-01
1.093873512744903564e+01 2.481274560093879700e+00 -7.829510371899175425e-01
1.094077980518341064e+01 2.591748192906379700e+00 -7.815167110180425425e-01
1.094280922412872314e+01 2.701733544468879700e+00 -7.800976436352300425e-01
1.094483864307403564e+01 2.811963036656379700e+00 -7.786785762524175425e-01
1.094142067432403564e+01 2.922314599156379700e+00 -7.772595088696050425e-01
1.094346535205841064e+01 3.032544091343879700e+00 -7.758251826977300425e-01
1.205479347705841064e+01 2.229321435093879700e+00 -7.848278682446050425e-01
1.205734169483184814e+01 2.350415185093879700e+00 -7.832562129711675425e-01
1.205988991260528564e+01 2.471508935093879700e+00 -7.816845576977300425e-01
1.206245338916778564e+01 2.593213036656379700e+00 -7.801129024242925425e-01
1.206500160694122314e+01 2.714428856968879700e+00 -7.785412471508550425e-01
1.206754982471466064e+01 2.835766747593879700e+00 -7.769848506664800425e-01
1.207011330127716064e+01 2.957592919468879700e+00 -7.753979366039800425e-01
1.207266151905059814e+01 3.079052880406379700e+00 -7.738262813305425425e-01
1.342896950244903564e+01 2.190014794468879700e+00 -7.836834590649175425e-01
1.344039833545684814e+01 2.324658349156379700e+00 -7.819286983227300425e-01
1.344366371631622314e+01 2.459546044468879700e+00 -7.801739375805425425e-01
1.344692909717559814e+01 2.594922021031379700e+00 -7.784344356274175425e-01
1.345019447803497314e+01 2.730053856968879700e+00 -7.766796748852300425e-01
1.345345985889434814e+01 2.865185692906379700e+00 -7.749249141430425425e-01
1.345674049854278564e+01 3.000805810093879700e+00 -7.731701534008550425e-01
1.345178139209747314e+01 3.135815575718879700e+00 -7.714306514477300425e-01
1.516360390186309814e+01 2.140454247593879700e+00 -7.822338741039800425e-01
1.516786110401153564e+01 2.292431786656379700e+00 -7.802654903149175425e-01
1.517213356494903564e+01 2.444531396031379700e+00 -7.782971065258550425e-01
1.517642128467559814e+01 2.597241356968879700e+00 -7.763134639477300425e-01
1.518069374561309814e+01 2.749585106968879700e+00 -7.743450801586675425e-01
1.518496620655059814e+01 2.901928856968879700e+00 -7.723766963696050425e-01
1.518925392627716064e+01 3.055005028843879700e+00 -7.703930537914800425e-01
1.519354164600372314e+01 3.207592919468879700e+00 -7.684094112133550425e-01
1.737550270557403564e+01 2.077099755406379700e+00 -7.797924678539800425e-01
1.741647255420684814e+01 2.250439599156379700e+00 -7.781750362133550425e-01
1.742230141162872314e+01 2.425000146031379700e+00 -7.759167354321050425e-01
1.742814552783966064e+01 2.600171044468879700e+00 -7.736584346508550425e-01
1.743397438526153564e+01 2.774853661656379700e+00 -7.713848750805425425e-01
1.743981850147247314e+01 2.949780419468879700e+00 -7.691265742992925425e-01
1.744567787647247314e+01 3.125439599156379700e+00 -7.668530147289800425e-01
1.743775856494903564e+01 3.300000146031379700e+00 -7.646099727367925425e-01
2.025247108936309814e+01 1.994824364781379700e+00 -7.738415401196050425e-01
2.036059486865997314e+01 2.195507958531379700e+00 -7.737957637524175425e-01
2.043371498584747314e+01 2.398755028843879700e+00 -7.728192012524175425e-01
2.044201576709747314e+01 2.604077294468879700e+00 -7.701641719555425425e-01
2.045030128955841064e+01 2.808911278843879700e+00 -7.675091426586675425e-01
2.045860207080841064e+01 3.013867333531379700e+00 -7.648541133617925425e-01
2.046691811084747314e+01 3.219799950718879700e+00 -7.621838252758550425e-01
2.047523415088653564e+01 3.425122216343879700e+00 -7.595287959789800425e-01
2.424758827686309814e+01 1.880444481968879700e+00 -7.658154170727300425e-01
2.440316689014434814e+01 2.120068505406379700e+00 -7.657238643383550425e-01
2.458711159229278564e+01 2.362622216343879700e+00 -7.655712764477300425e-01
2.474623024463653564e+01 2.609692528843879700e+00 -7.654339473461675425e-01
2.475875771045684814e+01 2.857495263218879700e+00 -7.622296016430425425e-01
2.477128517627716064e+01 3.105420067906379700e+00 -7.590252559399175425e-01
2.475607216358184814e+01 3.353711083531379700e+00 -7.558361690258550425e-01
2.476861488819122314e+01 3.602002099156379700e+00 -7.526165645336675425e-01
3.025636208057403564e+01 1.708447411656379700e+00 -7.541882198071050425e-01
3.049986183643341064e+01 2.006298974156379700e+00 -7.539898555492925425e-01
3.074734413623809814e+01 2.309033349156379700e+00 -7.537914912914800425e-01
3.099977028369903564e+01 2.617871239781379700e+00 -7.535778682446050425e-01
3.125550758838653564e+01 2.930615380406379700e+00 -7.533642451977300425e-01
3.135572731494903564e+01 3.245312646031379700e+00 -7.505871455883550425e-01
3.137655556201934814e+01 3.560498192906379700e+00 -7.464977901196050425e-01
3.139735329151153564e+01 3.875073388218879700e+00 -7.424236934399175425e-01
4.021899330615997314e+01 1.423413231968879700e+00 -7.361523311352300425e-01
4.065678322315216064e+01 1.816845849156379700e+00 -7.357708614086675425e-01
4.110424721240997314e+01 2.218945458531379700e+00 -7.353741328930425425e-01
4.156327736377716064e+01 2.631543114781379700e+00 -7.349621455883550425e-01
4.203100502490997314e+01 3.051953271031379700e+00 -7.345501582836675425e-01
4.250941383838653564e+01 3.482006981968879700e+00 -7.341229121899175425e-01
4.285497963428497314e+01 3.919018700718879700e+00 -7.320477168774175425e-01
4.289564430713653564e+01 4.348828271031379700e+00 -7.264782588696050425e-01
4.901472389698028564e+01 1.170239403843879700e+00 -6.167523067211675425e-01
5.494287025928497314e+01 1.549511864781379700e+00 -6.537853877758550425e-01
6.253492653369903564e+01 2.032666161656379700e+00 -7.012554805492925425e-01
6.397672951221466064e+01 2.660717919468879700e+00 -7.027050655102300425e-01
6.515626442432403564e+01 3.312573388218879700e+00 -7.019573848461675425e-01
6.637974464893341064e+01 3.988842919468879700e+00 -7.011639278149175425e-01
6.765376198291778564e+01 4.693554833531379700e+00 -7.003399532055425425e-01
6.899198830127716064e+01 5.424145653843879700e+00 -6.996075313305425425e-01
5.224150002002716064e+01 1.074902489781379700e+00 -4.012219112133550425e-01
5.824439918994903564e+01 1.484570458531379700e+00 -4.108196895336675425e-01
6.579460060596466064e+01 2.000439599156379700e+00 -4.228893916821050425e-01
7.618208229541778564e+01 2.673169091343879700e+00 -4.400250117992925425e-01
8.681950294971466064e+01 3.553540185093879700e+00 -4.548565547680425425e-01
4.768392860889434814e+01 1.202099755406379700e+00 -1.675335567211675425e-01
5.361700356006622314e+01 1.567212060093879700e+00 -1.502300899242925425e-01
6.120074379444122314e+01 2.036206200718879700e+00 -1.295696895336675425e-01
7.134593117237091064e+01 2.662060692906379700e+00 -1.002117793774175425e-01
8.519927895069122314e+01 3.529614403843879700e+00 -5.994383504148004249e-02
4.765901100635528564e+01 1.199780419468879700e+00 5.129273722414495751e-02
5.366509926319122314e+01 1.562817528843879700e+00 9.626038859133245751e-02
6.070924293994903564e+01 2.036572411656379700e+00 1.496814090991449575e-01
7.138162147998809814e+01 2.657422021031379700e+00 2.292407352710199575e-01
9.280158913135528564e+01 3.609204247593879700e+00 3.847430546069574575e-01
5.224098122119903564e+01 1.065014794468879700e+00 3.209307987475824575e-01
5.824386513233184814e+01 1.473462060093879700e+00 3.927691776538324575e-01
6.209742653369903564e+01 2.020459130406379700e+00 4.437487919116449575e-01
7.215977394580841064e+01 2.653759911656379700e+00 5.655749637866449575e-01
4.854991066455841064e+01 1.168042138218879700e+00 5.038684208178949575e-01
5.447965919971466064e+01 1.540600731968879700e+00 6.029895145678949575e-01
1.000608742237091064e+01 2.994214013218879700e+00 -7.774883907055425425e-01
1.000663673877716064e+01 3.095166161656379700e+00 -7.761913936352300425e-01
1.000262367725372314e+01 3.195874169468879700e+00 -7.748943965649175425e-01
9.998595356941223145e+00 3.297070458531379700e+00 -7.735821407055425425e-01
9.994582295417785645e+00 3.398022606968879700e+00 -7.722851436352300425e-01
9.990553975105285645e+00 3.499096825718879700e+00 -7.709881465649175425e-01
9.986525654792785645e+00 3.600537255406379700e+00 -7.696758907055425425e-01
9.977934956550598145e+00 3.701123192906379700e+00 -7.683941524242925425e-01
1.094345009326934814e+01 3.032910302281379700e+00 -7.758251826977300425e-01
1.093945229053497314e+01 3.142895653843879700e+00 -7.744061153149175425e-01
1.094088661670684814e+01 3.253369286656379700e+00 -7.729717891430425425e-01
1.093685829639434814e+01 3.363964989781379700e+00 -7.715527217602300425e-01
1.093284523487091064e+01 3.474316552281379700e+00 -7.701336543774175425e-01
1.092881691455841064e+01 3.584668114781379700e+00 -7.687145869946050425e-01
1.091932594776153564e+01 3.695019677281379700e+00 -7.672955196117925425e-01
1.091529762744903564e+01 3.805615380406379700e+00 -7.658764522289800425e-01
1.207264626026153564e+01 3.079419091343879700e+00 -7.738262813305425425e-01
1.206872475147247314e+01 3.200756981968879700e+00 -7.722546260571050425e-01
1.206478798389434814e+01 3.322094872593879700e+00 -7.706982295727300425e-01
1.206085121631622314e+01 3.444043114781379700e+00 -7.691265742992925425e-01
1.205691444873809814e+01 3.565625146031379700e+00 -7.675549190258550425e-01
1.205297768115997314e+01 3.687329247593879700e+00 -7.659985225414800425e-01
1.204902565479278564e+01 3.809521630406379700e+00 -7.644268672680425425e-01
1.204508888721466064e+01 3.931469872593879700e+00 -7.628552119946050425e-01
1.345176613330841064e+01 3.136303856968879700e+00 -7.714306514477300425e-01
1.345628273487091064e+01 3.271801903843879700e+00 -7.696758907055425425e-01
1.345259010791778564e+01 3.407055810093879700e+00 -7.679363887524175425e-01
1.344886696338653564e+01 3.542920067906379700e+00 -7.661816280102300425e-01
1.344517433643341064e+01 3.678418114781379700e+00 -7.644421260571050425e-01
1.344145119190216064e+01 3.814038231968879700e+00 -7.626873653149175425e-01
1.343772804737091064e+01 3.950268700718879700e+00 -7.609326045727300425e-01
1.342579567432403564e+01 4.085278466343879700e+00 -7.592083614086675425e-01
1.519352638721466064e+01 3.208081200718879700e+00 -7.684094112133550425e-01
1.519032204151153564e+01 3.360547021031379700e+00 -7.664410274242925425e-01
1.518710243701934814e+01 3.513134911656379700e+00 -7.644726436352300425e-01
1.518386757373809814e+01 3.666455224156379700e+00 -7.625042598461675425e-01
1.518064796924591064e+01 3.819409325718879700e+00 -7.605206172680425425e-01
1.517741310596466064e+01 3.972485497593879700e+00 -7.585522334789800425e-01
1.517416298389434814e+01 4.126294091343879700e+00 -7.565685909008550425e-01
1.517092812061309814e+01 4.279736474156379700e+00 -7.545849483227300425e-01
1.743772804737091064e+01 3.300610497593879700e+00 -7.645947139477300425e-01
1.744927895069122314e+01 3.476269677281379700e+00 -7.623211543774175425e-01
1.744703590869903564e+01 3.651440575718879700e+00 -7.600628535961675425e-01
1.744477760791778564e+01 3.827465966343879700e+00 -7.577892940258550425e-01
1.744250404834747314e+01 4.003247216343879700e+00 -7.555157344555425425e-01
1.744024574756622314e+01 4.179028466343879700e+00 -7.532574336742925425e-01
1.743797218799591064e+01 4.355786278843879700e+00 -7.509686153149175425e-01
1.742187416553497314e+01 4.530590966343879700e+00 -7.487408321117925425e-01
2.047511208057403564e+01 3.425854638218879700e+00 -7.595135371899175425e-01
2.047476112842559814e+01 3.631176903843879700e+00 -7.568737666821050425e-01
2.047442543506622314e+01 3.836743310093879700e+00 -7.542187373852300425e-01
2.047407448291778564e+01 4.043286278843879700e+00 -7.515484492992925425e-01
2.047373878955841064e+01 4.249463036656379700e+00 -7.488934200024175425e-01
2.047338783740997314e+01 4.456006005406379700e+00 -7.462231319164800425e-01
2.047303688526153564e+01 4.663403466343879700e+00 -7.435528438305425425e-01
2.047270119190216064e+01 4.870556786656379700e+00 -7.408825557446050425e-01
2.476872169971466064e+01 3.602856591343879700e+00 -7.526013057446050425e-01
2.477221596240997314e+01 3.851147606968879700e+00 -7.493969600414800425e-01
2.480358803272247314e+01 4.101635888218879700e+00 -7.461315791821050425e-01
2.480712807178497314e+01 4.351880028843879700e+00 -7.428967159008550425e-01
2.481066811084747314e+01 4.601880028843879700e+00 -7.396771114086675425e-01
2.481420814990997314e+01 4.852246239781379700e+00 -7.364422481274175425e-01
2.478974831104278564e+01 5.101025536656379700e+00 -7.332531612133550425e-01
2.479322731494903564e+01 5.352002099156379700e+00 -7.300182979321050425e-01
3.139741432666778564e+01 3.876172021031379700e+00 -7.424084346508550425e-01
3.140948402881622314e+01 4.191113427281379700e+00 -7.383343379711675425e-01
3.142158424854278564e+01 4.506543114781379700e+00 -7.342602412914800425e-01
3.143376076221466064e+01 4.823925927281379700e+00 -7.301556270336675425e-01
3.144590675830841064e+01 5.140942528843879700e+00 -7.260510127758550425e-01
3.145808327198028564e+01 5.458691552281379700e+00 -7.219463985180425425e-01
3.147033607959747314e+01 5.778271630406379700e+00 -7.178112666821050425e-01
3.148258888721466064e+01 6.097485497593879700e+00 -7.136761348461675425e-01
4.289533913135528564e+01 4.350293114781379700e+00 -7.264477412914800425e-01
4.293063271045684814e+01 4.781079247593879700e+00 -7.208782832836675425e-01
4.296609413623809814e+01 5.213086083531379700e+00 -7.152783076977300425e-01
4.300179970264434814e+01 5.648022606968879700e+00 -7.096478145336675425e-01
4.303749001026153564e+01 6.082837060093879700e+00 -7.040325801586675425e-01
4.307328712940216064e+01 6.518994286656379700e+00 -6.983715694164800425e-01
4.310934364795684814e+01 6.958081200718879700e+00 -6.926952998852300425e-01
4.329251015186309814e+01 7.413525536656379700e+00 -6.885143916821050425e-01
6.900099098682403564e+01 5.426953271031379700e+00 -6.996380489086675425e-01
6.917240822315216064e+01 6.124951317906379700e+00 -6.909100215649175425e-01
6.930740272998809814e+01 6.825146630406379700e+00 -6.818920772289800425e-01
6.944372475147247314e+01 7.531689599156379700e+00 -6.727825801586675425e-01
6.958036720752716064e+01 8.239697411656379700e+00 -6.636730830883550425e-01
6.971775734424591064e+01 8.951489403843879700e+00 -6.545025508617925425e-01
7.129904091358184814e+01 9.815991356968879700e+00 -6.534954707836675425e-01
7.500712502002716064e+01 1.094843764603137970e+01 -6.638714473461675425e-01
9.978041768074035645e+00 3.701489403843879700e+00 -7.683941524242925425e-01
9.972930073738098145e+00 3.802563622593879700e+00 -7.670971553539800425e-01
9.963240742683410645e+00 3.903271630406379700e+00 -7.658001582836675425e-01
9.953505635261535645e+00 4.004467919468879700e+00 -7.645184200024175425e-01
9.943785786628723145e+00 4.105420067906379700e+00 -7.632214229321050425e-01
9.934065937995910645e+00 4.206372216343879700e+00 -7.619244258617925425e-01
9.924300312995910645e+00 4.307812646031379700e+00 -7.606274287914800425e-01
9.910018086433410645e+00 4.408276513218879700e+00 -7.593456905102300425e-01
1.091543495655059814e+01 3.805981591343879700e+00 -7.658764522289800425e-01
1.090536415576934814e+01 3.915966942906379700e+00 -7.644726436352300425e-01
1.090072548389434814e+01 4.026806786656379700e+00 -7.630383174633550425e-01
1.089059364795684814e+01 4.137402489781379700e+00 -7.616192500805425425e-01
1.088049232959747314e+01 4.247754052281379700e+00 -7.602154414867925425e-01
1.087037575244903564e+01 4.358349755406379700e+00 -7.587963741039800425e-01
1.085476601123809814e+01 4.468335106968879700e+00 -7.573925655102300425e-01
1.084463417530059814e+01 4.579052880406379700e+00 -7.559734981274175425e-01
1.204524147510528564e+01 3.931958153843879700e+00 -7.628552119946050425e-01
1.203480446338653564e+01 4.053173974156379700e+00 -7.612988155102300425e-01
1.202436745166778564e+01 4.174756005406379700e+00 -7.597424190258550425e-01
1.201386940479278564e+01 4.296704247593879700e+00 -7.581707637524175425e-01
1.200341713428497314e+01 4.418530419468879700e+00 -7.566143672680425425e-01
1.199293434619903564e+01 4.540356591343879700e+00 -7.550579707836675425e-01
1.198240578174591064e+01 4.662915185093879700e+00 -7.534863155102300425e-01
1.197190773487091064e+01 4.785107567906379700e+00 -7.519146602367925425e-01
1.342594826221466064e+01 4.085766747593879700e+00 -7.592083614086675425e-01
1.342349159717559814e+01 4.221997216343879700e+00 -7.574383418774175425e-01
1.341277992725372314e+01 4.357495263218879700e+00 -7.557140987133550425e-01
1.340202248096466064e+01 4.493603661656379700e+00 -7.539593379711675425e-01
1.339129555225372314e+01 4.629467919468879700e+00 -7.522198360180425425e-01
1.338055336475372314e+01 4.765576317906379700e+00 -7.504803340649175425e-01
1.336975014209747314e+01 4.902172997593879700e+00 -7.487255733227300425e-01
1.335075294971466064e+01 5.037060692906379700e+00 -7.470013301586675425e-01
1.517109596729278564e+01 4.280346825718879700e+00 -7.545849483227300425e-01
1.516035377979278564e+01 4.433178856968879700e+00 -7.526318233227300425e-01
1.514958107471466064e+01 4.586255028843879700e+00 -7.506634395336675425e-01
1.513876259326934814e+01 4.739941552281379700e+00 -7.486950557446050425e-01
1.512795937061309814e+01 4.893506005406379700e+00 -7.467266719555425425e-01
1.511714088916778564e+01 5.047314599156379700e+00 -7.447430293774175425e-01
1.510627663135528564e+01 5.201733544468879700e+00 -7.427746455883550425e-01
1.509542763233184814e+01 5.356030419468879700e+00 -7.407910030102300425e-01
1.742208778858184814e+01 4.531201317906379700e+00 -7.487255733227300425e-01
1.742552101612091064e+01 4.708447411656379700e+00 -7.464367549633550425e-01
1.741511452198028564e+01 4.884472802281379700e+00 -7.441784541821050425e-01
1.740466225147247314e+01 5.061474755406379700e+00 -7.419048946117925425e-01
1.739422523975372314e+01 5.237988427281379700e+00 -7.396313350414800425e-01
1.738377296924591064e+01 5.414990380406379700e+00 -7.373730342602300425e-01
1.737325966358184814e+01 5.592846825718879700e+00 -7.350842159008550425e-01
1.742832863330841064e+01 5.782422021031379700e+00 -7.350689571117925425e-01
2.047294533252716064e+01 4.871289208531379700e+00 -7.408825557446050425e-01
2.046389687061309814e+01 5.077832177281379700e+00 -7.382275264477300425e-01
2.045481789112091064e+01 5.284741356968879700e+00 -7.355572383617925425e-01
2.044569313526153564e+01 5.492749169468879700e+00 -7.328869502758550425e-01
2.043658363819122314e+01 5.700512841343879700e+00 -7.302166621899175425e-01
2.048797523975372314e+01 5.918652489781379700e+00 -7.289501826977300425e-01
2.059350502490997314e+01 6.148388817906379700e+00 -7.289349239086675425e-01
2.070043861865997314e+01 6.380566552281379700e+00 -7.289196651196050425e-01
2.479333412647247314e+01 5.352856591343879700e+00 -7.300030391430425425e-01
2.478768837451934814e+01 5.603344872593879700e+00 -7.267834346508550425e-01
2.481011879444122314e+01 5.858227685093879700e+00 -7.234722774242925425e-01
2.482359230518341064e+01 6.113842919468879700e+00 -7.205731075024175425e-01
2.498495399951934814e+01 6.392163231968879700e+00 -7.204815547680425425e-01
2.514961159229278564e+01 6.675000146031379700e+00 -7.203900020336675425e-01
2.534242165088653564e+01 6.967724755406379700e+00 -7.213970821117925425e-01
2.573335182666778564e+01 7.300610497593879700e+00 -7.254101436352300425e-01
3.148304665088653564e+01 6.098584130406379700e+00 -7.136761348461675425e-01
3.148652565479278564e+01 6.417675927281379700e+00 -7.095562617992925425e-01
3.167719948291778564e+01 6.762402489781379700e+00 -7.081524532055425425e-01
3.195716774463653564e+01 7.125805810093879700e+00 -7.079540889477300425e-01
3.239620888233184814e+01 7.518994286656379700e+00 -7.099529903149175425e-01
3.305454933643341064e+01 7.957714989781379700e+00 -7.149273555492925425e-01
3.374456703662872314e+01 8.417553856968879700e+00 -7.201306026196050425e-01
3.446357643604278564e+01 8.896801903843879700e+00 -7.255627315258550425e-01
4.329690468311309814e+01 7.415478661656379700e+00 -6.885449092602300425e-01
4.385008156299591064e+01 7.920727685093879700e+00 -6.880871455883550425e-01
4.486067116260528564e+01 8.498608544468879700e+00 -6.919933955883550425e-01
4.618492043018341064e+01 9.144604638218879700e+00 -6.986614864086675425e-01
4.759051430225372314e+01 9.829663231968879700e+00 -7.057263057446050425e-01
4.910093605518341064e+01 1.056184096634387970e+01 -7.133862178539800425e-01
5.072074806690216064e+01 1.134699721634387970e+01 -7.215954463696050425e-01
5.207986366748809814e+01 1.211750502884387970e+01 -7.269512813305425425e-01
7.503575050830841064e+01 1.095417495071887970e+01 -6.639935176586675425e-01
7.934007179737091064e+01 1.223591323196887970e+01 -6.763989131664800425e-01
8.433531105518341064e+01 1.369794936478137970e+01 -6.911389034008550425e-01
8.010485756397247314e+01 1.395710463821887970e+01 -6.570660274242925425e-01
7.100811684131622314e+01 1.338923354446887970e+01 -5.999981563305425425e-01
6.370295631885528564e+01 1.292902846634387970e+01 -5.542370479321050425e-01
5.770204079151153564e+01 1.254841323196887970e+01 -5.166699092602300425e-01
5.244538795948028564e+01 1.218049331009387970e+01 -4.842755000805425425e-01
9.288676369190216064e+01 1.481843276321887970e+01 -3.063427608227300425e-01
8.088467323780059814e+01 1.406208510696887970e+01 -2.860943477367925425e-01
7.188032448291778564e+01 1.351679702103137970e+01 -2.705761592602300425e-01
6.440501320362091064e+01 1.303828139603137970e+01 -2.580792110180425425e-01
5.840406715869903564e+01 1.266535659134387970e+01 -2.478863399242925425e-01
5.028961098194122314e+01 1.178254409134387970e+01 -2.397991817211675425e-01
8.772564613819122314e+01 1.413239760696887970e+01 1.030200321460199575e-01
7.632914650440216064e+01 1.341010756790637970e+01 7.000001261476995751e-02
6.744135963916778564e+01 1.283686538040637970e+01 4.409058878664495751e-02
6.039002907276153564e+01 1.238239760696887970e+01 2.355225870851995751e-02
5.465960609912872314e+01 1.201521010696887970e+01 8.247693278832457509e-03
4.991963112354278564e+01 1.171113295853137970e+01 -5.668322346167542491e-03
8.867536842823028564e+01 1.425104995071887970e+01 5.193408329272699575e-01
8.088458168506622314e+01 1.405048842728137970e+01 4.657367069507074575e-01
7.188008034229278564e+01 1.350642104446887970e+01 3.986438114428949575e-01
6.440470802783966064e+01 1.302888198196887970e+01 3.425067264819574575e-01
5.840373146533966064e+01 1.265681166946887970e+01 2.976458866382074575e-01
8.741888344287872314e+01 1.855781264603137970e+01 5.819629032397699575e-01
6.138816750049591064e+01 1.253535170853137970e+01 6.004565555835199575e-01
5.560786354541778564e+01 1.217060561478137970e+01 5.306781132007074575e-01
5.082734596729278564e+01 1.186958022415637970e+01 4.742358524585199575e-01
5.239979469776153564e+01 1.232465834915637970e+01 2.621386844897699575e-01
6.002227699756622314e+01 1.244904799759387970e+01 5.993121464038324575e-01
5.423892128467559814e+01 1.208430190384387970e+01 5.293505985522699575e-01
4.945695412158966064e+01 1.178327651321887970e+01 4.728015262866449575e-01
5.540513527393341064e+01 1.243708510696887970e+01 2.916644413257074575e-01
5.087620460987091064e+01 1.220844741165637970e+01 2.585070926928949575e-01
5.867619240283966064e+01 1.236408706009387970e+01 5.976641971850824575e-01
5.288836586475372314e+01 1.199909682571887970e+01 5.275958378100824575e-01
4.810331642627716064e+01 1.169819350540637970e+01 4.709399540210199575e-01
4.881631386280059814e+01 1.174287123978137970e+01 5.206378299975824575e-01
4.402535927295684814e+01 1.144221206009387970e+01 4.637683231616449575e-01
4.487882912158966064e+01 1.176557631790637970e+01 2.412646610522699575e-01
5.324781715869903564e+01 1.202155776321887970e+01 5.867541630053949575e-01
4.744920265674591064e+01 1.165668959915637970e+01 5.164569217944574575e-01
4.266126930713653564e+01 1.135688491165637970e+01 4.597247440600824575e-01
4.472860634326934814e+01 1.148615737259387970e+01 5.125811893725824575e-01
3.993806374073028564e+01 1.118671889603137970e+01 4.556201298022699575e-01
4.174330830574035645e+00 8.908764794468879700e+00 3.895800907397699575e-01
