9.730600297451019287e+00 -1.320329662412405014e+00 -2.124001529591623694e-01
9.764192521572113037e+00 -1.242082592099905014e+00 -2.124459293263498694e-01
9.793737351894378662e+00 -1.162858959287405014e+00 -2.124917056935373694e-01
9.823491990566253662e+00 -1.083024974912405014e+00 -2.125374820607248694e-01
9.853254258632659912e+00 -1.003190990537405014e+00 -2.125832584279123694e-01
9.883237779140472412e+00 -9.227466545999050140e-01 -2.126290347950998694e-01
9.908380448818206787e+00 -8.418140374124050140e-01 -2.124154117482248694e-01
9.914342820644378662e+00 -7.585620842874050140e-01 -2.113472965138498694e-01
1.057883638143539429e+01 -1.462907787412405014e+00 -2.115456607716623694e-01
1.061249727010726929e+01 -1.377458568662405014e+00 -2.116066959279123694e-01
1.064629548788070679e+01 -1.291643138974905014e+00 -2.116524722950998694e-01
1.068532365560531616e+01 -1.205949779599905014e+00 -2.116982486622873694e-01
1.071941941976547241e+01 -1.119401928037405014e+00 -2.117592838185373694e-01
1.074873918294906616e+01 -1.031511303037405014e+00 -2.118050601857248694e-01
1.078308671712875366e+01 -9.443530999124050140e-01 -2.118660953419748694e-01
1.081756395101547241e+01 -8.568286858499050140e-01 -2.119118717091623694e-01
1.158754152059555054e+01 -1.632463451474905014e+00 -2.105538394825998694e-01
1.162660783529281616e+01 -1.539323803037405014e+00 -2.105996158497873694e-01
1.166584199666976929e+01 -1.445695873349905014e+00 -2.106606510060373694e-01
1.170538896322250366e+01 -1.351335521787405014e+00 -2.107064273732248694e-01
1.174497026205062866e+01 -1.256853099912405014e+00 -2.107674625294748694e-01
1.178486818075180054e+01 -1.161760326474905014e+00 -2.108284976857248694e-01
1.182480424642562866e+01 -1.066423412412405014e+00 -2.108742740529123694e-01
1.186491960287094116e+01 -9.707202874124050140e-01 -2.109353092091623694e-01
1.279982179403305054e+01 -1.836198803037405014e+00 -2.093483951466623694e-01
1.285309404134750366e+01 -1.735002513974905014e+00 -2.093941715138498694e-01
1.289943116903305054e+01 -1.631975170224905014e+00 -2.094552066700998694e-01
1.294615739583969116e+01 -1.528215404599905014e+00 -2.095162418263498694e-01
1.299294847249984741e+01 -1.424211498349905014e+00 -2.095620181935373694e-01
1.304012864828109741e+01 -1.319353099912405014e+00 -2.096230533497873694e-01
1.308738130331039429e+01 -1.214372631162405014e+00 -2.096840885060373694e-01
1.312739747762680054e+01 -1.108049388974905014e+00 -2.097451236622873694e-01
1.430011552572250366e+01 -2.088396068662405014e+00 -2.077767398732248694e-01
1.435546296834945679e+01 -1.974748607724905014e+00 -2.078377750294748694e-01
1.441110414266586304e+01 -1.860368724912405014e+00 -2.078835513966623694e-01
1.446724122762680054e+01 -1.745012279599905014e+00 -2.079445865529123694e-01
1.452348893880844116e+01 -1.629533763974905014e+00 -2.079903629200998694e-01
1.458023637533187866e+01 -1.512834545224905014e+00 -2.080513980763498694e-01
1.463710206747055054e+01 -1.396013256162405014e+00 -2.080971744435373694e-01
1.469427675008773804e+01 -1.278581615537405014e+00 -2.081582095997873694e-01
1.618139070272445679e+01 -2.404680248349905014e+00 -2.057168033497873694e-01
1.626119035482406616e+01 -2.278825756162405014e+00 -2.057473209279123694e-01
1.633003038167953491e+01 -2.150285717099905014e+00 -2.058083560841623694e-01
1.639953416585922241e+01 -2.020524974912405014e+00 -2.058541324513498694e-01
1.646922105550765991e+01 -1.890398021787405014e+00 -2.059151676075998694e-01
1.653957933187484741e+01 -1.759050365537405014e+00 -2.059609439747873694e-01
1.661013597249984741e+01 -1.627336498349905014e+00 -2.060219791310373694e-01
1.666914933919906616e+01 -1.493425365537405014e+00 -2.060830142872873694e-01
1.864084428548812866e+01 -2.818010326474905014e+00 -2.029091861622873694e-01
1.872788041830062866e+01 -2.672380443662405014e+00 -2.029549625294748694e-01
1.881553453207015991e+01 -2.525773998349905014e+00 -2.030007388966623694e-01
1.890409654378890991e+01 -2.377580638974905014e+00 -2.030465152638498694e-01
1.899298661947250366e+01 -2.228898998349905014e+00 -2.030770328419748694e-01
1.908281511068344116e+01 -2.078508373349905014e+00 -2.031228092091623694e-01
1.917297166585922241e+01 -1.927751537412405014e+00 -2.031685855763498694e-01
1.926378434896469116e+01 -1.775773998349905014e+00 -2.032143619435373694e-01
2.084677690267562866e+01 -3.189104076474905014e+00 -1.712929752247873694e-01
2.165112107992172241e+01 -3.139055248349905014e+00 -1.886727359669748694e-01
2.220105546712875366e+01 -3.037248607724905014e+00 -1.989571597950998694e-01
2.231912416219711304e+01 -2.864397045224905014e+00 -1.989724185841623694e-01
2.243780320882797241e+01 -2.690813060849905014e+00 -1.990029361622873694e-01
2.255787461996078491e+01 -2.515153881162405014e+00 -1.990181949513498694e-01
2.265658372640609741e+01 -2.336076732724905014e+00 -1.990792301075998694e-01
2.277805894613265991e+01 -2.158220287412405014e+00 -1.990944888966623694e-01
2.084122651815414429e+01 -3.189348217099905014e+00 -7.340784338884986937e-02
2.164504045248031616e+01 -3.139177318662405014e+00 -8.712549475603736937e-02
2.250911897420883179e+01 -3.084978099912405014e+00 -1.018654849904123694e-01
2.344572252035140991e+01 -3.026018138974905014e+00 -1.178414371388498694e-01
2.445730394124984741e+01 -2.962419506162405014e+00 -1.350991275685373694e-01
2.556107896566390991e+01 -2.892961498349905014e+00 -1.539284732716623694e-01
2.676143831014633179e+01 -2.817399974912405014e+00 -1.744057681935373694e-01
2.785935014486312866e+01 -2.711076732724905014e+00 -1.925942447560373694e-01
2.083566087484359741e+01 -3.189592357724905014e+00 2.389745446271263063e-02
2.163900560140609741e+01 -3.139421459287405014e+00 1.379613610333763063e-02
2.250256150960922241e+01 -3.085222240537405014e+00 2.962395868962630630e-03
2.343856614828109741e+01 -3.026262279599905014e+00 -8.802130498224869370e-03
2.444946855306625366e+01 -2.962785717099905014e+00 -2.148218420916236937e-02
2.555247300863265991e+01 -2.893327709287405014e+00 -3.533716467791236937e-02
2.675195115804672241e+01 -2.817888256162405014e+00 -5.039758948259986937e-02
2.806607621908187866e+01 -2.735124584287405014e+00 -6.690759924822486937e-02
8.263421434164047241e+01 -1.356935309991240501e+01 -5.655953433888498694e-01
8.431039994955062866e+01 -1.313197517022490501e+01 -5.746132877247873694e-01
8.642230790853500366e+01 -1.273353767022490501e+01 -5.880105045216623694e-01
8.797308152914047241e+01 -1.221852302178740501e+01 -5.948769595997873694e-01
2.534112352132797241e+01 -3.083513256162405014e+00 8.305577965802513063e-02
2.678240770101547241e+01 -3.049211498349905014e+00 7.072667809552513063e-02
2.826239961385726929e+01 -2.996232982724905014e+00 5.830602379865013063e-02
2.856342881917953491e+01 -2.790788646787405014e+00 5.838231774396263063e-02
6.317220109701156616e+01 -1.030433845147490501e+01 -5.531091956072486937e-02
8.798512071371078491e+01 -1.372267341241240501e+01 -2.063729312794748694e-01
9.020406144857406616e+01 -1.330934333428740501e+01 -2.107064273732248694e-01
9.172033494710922241e+01 -1.275734138116240501e+01 -2.102334049122873694e-01
2.533384126424789429e+01 -3.084001537412405014e+00 2.006552669627126306e-01
2.685792344808578491e+01 -3.060197826474905014e+00 1.943686458689626306e-01
2.009583467245101929e+01 -3.068742748349905014e+00 3.177817318064626306e-01
2.086872667074203491e+01 -3.020158763974905014e+00 3.185446712595876306e-01
2.170403856039047241e+01 -2.968400951474905014e+00 3.188345882517751306e-01
2.260631746053695679e+01 -2.911638256162405014e+00 3.197043392283376306e-01
2.358074373006820679e+01 -2.850358959287405014e+00 3.206656429392751306e-01
2.464267915487289429e+01 -2.783464428037405014e+00 3.216879818064626306e-01
2.579405778646469116e+01 -2.710222240537405014e+00 3.234580013377126306e-01
2.706150621175765991e+01 -2.630754467099905014e+00 3.247244808299001306e-01
2.018865770101547241e+01 -3.085466381162405014e+00 4.117606136424001306e-01
2.096579927206039429e+01 -3.036882396787405014e+00 4.160330745799001306e-01
2.179995912313461304e+01 -2.984025951474905014e+00 4.206107112986501306e-01
2.270535844564437866e+01 -2.927019115537405014e+00 4.256003353220876306e-01
2.368308061361312866e+01 -2.865495678037405014e+00 4.309714290720876306e-01
2.474832719564437866e+01 -2.798112865537405014e+00 4.368308040720876306e-01
2.590761369466781616e+01 -2.724992748349905014e+00 4.432089779002126306e-01
2.717896836996078491e+01 -2.645158763974905014e+00 4.501975032908376306e-01
1.997921556234359741e+01 -3.051408763974905014e+00 5.048239681345876306e-01
2.072035783529281616e+01 -2.998796459287405014e+00 5.117972347361501306e-01
2.155305284261703491e+01 -2.948015209287405014e+00 5.201132747752126306e-01
2.248625749349594116e+01 -2.897111888974905014e+00 5.293448421580251306e-01
2.349755662679672241e+01 -2.841936107724905014e+00 5.393698665720876306e-01
2.460354799032211304e+01 -2.781389232724905014e+00 5.503256771189626306e-01
2.581204789876937866e+01 -2.715349193662405014e+00 5.623038265330251306e-01
2.714714235067367554e+01 -2.643205638974905014e+00 5.761893245799001306e-01
2.017899507284164429e+01 -3.086076732724905014e+00 6.004050228220876306e-01
2.075662416219711304e+01 -3.005754467099905014e+00 6.092398616892751306e-01
2.178855699300765991e+01 -2.984758373349905014e+00 6.237814876658376306e-01
2.264940446615219116e+01 -2.921648021787405014e+00 6.363699886424001306e-01
2.356389421224594116e+01 -2.852190013974905014e+00 6.497672054392751306e-01
2.455510896444320679e+01 -2.776628490537405014e+00 6.643088314158376306e-01
2.562755006551742554e+01 -2.695085521787405014e+00 6.800253841502126306e-01
2.691756623983383179e+01 -2.619768138974905014e+00 6.986868831736501306e-01
1.997882646322250366e+01 -3.053483959287405014e+00 6.916068050486501306e-01
2.082562059164047241e+01 -3.017961498349905014e+00 7.070486995799001306e-01
2.174764055013656616e+01 -2.979875560849905014e+00 7.243979427439626306e-01
2.532822221517562866e+01 -3.090471263974905014e+00 7.892783138377126306e-01
2.685771745443344116e+01 -3.067766185849905014e+00 8.176596614939626306e-01
2.532818406820297241e+01 -3.091936107724905014e+00 9.073203060252126306e-01
2.685767167806625366e+01 -3.069353099912405014e+00 9.426749202830251306e-01
2.790554231405258179e+01 -2.730607982724905014e+00 9.697897884470876306e-01
2.310678285360336304e+01 -2.990861888974905014e+00 9.644797298533376306e-01
2.394949525594711304e+01 -2.907976146787405014e+00 9.883597347361501306e-01
2.502567094564437866e+01 -2.840105053037405014e+00 1.019151971064275131e+00
2.619578355550765991e+01 -2.766374584287405014e+00 1.051988885126775131e+00
2.747860902547836304e+01 -2.685686107724905014e+00 1.087999627314275131e+00
2.041690248250961304e+01 -3.130632396787405014e+00 9.854605648142751306e-01
2.120016282796859741e+01 -3.081315990537405014e+00 1.010454461298650131e+00
2.204326432943344116e+01 -3.028215404599905014e+00 1.037920281611150131e+00
2.295699113607406616e+01 -2.970720287412405014e+00 1.067674920283025131e+00
2.394259446859359741e+01 -2.908464428037405014e+00 1.099764153681462631e+00
2.501813310384750366e+01 -2.840593334287405014e+00 1.134783074579900131e+00
9.914380967617034912e+00 -7.581958733499050140e-01 -2.113320377247873694e-01
9.925435960292816162e+00 -6.754322014749050140e-01 -2.102791812794748694e-01
9.932023942470550537e+00 -5.923023186624050140e-01 -2.092110660450998694e-01
9.938630998134613037e+00 -5.088062249124050140e-01 -2.081429508107248694e-01
9.945211350917816162e+00 -4.255542717874050140e-01 -2.070748355763498694e-01
9.951810777187347412e+00 -3.420581780374050140e-01 -2.059914615529123694e-01
9.958394944667816162e+00 -2.588062249124050140e-01 -2.049233463185373694e-01
9.960481584072113037e+00 -1.753101311624050140e-01 -2.038552310841623694e-01
1.081773942708969116e+01 -8.564624749124050140e-01 -2.119118717091623694e-01
1.083865541219711304e+01 -7.671070061624050140e-01 -2.114693668263498694e-01
1.084583848714828491e+01 -6.762866936624050140e-01 -2.102944400685373694e-01
1.085838502645492554e+01 -5.855884514749050140e-01 -2.091347720997873694e-01
1.086556810140609741e+01 -4.947681389749050140e-01 -2.079751041310373694e-01
1.086743730306625366e+01 -4.032154045999050140e-01 -2.068001773732248694e-01
1.087461656332015991e+01 -3.123950920999050140e-01 -2.056252506154123694e-01
1.088179582357406616e+01 -2.215747795999050140e-01 -2.044655826466623694e-01
1.186514467000961304e+01 -9.703540764749050140e-01 -2.109353092091623694e-01
1.190128892660140991e+01 -8.737964592874050140e-01 -2.109963443654123694e-01
1.193756669759750366e+01 -7.767505608499050140e-01 -2.110573795216623694e-01
1.195751756429672241e+01 -6.775073967874050140e-01 -2.103249576466623694e-01
1.196542161703109741e+01 -5.775318108499050140e-01 -2.090432193654123694e-01
1.197334855794906616e+01 -4.771900139749050140e-01 -2.077614810841623694e-01
1.198125261068344116e+01 -3.772144280374050140e-01 -2.064797428029123694e-01
1.198915666341781616e+01 -2.772388420999050140e-01 -2.051980045216623694e-01
1.312768739461898804e+01 -1.107805248349905014e+00 -2.097603824513498694e-01
1.317848008871078491e+01 -1.002092357724905014e+00 -2.098061588185373694e-01
1.322202867269515991e+01 -8.949146233499050140e-01 -2.098671939747873694e-01
1.326595109701156616e+01 -7.868823967874050140e-01 -2.099282291310373694e-01
1.330990022420883179e+01 -6.787280999124050140e-01 -2.099892642872873694e-01
1.332768815755844116e+01 -5.677661858499050140e-01 -2.089364078419748694e-01
1.333647722005844116e+01 -4.565601311624050140e-01 -2.075173404591623694e-01
1.333724397420883179e+01 -3.449878655374050140e-01 -2.060830142872873694e-01
1.469461625814437866e+01 -1.278215404599905014e+00 -2.081582095997873694e-01
1.474747270345687866e+01 -1.159563060849905014e+00 -2.082192447560373694e-01
1.480064195394515991e+01 -1.040178295224905014e+00 -2.082802799122873694e-01
1.485430711507797241e+01 -9.198169670999050140e-01 -2.083413150685373694e-01
1.490810197591781616e+01 -7.989673577249050140e-01 -2.084023502247873694e-01
1.496240037679672241e+01 -6.771411858499050140e-01 -2.084633853810373694e-01
1.501676744222640991e+01 -5.549488030374050140e-01 -2.085244205372873694e-01
1.503004258871078491e+01 -4.299488030374050140e-01 -2.070443179982248694e-01
1.666955369710922241e+01 -1.493059154599905014e+00 -2.060982730763498694e-01
1.674809831380844116e+01 -1.360368724912405014e+00 -2.061440494435373694e-01
1.681509965658187866e+01 -1.225603099912405014e+00 -2.062050845997873694e-01
1.688278001546859741e+01 -1.089372631162405014e+00 -2.062661197560373694e-01
1.695068925619125366e+01 -9.527759514749050140e-01 -2.063271549122873694e-01
1.701927751302719116e+01 -8.147144280374050140e-01 -2.063881900685373694e-01
1.708809846639633179e+01 -6.762866936624050140e-01 -2.064492252247873694e-01
1.714476960897445679e+01 -5.362720452249050140e-01 -2.065255191700998694e-01
1.926426881551742554e+01 -1.775285717099905014e+00 -2.032143619435373694e-01
1.935069459676742554e+01 -1.621721263974905014e+00 -2.032753970997873694e-01
1.943778413534164429e+01 -1.466936107724905014e+00 -2.033211734669748694e-01
1.952584260702133179e+01 -1.310441967099905014e+00 -2.033669498341623694e-01
1.961427491903305054e+01 -1.153215404599905014e+00 -2.034279849904123694e-01
1.970369523763656616e+01 -9.942798577249050140e-01 -2.034737613575998694e-01
1.979350847005844116e+01 -8.347339592874050140e-01 -2.035347965138498694e-01
1.988401979207992554e+01 -6.738452874124050140e-01 -2.035805728810373694e-01
2.277876085042953491e+01 -2.157609935849905014e+00 -1.990944888966623694e-01
2.289626115560531616e+01 -1.977678295224905014e+00 -1.991250064747873694e-01
2.303740876913070679e+01 -1.798112865537405014e+00 -1.991250064747873694e-01
2.315766710042953491e+01 -1.614152904599905014e+00 -1.991555240529123694e-01
2.327860063314437866e+01 -1.429094310849905014e+00 -1.991860416310373694e-01
2.340106385946273804e+01 -1.241716381162405014e+00 -1.992165592091623694e-01
2.350074189901351929e+01 -1.051897045224905014e+00 -1.992775943654123694e-01
2.362482255697250366e+01 -8.618335686624050140e-01 -1.993081119435373694e-01
2.786041063070297241e+01 -2.710344310849905014e+00 -1.926095035450998694e-01
2.803116410970687866e+01 -2.493181224912405014e+00 -1.925942447560373694e-01
2.820388215780258179e+01 -2.273576732724905014e+00 -1.925789859669748694e-01
2.837911790609359741e+01 -2.050798412412405014e+00 -1.925637271779123694e-01
2.855568498373031616e+01 -1.826311107724905014e+00 -1.925484683888498694e-01
2.873483079671859741e+01 -1.598527904599905014e+00 -1.925332095997873694e-01
2.891538041830062866e+01 -1.369035717099905014e+00 -1.925179508107248694e-01
2.909795945882797241e+01 -1.136857982724905014e+00 -1.925026920216623694e-01
2.807523912191390991e+01 -2.735368724912405014e+00 -6.702966956072486937e-02
2.952293199300765991e+01 -2.644304271787405014e+00 -8.523340491228736937e-02
3.112106126546859741e+01 -2.543107982724905014e+00 -1.053292301075998694e-01
3.290496248006820679e+01 -2.430070873349905014e+00 -1.277596500294748694e-01
3.489493364095687866e+01 -2.303850170224905014e+00 -1.527840640919748694e-01
3.712185090780258179e+01 -2.159685131162405014e+00 -1.807381656544748694e-01
3.722270387411117554e+01 -1.855607982724905014e+00 -1.778847720997873694e-01
3.770828050374984741e+01 -1.569597240537405014e+00 -1.804329898732248694e-01
2.856516832113265991e+01 -2.790178295224905014e+00 5.838231774396263063e-02
2.951147645711898804e+01 -2.644792553037405014e+00 5.195836754865013063e-02
3.110828202962875366e+01 -2.543718334287405014e+00 3.918676110333763063e-02
3.289058488607406616e+01 -2.430803295224905014e+00 2.491979332990013063e-02
3.487873643636703491e+01 -2.304826732724905014e+00 9.020135126775130630e-03
3.712721437215805054e+01 -2.162248607724905014e+00 -8.969977177912369370e-03
3.966714662313461304e+01 -2.000749584287405014e+00 -2.929468420916236937e-02
4.257111161947250366e+01 -1.815568920224905014e+00 -5.251856116228736937e-02
3.286536973714828491e+01 -2.707048412412405014e+00 1.730673763377126306e-01
3.433819383382797241e+01 -2.553606029599905014e+00 1.687796566111501306e-01
3.886691468954086304e+01 -2.280778881162405014e+00 1.529410335642751306e-01
4.187253373861312866e+01 -2.132097240537405014e+00 1.420157405955251306e-01
4.487404054403305054e+01 -1.933610912412405014e+00 1.317465755564626306e-01
2.707050126791000366e+01 -2.630998607724905014e+00 3.247244808299001306e-01
2.846294587850570679e+01 -2.542985912412405014e+00 3.262656185252126306e-01
3.000887101888656616e+01 -2.446184154599905014e+00 3.272421810252126306e-01
3.172929948568344116e+01 -2.337541576474905014e+00 3.291190120799001306e-01
3.364887803792953491e+01 -2.216325756162405014e+00 3.312094661814626306e-01
3.581889528036117554e+01 -2.079240795224905014e+00 3.335745784861501306e-01
3.826353639364242554e+01 -1.923357006162405014e+00 3.371909114939626306e-01
4.107213395833969116e+01 -1.745378490537405014e+00 3.403342220408376306e-01
2.718798631429672241e+01 -2.645280834287405014e+00 4.502432796580251306e-01
2.858568376302719116e+01 -2.557023998349905014e+00 4.581473323924001306e-01
3.012921708822250366e+01 -2.459123607724905014e+00 4.668906185252126306e-01
3.180505174398422241e+01 -2.345842357724905014e+00 4.764731380564626306e-01
3.366847413778305054e+01 -2.219865795224905014e+00 4.871237728220876306e-01
3.576694291830062866e+01 -2.077898021787405014e+00 4.991171810252126306e-01
3.812995332479476929e+01 -1.917741771787405014e+00 5.126212093455251306e-01
4.082221788167953491e+01 -1.735368724912405014e+00 5.280173275095876306e-01
2.715661042928695679e+01 -2.643449779599905014e+00 5.762808773142751306e-01
2.857553666830062866e+01 -2.557634349912405014e+00 5.900443050486501306e-01
3.011997407674789429e+01 -2.459978099912405014e+00 6.058066341502126306e-01
3.184415239095687866e+01 -2.350969310849905014e+00 6.234000179392751306e-01
3.374475282430648804e+01 -2.227556224912405014e+00 6.428397152049001306e-01
3.576273912191390991e+01 -2.079729076474905014e+00 6.636832210642751306e-01
3.806381791830062866e+01 -1.916154857724905014e+00 6.873953792674001306e-01
4.082077211141586304e+01 -1.737688060849905014e+00 7.165854427439626306e-01
2.692431443929672241e+01 -2.619768138974905014e+00 6.987936946970876306e-01
2.843846315145492554e+01 -2.545549388974905014e+00 7.209036800486501306e-01
3.015570634603500366e+01 -2.465105053037405014e+00 7.459586116892751306e-01
3.433795350790023804e+01 -2.561784740537405014e+00 8.035300228220876306e-01
3.886662095785140991e+01 -2.289934154599905014e+00 8.702719661814626306e-01
4.487365907430648804e+01 -1.944475170224905014e+00 9.586356136424001306e-01
3.433788865804672241e+01 -2.563737865537405014e+00 9.617484066111501306e-01
3.636301225423812866e+01 -2.124284740537405014e+00 1.004411980829900131e+00
3.884604448080062866e+01 -1.966691967099905014e+00 1.052385613642400131e+00
4.168609803915023804e+01 -1.786272045224905014e+00 1.108293816767400131e+00
2.790475267171859741e+01 -2.729753490537405014e+00 9.697897884470876306e-01
2.890823167562484741e+01 -2.596086498349905014e+00 9.945242855174001306e-01
3.046839708089828491e+01 -2.497453685849905014e+00 1.031801507197087631e+00
3.221012681722640991e+01 -2.387224193662405014e+00 1.073412224970525131e+00
3.415234941244125366e+01 -2.264421459287405014e+00 1.119814202509587631e+00
3.634632295370101929e+01 -2.125383373349905014e+00 1.172228142939275131e+00
2.748771089315414429e+01 -2.685808178037405014e+00 1.088243767939275131e+00
2.889793962240219116e+01 -2.596818920224905014e+00 1.128374383173650131e+00
9.960504472255706787e+00 -1.750659905374050140e-01 -2.038552310841623694e-01
9.967714250087738037e+00 -9.181403741240501404e-02 -2.027871158497873694e-01
9.970434129238128662e+00 -8.440013974905014038e-03 -2.017190006154123694e-01
9.973161637783050537e+00 7.530022040009498596e-02 -2.006356265919748694e-01
9.975881516933441162e+00 1.587963141500949860e-01 -1.995675113575998694e-01
9.978609025478363037e+00 2.425365485250949860e-01 -1.984993961232248694e-01
9.981328904628753662e+00 3.260326422750949860e-01 -1.974312808888498694e-01
9.979551255702972412e+00 4.095287360250949860e-01 -1.963479068654123694e-01
1.088182634115219116e+01 -2.213306389749050140e-01 -2.044655826466623694e-01
1.088489335775375366e+01 -1.302661858499050140e-01 -2.032906558888498694e-01
1.088796037435531616e+01 -3.920173272490501404e-02 -2.021309879200998694e-01
1.089639848470687866e+01 5.198479071259498596e-02 -2.009560611622873694e-01
1.089946931600570679e+01 1.431713141500949860e-01 -1.997811344044748694e-01
1.089718812704086304e+01 2.346019782125949860e-01 -1.986062076466623694e-01
1.090025895833969116e+01 3.257885016500949860e-01 -1.974465396779123694e-01
1.090332978963851929e+01 4.168529547750949860e-01 -1.962716129200998694e-01
1.198919481039047241e+01 -2.768726311624050140e-01 -2.051980045216623694e-01
1.199269670248031616e+01 -1.766529045999050140e-01 -2.039010074513498694e-01
1.199620240926742554e+01 -7.643317803740501404e-02 -2.026192691700998694e-01
1.199971956014633179e+01 2.415275946259498596e-02 -2.013222720997873694e-01
1.200322526693344116e+01 1.244945563375949860e-01 -2.000405338185373694e-01
1.200674623250961304e+01 2.250804938375949860e-01 -1.987587955372873694e-01
1.201025193929672241e+01 3.254222907125949860e-01 -1.974617984669748694e-01
1.201376146078109741e+01 4.257640875875949860e-01 -1.961800601857248694e-01
1.333729356527328491e+01 -3.446216545999050140e-01 -2.060830142872873694e-01
1.334938234090805054e+01 -2.335376702249050140e-01 -2.046486881154123694e-01
1.335345643758773804e+01 -1.219654045999050140e-01 -2.032296207325998694e-01
1.335754197835922241e+01 -1.014899834990501404e-02 -2.017952945607248694e-01
1.336161607503890991e+01 1.014232672750949860e-01 -2.003609683888498694e-01
1.336570543050765991e+01 2.133617438375949860e-01 -1.989266422169748694e-01
1.336978334188461304e+01 3.250560797750949860e-01 -1.974923160450998694e-01
1.336581987142562866e+01 4.365062750875949860e-01 -1.960579898732248694e-01
1.503007692098617554e+01 -4.295825920999050140e-01 -2.070290592091623694e-01
1.503486436605453491e+01 -3.040943108499050140e-01 -2.054268863575998694e-01
1.503965562582015991e+01 -1.786060295999050140e-01 -2.038094547169748694e-01
1.504446214437484741e+01 -5.275153741240501404e-02 -2.021920230763498694e-01
1.504926103353500366e+01 7.285881415009498596e-02 -2.005898502247873694e-01
1.505407136678695679e+01 1.988353766500949860e-01 -1.989724185841623694e-01
1.505886644124984741e+01 3.244457282125949860e-01 -1.973549869435373694e-01
1.506366533041000366e+01 4.501781500875949860e-01 -1.957375553029123694e-01
1.714515489339828491e+01 -5.357837639749050140e-01 -2.065255191700998694e-01
1.721658891439437866e+01 -3.955249749124050140e-01 -2.064034488575998694e-01
1.722242921590805054e+01 -2.519702874124050140e-01 -2.045571353810373694e-01
1.722829240560531616e+01 -1.078052483499050140e-01 -2.027108219044748694e-01
1.723415178060531616e+01 3.587150946259498596e-02 -2.008645084279123694e-01
1.724002641439437866e+01 1.800365485250949860e-01 -1.990181949513498694e-01
1.724588578939437866e+01 3.238353766500949860e-01 -1.971718814747873694e-01
1.723843950033187866e+01 4.675121344625949860e-01 -1.953255679982248694e-01
1.988450425863265991e+01 -6.733570061624050140e-01 -2.035805728810373694e-01
1.997038072347640991e+01 -5.108814202249050140e-01 -2.036416080372873694e-01
2.005696672201156616e+01 -3.471851311624050140e-01 -2.037026431935373694e-01
2.012209504842758179e+01 -1.809253655374050140e-01 -2.031533267872873694e-01
2.012937730550765991e+01 -1.320075616240501404e-02 -2.009865787404123694e-01
2.013669389486312866e+01 1.551342047750949860e-01 -1.988350894825998694e-01
2.014397996664047241e+01 3.228588141500949860e-01 -1.966683414357248694e-01
2.015127366781234741e+01 4.907054938375949860e-01 -1.945168521779123694e-01
2.362553209066390991e+01 -8.612232170999050140e-01 -1.993233707325998694e-01
2.374539750814437866e+01 -6.690845452249050140e-01 -1.993538883107248694e-01
2.389066118001937866e+01 -4.759693108499050140e-01 -1.993691470997873694e-01
2.401356309652328491e+01 -2.791919670999050140e-01 -1.993996646779123694e-01
2.413726609945297241e+01 -8.119392022490501404e-02 -1.994454410450998694e-01
2.420989793539047241e+01 1.199779547750949860e-01 -1.982857730763498694e-01
2.419349473714828491e+01 3.216381110250949860e-01 -1.956917789357248694e-01
2.420305818319320679e+01 5.230541266500949860e-01 -1.930977847950998694e-01
2.909906572103500366e+01 -1.136125560849905014e+00 -1.925026920216623694e-01
2.927891343832015991e+01 -9.010181389749050140e-01 -1.925026920216623694e-01
2.946091645956039429e+01 -6.631030999124050140e-01 -1.924874332325998694e-01
2.964534944295883179e+01 -4.214038811624050140e-01 -1.924721744435373694e-01
2.983093827962875366e+01 -1.777515374124050140e-01 -1.924416568654123694e-01
3.001940339803695679e+01 6.992912665009498596e-02 -1.924263980763498694e-01
3.020948594808578491e+01 3.196849860250949860e-01 -1.923958804982248694e-01
3.028691285848617554e+01 5.716381110250949860e-01 -1.903054263966623694e-01
3.771019166707992554e+01 -1.568620678037405014e+00 -1.804482486622873694e-01
3.800541490316390991e+01 -1.266740795224905014e+00 -1.802804019825998694e-01
3.830518144369125366e+01 -9.602222405374050140e-01 -1.800972965138498694e-01
3.861064332723617554e+01 -6.479663811624050140e-01 -1.799141910450998694e-01
3.891983598470687866e+01 -3.318042717874050140e-01 -1.797310855763498694e-01
3.923499101400375366e+01 -9.660717099905014038e-03 -1.795479801075998694e-01
3.955409044027328491e+01 3.166332282125949860e-01 -1.793496158497873694e-01
3.987830537557601929e+01 6.480541266500949860e-01 -1.791665103810373694e-01
4.259226411581039429e+01 -1.815446849912405014e+00 -5.270166663103736937e-02
4.594957154989242554e+01 -1.600847240537405014e+00 -7.948084143572486937e-02
4.987913316488265991e+01 -1.349870678037405014e+00 -1.108376529591623694e-01
5.453192704916000366e+01 -1.050310131162405014e+00 -1.479317691700998694e-01
5.539351075887680054e+01 -6.113452874124050140e-01 -1.495644595997873694e-01
5.629524415731430054e+01 -1.568775139749050140e-01 -1.513497379200998694e-01
5.693345826864242554e+01 3.107738532125949860e-01 -1.506173160450998694e-01
5.758595079183578491e+01 7.890453375875949860e-01 -1.498696353810373694e-01
4.487380784749984741e+01 -1.932390209287405014e+00 1.317770931345876306e-01
4.787312120199203491e+01 -1.684099193662405014e+00 1.223319027049001306e-01
5.235561937093734741e+01 -1.435930248349905014e+00 1.065695736033376306e-01
5.548895448446273804e+01 -1.077775951474905014e+00 9.805516930646263063e-02
6.005978196859359741e+01 -6.934986077249050140e-01 8.375768395490013063e-02
6.688471788167953491e+01 -2.509937249124050140e-01 6.062535973615013063e-02
7.540010637044906616e+01 3.024730719625949860e-01 3.178624840802513063e-02
8.631132310628890991e+01 1.016340259462594986e+00 -5.109503545099869370e-03
4.109274095296859741e+01 -1.745256420224905014e+00 3.403494808299001306e-01
4.434092134237289429e+01 -1.539079662412405014e+00 3.442252132517751306e-01
4.815797609090805054e+01 -1.298234935849905014e+00 3.475821468455251306e-01
5.268416780233383179e+01 -1.010393138974905014e+00 3.528769466502126306e-01
5.811877244710922241e+01 -6.643238030374050140e-01 3.592551204783376306e-01
6.481142228841781616e+01 -2.373218499124050140e-01 3.670981380564626306e-01
7.315590471029281616e+01 2.984447516500949860e-01 3.787405941111501306e-01
8.399645799398422241e+01 9.924144782125949860e-01 3.917563411814626306e-01
4.084185212850570679e+01 -1.735124584287405014e+00 5.281088802439626306e-01
4.401481050252914429e+01 -1.528093334287405014e+00 5.464957210642751306e-01
4.796692842245101929e+01 -1.294694896787405014e+00 5.690787288767751306e-01
5.265998262166976929e+01 -1.013078685849905014e+00 5.959341976267751306e-01
5.825941270589828491e+01 -6.704273186624050140e-01 6.280692073924001306e-01
6.492283433675765991e+01 -2.423267327249050140e-01 6.665976497752126306e-01
7.297192949056625366e+01 2.939281500875949860e-01 7.133810970408376306e-01
8.293568223714828491e+01 9.787426032125949860e-01 7.715781185252126306e-01
4.084332841634750366e+01 -1.737688060849905014e+00 7.167990657908376306e-01
4.442079728841781616e+01 -1.547868724912405014e+00 7.523215267283376306e-01
5.235521501302719116e+01 -1.445573803037405014e+00 8.290884945017751306e-01
5.688029664754867554e+01 -1.123430248349905014e+00 8.763602230174001306e-01
6.288596147298812866e+01 -7.529468499124050140e-01 9.383566829783376306e-01
7.036979478597640991e+01 -2.939624749124050140e-01 1.015581414423650131e+00
7.407925218343734741e+01 2.888011969625949860e-01 1.058565423212712631e+00
8.486113542318344116e+01 9.885082282125949860e-01 1.172395989618962631e+00
4.487343400716781616e+01 -1.943254467099905014e+00 9.586508724314626306e-01
4.787269777059555054e+01 -1.695817943662405014e+00 1.004228875361150131e+00
4.886085313558578491e+01 -1.330827709287405014e+00 1.022981927118962631e+00
5.342904847860336304e+01 -1.039079662412405014e+00 1.091280266962712631e+00
5.890273851156234741e+01 -6.886157952249050140e-01 1.173128411493962631e+00
4.170689195394515991e+01 -1.786149974912405014e+00 1.108690545283025131e+00
4.499182695150375366e+01 -1.577287670224905014e+00 1.171785638056462631e+00
9.979566514492034912e+00 4.097728766500949860e-01 -1.963479068654123694e-01
9.982919633388519287e+00 4.933910407125949860e-01 -1.952797916310373694e-01
9.981767594814300537e+00 5.768871344625949860e-01 -1.942116763966623694e-01
9.980611741542816162e+00 6.607494391500949860e-01 -1.931283023732248694e-01
9.979459702968597412e+00 7.443676032125949860e-01 -1.920601871388498694e-01
9.978307664394378662e+00 8.283519782125949860e-01 -1.909768131154123694e-01
9.977151811122894287e+00 9.119701422750949860e-01 -1.899086978810373694e-01
9.971494615077972412e+00 9.953441657125949860e-01 -1.888405826466623694e-01
1.090334886312484741e+01 4.172191657125949860e-01 -1.962716129200998694e-01
1.090228837728500366e+01 5.084056891500949860e-01 -1.950966861622873694e-01
1.090122789144515991e+01 5.995922125875949860e-01 -1.939370181935373694e-01
1.090553086996078491e+01 6.912670172750949860e-01 -1.927468326466623694e-01
1.090447038412094116e+01 7.825756110250949860e-01 -1.915871646779123694e-01
1.089803117513656616e+01 8.738842047750949860e-01 -1.904122379200998694e-01
1.089697068929672241e+01 9.653148688375949860e-01 -1.892373111622873694e-01
1.089590638875961304e+01 1.056623462587594986e+00 -1.880623844044748694e-01
1.201378053426742554e+01 4.261302985250949860e-01 -1.961648013966623694e-01
1.201287645101547241e+01 5.264720954000949860e-01 -1.948830631154123694e-01
1.201197618246078491e+01 6.268138922750949860e-01 -1.936013248341623694e-01
1.201106828451156616e+01 7.276439704000949860e-01 -1.923043277638498694e-01
1.201016038656234741e+01 8.281078375875949860e-01 -1.910073306935373694e-01
1.200925248861312866e+01 9.290599860250949860e-01 -1.897255924122873694e-01
1.200835222005844116e+01 1.029645923525094986e+00 -1.884285953419748694e-01
1.200744432210922241e+01 1.130231861025094986e+00 -1.871315982716623694e-01
1.336583513021469116e+01 4.369945563375949860e-01 -1.960579898732248694e-01
1.337322801351547241e+01 5.486888922750949860e-01 -1.946236637013498694e-01
1.337257570028305054e+01 6.603832282125949860e-01 -1.931893375294748694e-01
1.337192338705062866e+01 7.724437750875949860e-01 -1.917550113575998694e-01
1.337126725912094116e+01 8.842601813375949860e-01 -1.903054263966623694e-01
1.337061113119125366e+01 9.965648688375949860e-01 -1.888711002247873694e-01
1.336995881795883179e+01 1.108503345400094986e+00 -1.874367740529123694e-01
1.336124986410140991e+01 1.219953540712594986e+00 -1.860024478810373694e-01
1.506369584798812866e+01 4.505443610250949860e-01 -1.957375553029123694e-01
1.506343644857406616e+01 5.762767829000949860e-01 -1.941201236622873694e-01
1.506317704916000366e+01 7.020092047750949860e-01 -1.925026920216623694e-01
1.506291383504867554e+01 8.282299079000949860e-01 -1.908852603810373694e-01
1.506265062093734741e+01 9.540844000875949860e-01 -1.892678287404123694e-01
1.506239122152328491e+01 1.080427173525094986e+00 -1.876503970997873694e-01
1.506213182210922241e+01 1.206525806337594986e+00 -1.860329654591623694e-01
1.506186860799789429e+01 1.332624439150094986e+00 -1.844155338185373694e-01
1.723849290609359741e+01 4.680004157125949860e-01 -1.953103092091623694e-01
1.725224870443344116e+01 6.119213141500949860e-01 -1.934639957325998694e-01
1.725269120931625366e+01 7.558422125875949860e-01 -1.916176822560373694e-01
1.725314134359359741e+01 9.003734625875949860e-01 -1.897713687794748694e-01
1.725358384847640991e+01 1.044416431337594986e+00 -1.879250553029123694e-01
1.725403398275375366e+01 1.189191821962594986e+00 -1.860634830372873694e-01
1.725448030233383179e+01 1.333478931337594986e+00 -1.842019107716623694e-01
1.724158281087875366e+01 1.477033618837594986e+00 -1.823708560841623694e-01
2.015132325887680054e+01 4.913158454000949860e-01 -1.945015933888498694e-01
2.015289109945297241e+01 6.591625250875949860e-01 -1.923501041310373694e-01
2.015446275472640991e+01 8.272533454000949860e-01 -1.901833560841623694e-01
2.015603440999984741e+01 9.959545172750949860e-01 -1.880166080372873694e-01
2.015760606527328491e+01 1.164289478212594986e+00 -1.858651187794748694e-01
2.015918534994125366e+01 1.333234790712594986e+00 -1.836831119435373694e-01
2.016075700521469116e+01 1.501813892275094986e+00 -1.815163638966623694e-01
2.016232866048812866e+01 1.670515064150094986e+00 -1.793496158497873694e-01
2.420312303304672241e+01 5.237865485250949860e-01 -1.930977847950998694e-01
2.420681565999984741e+01 7.253246344625949860e-01 -1.905037906544748694e-01
2.423653978109359741e+01 9.277172125875949860e-01 -1.878945377247873694e-01
2.424027055501937866e+01 1.130476001650094986e+00 -1.852852847950998694e-01
2.424398988485336304e+01 1.332868579775094986e+00 -1.826912906544748694e-01
2.424773210287094116e+01 1.535993579775094986e+00 -1.800667789357248694e-01
2.422536653280258179e+01 1.737287525087594986e+00 -1.774880435841623694e-01
2.422908204793930054e+01 1.939924243837594986e+00 -1.748940494435373694e-01
3.028697770833969116e+01 5.724926032125949860e-01 -1.902901676075998694e-01
3.029490464925765991e+01 8.245677985250949860e-01 -1.870400455372873694e-01
3.030283159017562866e+01 1.076887134462594986e+00 -1.837899234669748694e-01
3.031080049276351929e+01 1.330427173525094986e+00 -1.805245426075998694e-01
3.031875413656234741e+01 1.583356861025094986e+00 -1.772744205372873694e-01
3.032673448324203491e+01 1.837507251650094986e+00 -1.740090396779123694e-01
3.033470720052719116e+01 2.091047290712594986e+00 -1.707436588185373694e-01
3.034267991781234741e+01 2.344831470400094986e+00 -1.674630191700998694e-01
3.988065141439437866e+01 6.491527594625949860e-01 -1.791817691700998694e-01
4.020724290609359741e+01 9.860668219625949860e-01 -1.789834049122873694e-01
4.027649492025375366e+01 1.322248462587594986e+00 -1.753365543263498694e-01
4.029425615072250366e+01 1.659284595400094986e+00 -1.709877994435373694e-01
4.031197160482406616e+01 1.995588306337594986e+00 -1.666543033497873694e-01
4.032986634969711304e+01 2.333601001650094986e+00 -1.622902896779123694e-01
4.034772676229476929e+01 2.670881275087594986e+00 -1.579415347950998694e-01
4.036561769247055054e+01 3.008771900087594986e+00 -1.535775211232248694e-01
5.759085649251937866e+01 7.906322516500949860e-01 -1.498848941700998694e-01
5.826086992025375366e+01 1.280134204775094986e+00 -1.490609195607248694e-01
5.894707673788070679e+01 1.781476978212594986e+00 -1.482216861622873694e-01
5.963727372884750366e+01 2.296247486025094986e+00 -1.472451236622873694e-01
4.560870164632797241e+01 2.212141040712594986e+00 -2.421350745134986937e-02
5.972716325521469116e+01 3.295515064150094986e+00 -1.342598941700998694e-01
5.977216905355453491e+01 3.795759204775094986e+00 -1.277596500294748694e-01
5.981727403402328491e+01 4.297224048525094986e+00 -1.212594058888498694e-01
8.639740556478500366e+01 1.019514087587594986e+00 -5.429938115412369370e-03
4.555287355184555054e+01 2.206892017275094986e+00 1.855795833689626306e-01
4.518129152059555054e+01 2.569196704775094986e+00 1.922171566111501306e-01
4.510935777425765991e+01 2.941633228212594986e+00 1.977255794627126306e-01
4.507212251424789429e+01 3.315534595400094986e+00 2.031119320017751306e-01
8.405217546224594116e+01 9.952220954000949860e-01 3.918173763377126306e-01
9.854065507650375366e+01 1.929304126650094986e+00 4.098685237986501306e-01
4.545662873983383179e+01 2.199934009462594986e+00 3.948080989939626306e-01
4.515223115682601929e+01 2.564802173525094986e+00 3.998740169627126306e-01
4.508159440755844116e+01 2.937116626650094986e+00 4.062064144236501306e-01
4.506233400106430054e+01 3.311872486025094986e+00 4.115012142283376306e-01
8.302583879232406616e+01 9.817943610250949860e-01 7.720663997752126306e-01
4.553553193807601929e+01 2.200178150087594986e+00 6.052115413767751306e-01
4.520342057943344116e+01 2.564313892275094986e+00 6.087820980174001306e-01
4.514300340414047241e+01 2.937726978212594986e+00 6.138174984080251306e-01
4.512301820516586304e+01 3.312849048525094986e+00 6.190817806345876306e-01
8.494541734457015991e+01 9.915599860250949860e-01 1.173250481806462631e+00
4.522851747274398804e+01 2.562604907900094986e+00 8.167746517283376306e-01
4.515177720785140991e+01 2.935163501650094986e+00 8.214285823924001306e-01
4.513373368978500366e+01 3.310529712587594986e+00 8.278067562205251306e-01
4.583067888021469116e+01 2.586408618837594986e+00 1.245195672236150131e+00
4.563905137777328491e+01 2.957380298525094986e+00 1.247118279658025131e+00
4.563004869222640991e+01 3.337263111025094986e+00 1.253694817743962631e+00
9.971525132656097412e+00 9.957103766500949860e-01 -1.888405826466623694e-01
9.970998704433441162e+00 1.079450611025094986e+00 -1.877572086232248694e-01
9.965967118740081787e+00 1.163068775087594986e+00 -1.866890933888498694e-01
9.960912644863128662e+00 1.246931079775094986e+00 -1.856057193654123694e-01
9.955877244472503662e+00 1.330549243837594986e+00 -1.845376041310373694e-01
9.950818955898284912e+00 1.414533618837594986e+00 -1.834542301075998694e-01
9.945775926113128662e+00 1.498273853212594986e+00 -1.823861148732248694e-01
9.936231553554534912e+00 1.581403736025094986e+00 -1.813179996388498694e-01
1.089593690633773804e+01 1.056989673525094986e+00 -1.880623844044748694e-01
1.089074128866195679e+01 1.148054126650094986e+00 -1.868874576466623694e-01
1.088554185628890991e+01 1.239362720400094986e+00 -1.857277896779123694e-01
1.088569062948226929e+01 1.331403736025094986e+00 -1.845376041310373694e-01
1.088048356771469116e+01 1.422712329775094986e+00 -1.833626773732248694e-01
1.086988633871078491e+01 1.513898853212594986e+00 -1.822030094044748694e-01
1.086467546224594116e+01 1.605329517275094986e+00 -1.810280826466623694e-01
1.085945695638656616e+01 1.696882251650094986e+00 -1.798531558888498694e-01
1.200748628377914429e+01 1.130598071962594986e+00 -1.871315982716623694e-01
1.200215715169906616e+01 1.231061939150094986e+00 -1.858498599904123694e-01
1.199682420492172241e+01 1.331525806337594986e+00 -1.845528629200998694e-01
1.199147218465805054e+01 1.432355884462594986e+00 -1.832711246388498694e-01
1.198613160848617554e+01 1.533063892275094986e+00 -1.819741275685373694e-01
1.198076432943344116e+01 1.634016040712594986e+00 -1.806771304982248694e-01
1.197541612386703491e+01 1.734846118837594986e+00 -1.793801334279123694e-01
1.197006028890609741e+01 1.835676196962594986e+00 -1.780831363575998694e-01
1.336133378744125366e+01 1.220319751650094986e+00 -1.860024478810373694e-01
1.336399263143539429e+01 1.332624439150094986e+00 -1.845681217091623694e-01
1.335859102010726929e+01 1.444440845400094986e+00 -1.831337955372873694e-01
1.335316270589828491e+01 1.556745532900094986e+00 -1.816842105763498694e-01
1.334775346517562866e+01 1.668806079775094986e+00 -1.802498844044748694e-01
1.334232133626937866e+01 1.781232837587594986e+00 -1.788002994435373694e-01
1.333690446615219116e+01 1.893415454775094986e+00 -1.773659732716623694e-01
1.332342332601547241e+01 2.004743579775094986e+00 -1.759316470997873694e-01
1.506193345785140991e+01 1.333112720400094986e+00 -1.844155338185373694e-01
1.505659288167953491e+01 1.458967212587594986e+00 -1.827981021779123694e-01
1.505125993490219116e+01 1.584943775087594986e+00 -1.811806705372873694e-01
1.504591172933578491e+01 1.711408618837594986e+00 -1.795479801075998694e-01
1.504057115316390991e+01 1.837629321962594986e+00 -1.779305484669748694e-01
1.503520768880844116e+01 1.964338306337594986e+00 -1.763131168263498694e-01
1.502985948324203491e+01 2.090803150087594986e+00 -1.746804263966623694e-01
1.502450746297836304e+01 2.217267993837594986e+00 -1.730629947560373694e-01
1.724165147542953491e+01 1.477521900087594986e+00 -1.823708560841623694e-01
1.725000184774398804e+01 1.622541431337594986e+00 -1.805092838185373694e-01
1.724500840902328491e+01 1.766950611025094986e+00 -1.786477115529123694e-01
1.723998826742172241e+01 1.911848071962594986e+00 -1.767861392872873694e-01
1.723498338460922241e+01 2.056501392275094986e+00 -1.749398258107248694e-01
1.722995561361312866e+01 2.201642993837594986e+00 -1.730629947560373694e-01
1.722493928670883179e+01 2.346662525087594986e+00 -1.712166812794748694e-01
1.720655626058578491e+01 2.489973071962594986e+00 -1.693703678029123694e-01
2.016251939535140991e+01 1.671125415712594986e+00 -1.793496158497873694e-01
2.015835374593734741e+01 1.839582446962594986e+00 -1.771981265919748694e-01
2.015418809652328491e+01 2.008283618837594986e+00 -1.750313785450998694e-01
2.015000337362289429e+01 2.177717212587594986e+00 -1.728493717091623694e-01
2.014584916830062866e+01 2.346784595400094986e+00 -1.706826236622873694e-01
2.014168351888656616e+01 2.516584400087594986e+00 -1.685006168263498694e-01
2.013752549886703491e+01 2.686017993837594986e+00 -1.663186099904123694e-01
2.013335984945297241e+01 2.855695728212594986e+00 -1.641518619435373694e-01
2.422925752401351929e+01 1.940656665712594986e+00 -1.748787906544748694e-01
2.422709077596664429e+01 2.143171314150094986e+00 -1.722847965138498694e-01
2.425105851888656616e+01 2.348127368837594986e+00 -1.696450260060373694e-01
2.424889558553695679e+01 2.552106861025094986e+00 -1.670205142872873694e-01
2.424673265218734741e+01 2.755720142275094986e+00 -1.643960025685373694e-01
2.424455827474594116e+01 2.960309986025094986e+00 -1.617714908497873694e-01
2.421618837118148804e+01 3.161359790712594986e+00 -1.591927554982248694e-01
2.421399873495101929e+01 3.365583423525094986e+00 -1.565682437794748694e-01
3.034279435873031616e+01 2.345808032900094986e+00 -1.674630191700998694e-01
3.034529680013656616e+01 2.599592212587594986e+00 -1.641976383107248694e-01
3.034780305624008179e+01 2.853864673525094986e+00 -1.609169986622873694e-01
3.035034745931625366e+01 3.109479907900094986e+00 -1.576363590138498694e-01
3.035291093587875366e+01 3.364606861025094986e+00 -1.543557193654123694e-01
3.035548967123031616e+01 3.621076587587594986e+00 -1.510445621388498694e-01
3.035806077718734741e+01 3.877180103212594986e+00 -1.477639224904123694e-01
3.055716508626937866e+01 4.158308032900094986e+00 -1.476723697560373694e-01
4.036591523885726929e+01 3.009992603212594986e+00 -1.535775211232248694e-01
4.038063997030258179e+01 3.348249439150094986e+00 -1.492135074513498694e-01
4.039540666341781616e+01 3.687360767275094986e+00 -1.448342349904123694e-01
4.041024583578109741e+01 4.028303150087594986e+00 -1.404397037404123694e-01
4.042507356405258179e+01 4.369001392275094986e+00 -1.360451724904123694e-01
4.063314622640609741e+01 4.732526782900094986e+00 -1.339394595997873694e-01
4.100301545858383179e+01 5.117902759462594986e+00 -1.337258365529123694e-01
4.155872529745101929e+01 5.533185962587594986e+00 -1.356026676075998694e-01
5.981797593832015991e+01 4.298933032900094986e+00 -1.212441470997873694e-01
5.987030595541000366e+01 4.802228931337594986e+00 -1.146981265919748694e-01
5.992294877767562866e+01 5.307111743837594986e+00 -1.081368472950998694e-01
6.003335374593734741e+01 5.820783618837594986e+00 -1.019570377247873694e-01
6.083970063924789429e+01 6.404767993837594986e+00 -1.009804752247873694e-01
6.225794023275375366e+01 7.071149829775094986e+00 -1.042611148732248694e-01
6.411390489339828491e+01 7.811506275087594986e+00 -1.104104068654123694e-01
6.607807725667953491e+01 8.597517017275094986e+00 -1.168648746388498694e-01
4.507220262289047241e+01 3.316755298525094986e+00 2.031119320017751306e-01
4.513448518514633179e+01 3.697858814150094986e+00 2.083151790720876306e-01
4.506238359212875366e+01 3.313093189150094986e+00 4.115164730174001306e-01
4.511211580038070679e+01 3.693098071962594986e+00 4.171469661814626306e-01
9.405434983968734741e+01 1.208408928290009499e+01 5.554984066111501306e-01
4.512310975790023804e+01 3.314191821962594986e+00 6.191122982127126306e-01
4.515831941366195679e+01 3.693586353212594986e+00 6.250479671580251306e-01
4.513389390707015991e+01 3.311872486025094986e+00 8.278220150095876306e-01
4.520202821493148804e+01 3.693830493837594986e+00 8.333304378611501306e-01
4.548058503866195679e+01 3.711530689150094986e+00 1.046678826533025131e+00
4.563043779134750366e+01 3.338605884462594986e+00 1.253725335322087631e+00
9.936208665370941162e+00 1.581769946962594986e+00 -1.813179996388498694e-01
9.931787431240081787e+00 1.665632251650094986e+00 -1.802346256154123694e-01
9.922861039638519287e+00 1.749128345400094986e+00 -1.791665103810373694e-01
9.913900315761566162e+00 1.832868579775094986e+00 -1.780831363575998694e-01
9.904958665370941162e+00 1.916364673525094986e+00 -1.770150211232248694e-01
9.895982682704925537e+00 2.000349048525094986e+00 -1.759316470997873694e-01
9.887029588222503662e+00 2.083967212587594986e+00 -1.748635318654123694e-01
9.873586595058441162e+00 2.166975025087594986e+00 -1.737954166310373694e-01
1.085943406820297241e+01 1.697126392275094986e+00 -1.798531558888498694e-01
1.085008805990219116e+01 1.788190845400094986e+00 -1.786782291310373694e-01
1.084073442220687866e+01 1.879377368837594986e+00 -1.775033023732248694e-01
1.083669847249984741e+01 1.971662525087594986e+00 -1.763283756154123694e-01
1.082732957601547241e+01 2.062971118837594986e+00 -1.751534488575998694e-01
1.081255906820297241e+01 2.153791431337594986e+00 -1.739785220997873694e-01
1.080317491292953491e+01 2.245222095400094986e+00 -1.728035953419748694e-01
1.079378312826156616e+01 2.336774829775094986e+00 -1.716286685841623694e-01
1.197003740072250366e+01 1.835920337587594986e+00 -1.780831363575998694e-01
1.196026033163070679e+01 1.936262134462594986e+00 -1.768013980763498694e-01
1.195047563314437866e+01 2.036726001650094986e+00 -1.755044010060373694e-01
1.194064897298812866e+01 2.137678150087594986e+00 -1.742074039357248694e-01
1.193084901571273804e+01 2.238264087587594986e+00 -1.729256656544748694e-01
1.192100328207015991e+01 2.339338306337594986e+00 -1.716134097950998694e-01
1.191118043661117554e+01 2.440168384462594986e+00 -1.703316715138498694e-01
1.190134996175765991e+01 2.541120532900094986e+00 -1.690346744435373694e-01
1.332338517904281616e+01 2.005109790712594986e+00 -1.759316470997873694e-01
1.332127946615219116e+01 2.117902759462594986e+00 -1.744820621388498694e-01
1.331110566854476929e+01 2.229841236025094986e+00 -1.730477359669748694e-01
1.330088609457015991e+01 2.342267993837594986e+00 -1.716134097950998694e-01
1.329069322347640991e+01 2.454328540712594986e+00 -1.701638248341623694e-01
1.328045457601547241e+01 2.566999439150094986e+00 -1.687294986622873694e-01
1.327023500204086304e+01 2.679426196962594986e+00 -1.672799137013498694e-01
1.325197023153305054e+01 2.790388111025094986e+00 -1.658608463185373694e-01
1.502447313070297241e+01 2.217756275087594986e+00 -1.730629947560373694e-01
1.501403993368148804e+01 2.343732837587594986e+00 -1.714455631154123694e-01
1.500359147787094116e+01 2.469953540712594986e+00 -1.698281314747873694e-01
1.499309724569320679e+01 2.596662525087594986e+00 -1.681954410450998694e-01
1.498262590169906616e+01 2.723127368837594986e+00 -1.665780094044748694e-01
1.497210496664047241e+01 2.850202564150094986e+00 -1.649453189747873694e-01
1.498382753133773804e+01 2.980939868837594986e+00 -1.640755679982248694e-01
1.502370256185531616e+01 3.117414478212594986e+00 -1.641823795216623694e-01
1.720645707845687866e+01 2.490461353212594986e+00 -1.693703678029123694e-01
1.720934861898422241e+01 2.636701587587594986e+00 -1.674935367482248694e-01
1.719885820150375366e+01 2.781354907900094986e+00 -1.656319644825998694e-01
1.718832200765609741e+01 2.926862720400094986e+00 -1.637703922169748694e-01
1.718387407064437866e+01 3.072980884462594986e+00 -1.620766666310373694e-01
1.723916429281234741e+01 3.229841236025094986e+00 -1.621682193654123694e-01
1.729473298788070679e+01 3.387678150087594986e+00 -1.622597720997873694e-01
1.733637040853500366e+01 3.544172290712594986e+00 -1.623665836232248694e-01
2.013321870565414429e+01 2.856306079775094986e+00 -1.641366031544748694e-01
2.012328141927719116e+01 3.025495532900094986e+00 -1.619698551075998694e-01
2.011333268880844116e+01 3.194929126650094986e+00 -1.597878482716623694e-01
2.016930192708969116e+01 3.375104907900094986e+00 -1.592843082325998694e-01
2.024960130453109741e+01 3.560041431337594986e+00 -1.593758609669748694e-01
2.033052629232406616e+01 3.747541431337594986e+00 -1.594521549122873694e-01
2.041191667318344116e+01 3.936262134462594986e+00 -1.595284488575998694e-01
2.054611009359359741e+01 4.136701587587594986e+00 -1.609169986622873694e-01
2.421384233236312866e+01 3.366315845400094986e+00 -1.565682437794748694e-01
2.425217622518539429e+01 3.576398853212594986e+00 -1.549202945607248694e-01
2.440191453695297241e+01 3.803449634462594986e+00 -1.549660709279123694e-01
2.452507966756820679e+01 4.030256275087594986e+00 -1.550271060841623694e-01
2.464877122640609741e+01 4.259138111025094986e+00 -1.550728824513498694e-01
2.490838426351547241e+01 4.514142993837594986e+00 -1.578652408497873694e-01
2.517395585775375366e+01 4.774518970400094986e+00 -1.613595035450998694e-01
2.547717088460922241e+01 5.046857837587594986e+00 -1.649453189747873694e-01
3.055830186605453491e+01 4.159284595400094986e+00 -1.476876285450998694e-01
3.075887864828109741e+01 4.444562915712594986e+00 -1.476876285450998694e-01
3.099246400594711304e+01 4.738508228212594986e+00 -1.481606510060373694e-01
3.145844453573226929e+01 5.073102954775094986e+00 -1.522957828419748694e-01
3.193819993734359741e+01 5.417585376650094986e+00 -1.565529849904123694e-01
3.243560594320297241e+01 5.774763111025094986e+00 -1.609780338185373694e-01
3.294809526205062866e+01 6.142927173525094986e+00 -1.655251529591623694e-01
3.347649949789047241e+01 6.523420337587594986e+00 -1.702096012013498694e-01
4.156406968832015991e+01 5.535017017275094986e+00 -1.356484439747873694e-01
4.240166276693344116e+01 5.998273853212594986e+00 -1.407143619435373694e-01
4.327593797445297241e+01 6.481672290712594986e+00 -1.460091617482248694e-01
4.419307512044906616e+01 6.988630298525094986e+00 -1.515633609669748694e-01
4.514897340536117554e+01 7.516950611025094986e+00 -1.573464420216623694e-01
4.614569276571273804e+01 8.070783618837594986e+00 -1.633431461232248694e-01
4.718628877401351929e+01 8.649030689150094986e+00 -1.695992496388498694e-01
4.806093019247055054e+01 9.215436939150094986e+00 -1.737801578419748694e-01
6.609164994955062866e+01 8.601179126650094986e+00 -1.169411685841623694e-01
6.818628495931625366e+01 9.438947681337594986e+00 -1.237618472950998694e-01
7.041371721029281616e+01 1.033250236883759499e+01 -1.309792545216623694e-01
6.886584275960922241e+01 1.069907951727509499e+01 -1.120888736622873694e-01
6.264380830526351929e+01 1.029563713446259499e+01 -6.251306799822486937e-02
5.744092363119125366e+01 9.960187915712594986e+00 -2.103967932634986937e-02
5.304197877645492554e+01 9.676862720400094986e+00 1.402501793927513063e-02
4.926285356283187866e+01 9.433942798525094986e+00 4.416112633771263063e-02
8.623785966634750366e+01 1.184385490790009499e+01 1.489127132517751306e-01
7.813860887289047241e+01 1.142405510321259499e+01 1.779349300486501306e-01
7.065820115804672241e+01 1.096385002508759499e+01 2.036612484080251306e-01
5.866266816854476929e+01 1.016062736883759499e+01 2.439597103220876306e-01
5.413721650838851929e+01 9.865705493837594986e+00 2.592795345408376306e-01
9.396349900960922241e+01 1.207542229071259499e+01 5.553458187205251306e-01
8.234254258871078491e+01 1.131797600165009499e+01 5.412161800486501306e-01
7.328932756185531616e+01 1.073045158758759499e+01 5.284445736033376306e-01
6.599162095785140991e+01 1.025706291571259499e+01 5.197928402049001306e-01
6.003757661581039429e+01 9.872663501650094986e+00 5.127737972361501306e-01
5.505790132284164429e+01 9.552839282900094986e+00 5.069144222361501306e-01
5.083732789754867554e+01 9.281110767275094986e+00 5.032065364939626306e-01
4.722445863485336304e+01 9.050519946962594986e+00 4.989035579783376306e-01
8.715209001302719116e+01 1.195359611883759499e+01 9.553397152049001306e-01
7.813805955648422241e+01 1.141282463446259499e+01 9.039023372752126306e-01
7.066029924154281616e+01 1.095408440008759499e+01 8.610709163767751306e-01
5.508830827474594116e+01 9.553937915712594986e+00 7.646811458689626306e-01
5.066857713460922241e+01 9.247785571962594986e+00 7.388022396189626306e-01
4.689997667074203491e+01 8.987165454775094986e+00 7.167380306345876306e-01
7.421378129720687866e+01 1.085105705633759499e+01 1.220125481806462631e+00
6.684747880697250366e+01 1.037620354071259499e+01 1.143862054072087631e+00
6.083018678426742554e+01 9.989728931337594986e+00 1.081590935908025131e+00
5.578824800252914429e+01 9.666975025087594986e+00 1.029421136103337631e+00
5.413688462972640991e+01 9.853864673525094986e+00 1.017275140009587631e+00
4.789256852865219116e+01 9.163190845400094986e+00 1.172426507197087631e+00
6.542140763998031616e+01 1.028440666571259499e+01 1.128588006220525131e+00
5.940919679403305054e+01 9.898420337587594986e+00 1.067552849970525131e+00
5.437488359212875366e+01 9.576642993837594986e+00 1.016466424189275131e+00
5.266265290975570679e+01 9.752424243837594986e+00 1.003862664423650131e+00
4.648704332113265991e+01 9.073713306337594986e+00 1.160997674189275131e+00
7.513866227865219116e+01 1.121055412665009499e+01 8.658316585642751306e-01
6.766206163167953491e+01 1.074998283758759499e+01 8.262808773142751306e-01
6.165912431478500366e+01 1.039585686102509499e+01 7.947714779002126306e-01
5.196116822957992554e+01 9.324323657900094986e+00 7.358878109080251306e-01
4.765697664022445679e+01 9.035383228212594986e+00 7.127402279002126306e-01
4.418856996297836304e+01 8.828107837587594986e+00 6.944907161814626306e-01
7.132429307699203491e+01 1.066441154852509499e+01 1.184023186884587631e+00
6.397967332601547241e+01 1.019175529852509499e+01 1.111254021845525131e+00
5.797610658407211304e+01 9.806623462587594986e+00 1.051790520868962631e+00
5.294662278890609741e+01 9.485212329775094986e+00 1.001985833368962631e+00
5.113859742879867554e+01 9.643903736025094986e+00 9.886649105174001306e-01
4.507051652669906616e+01 8.983747486025094986e+00 1.148470208368962631e+00
6.258505052328109741e+01 1.010215568915009499e+01 1.090166375361150131e+00
5.658599275350570679e+01 9.717878345400094986e+00 1.032625481806462631e+00
5.413854402303695679e+01 9.828351978212594986e+00 1.013643548212712631e+00
4.966309541463851929e+01 9.540143970400094986e+00 9.706900570017751306e-01
4.665735048055648804e+01 9.447492603212594986e+00 9.448111507517751306e-01
4.733862489461898804e+01 9.127790454775094986e+00 1.185182854853337631e+00
4.368222230672836304e+01 8.895490650087594986e+00 1.133348748408025131e+00
6.402385514974594116e+01 1.019383049383759499e+01 1.141741082392400131e+00
5.454312700033187866e+01 9.586530689150094986e+00 1.058870598993962631e+00
4.702390092611312866e+01 9.113019946962594986e+00 9.932883236033376306e-01
4.366239732503890991e+01 9.162702564150094986e+00 9.683707210642751306e-01
3.913140672445297241e+01 8.965192798525094986e+00 9.303305599314626306e-01
3.013441652059555054e+01 8.350080493837594986e+00 8.522971126658376306e-01
3.564597123861312866e+01 8.385114673525094986e+00 1.157655999384587631e+00
3.128323549032211304e+01 8.109601978212594986e+00 1.099520013056462631e+00
2.753919023275375366e+01 7.873273853212594986e+00 1.049639031611150131e+00
2.922702592611312866e+01 7.913801196962594986e+00 6.409171077830251306e-01
2.558985704183578491e+01 7.691022876650094986e+00 6.239035579783376306e-01
6.263828080892562866e+01 1.010484123602509499e+01 1.191866204462712631e+00
5.315386003255844116e+01 9.497663501650094986e+00 1.103670403681462631e+00
4.556394761800765991e+01 9.014142993837594986e+00 1.033129021845525131e+00
4.018459123373031616e+01 8.747297290712594986e+00 9.844229671580251306e-01
3.765679353475570679e+01 8.863019946962594986e+00 9.656699154002126306e-01
3.313125413656234741e+01 8.588117603212594986e+00 9.238303157908376306e-01
2.865892976522445679e+01 8.246809009462594986e+00 8.825705501658376306e-01
2.989230149984359741e+01 8.021589282900094986e+00 1.131273553095525131e+00
2.614958757162094116e+01 7.785749439150094986e+00 1.079317376337712631e+00
2.599723619222640991e+01 7.775983814150094986e+00 1.127687737665837631e+00
2.221218675374984741e+01 7.537824634462594986e+00 1.076067254267400131e+00
1.169179719686508179e+01 6.877912525087594986e+00 1.123613640986150131e+00
7.350919663906097412e+00 6.606916431337594986e+00 1.067095086298650131e+00
3.630155503749847412e+00 6.375349048525094986e+00 1.018663689814275131e+00
-1.116534620523452759e+01 5.457502368837594986e+00 1.113634392939275131e+00
-1.483510023355484009e+01 5.231184009462594986e+00 1.062822625361150131e+00
-2.134770399332046509e+01 4.828718189150094986e+00 8.440268489939626306e-01
-2.496760755777359009e+01 4.605695728212594986e+00 8.133414241892751306e-01
-1.375560194253921509e+01 5.245100025087594986e+00 6.864340755564626306e-01
-2.090085035562515259e+01 5.183942798525094986e+00 6.607993099314626306e-01
-2.536819654703140259e+01 4.908430103212594986e+00 6.409476253611501306e-01
4.615758836269378662e+00 1.080369377508759499e+01 8.397391292674001306e-01
-5.799509108066558838e+00 5.788312915712594986e+00 1.061617181025212631e+00
-1.309109693765640259e+01 5.338117603212594986e+00 9.958365413767751306e-01
-1.905926710367202759e+01 4.969465259462594986e+00 9.420035335642751306e-01
-2.405836683511734009e+01 4.661359790712594986e+00 8.969138118845876306e-01
-2.827904707193374634e+01 4.401838306337594986e+00 8.588431331736501306e-01
-3.188830763101577759e+01 4.182111743837594986e+00 8.275168392283376306e-01
-4.178790479898452759e+01 3.585065845400094986e+00 8.132346126658376306e-01
-9.275305372476577759e+01 5.516185797750949860e-01 7.177451107127126306e-01
-9.836062818765640259e+01 2.248363532125949860e-01 6.899283382517751306e-01
-1.003719654679298401e+02 3.914623297750949860e-01 6.847098323924001306e-01
-1.069535236954689026e+02 -2.669849358499050140e-01 8.798850032908376306e-01
-1.075627461075782776e+02 -3.017749749124050140e-01 8.780692073924001306e-01
-1.114948139786720276e+02 -5.262622795999050140e-01 8.435843441111501306e-01
-8.662765699625015259e+01 9.106273688375949860e-01 7.944968196970876306e-01
-9.497888380289077759e+01 4.211254157125949860e-01 7.529471370799001306e-01
-1.016629353165626526e+02 3.391838446259498596e-02 7.197592708689626306e-01
-1.156918354630470276e+02 -7.671070061624050140e-01 8.808310482127126306e-01
-1.107303791642189026e+02 -4.829273186624050140e-01 7.098563167674001306e-01
-1.207171497941017151e+02 -1.056779857724905014e+00 9.055808040720876306e-01
-1.246409474015235901e+02 -1.283830638974905014e+00 8.697226497752126306e-01
-8.154275709390640259e+01 5.513776782900094986e+00 8.431113216502126306e-01
-8.908041578531265259e+01 5.010236743837594986e+00 8.112357112986501306e-01
-1.175894795060157776e+02 -8.768482170999050140e-01 8.912375423533376306e-01
-1.221756306290626526e+02 -1.141130443662405014e+00 8.515494320017751306e-01
-1.260981007218360901e+02 -1.368303295224905014e+00 8.187888118845876306e-01
-1.070647907853126526e+02 -2.744312249124050140e-01 7.192404720408376306e-01
-1.109046345353126526e+02 -1.622486077249050140e-01 7.084677669627126306e-01
-1.183797474503517151e+02 -6.502857170999050140e-01 6.758292171580251306e-01
-9.814853101968765259e+01 4.493146900087594986e+00 8.274405452830251306e-01
-1.267611714005470276e+02 -1.407121654599905014e+00 8.967917415720876306e-01
-1.312857685685157776e+02 -1.670061107724905014e+00 8.568747493845876306e-01
-1.351459828019142151e+02 -1.894548412412405014e+00 8.240073177439626306e-01
-9.967520338296890259e+01 4.426496509462594986e+00 7.729971859080251306e-01
-1.231069660782814026e+02 -1.195573803037405014e+00 9.032156917674001306e-01
-1.284473286271095276e+02 -1.505022045224905014e+00 8.591330501658376306e-01
-1.329350300431251526e+02 -1.765886303037405014e+00 8.220847103220876306e-01
-1.367683735489845276e+02 -1.989152904599905014e+00 7.915976497752126306e-01
-1.319116535782814026e+02 -1.439226146787405014e+00 5.542014095408376306e-01
-1.011717548966407776e+02 4.332014087587594986e+00 7.057822200877126306e-01
-1.181609516739845276e+02 -9.102954827249050140e-01 9.043143245799001306e-01
-1.245685139298439026e+02 -1.280290599912405014e+00 8.558829280955251306e-01
-1.299117756485939026e+02 -1.590349193662405014e+00 8.154776546580251306e-01
-1.343969288468360901e+02 -1.851091381162405014e+00 7.815573665720876306e-01
-1.382285786271095276e+02 -2.074235912412405014e+00 7.537558529002126306e-01
-2.322531147599220276e+02 -1.173353767022490501e+01 5.762351009470876306e-01
-2.320617085099220276e+02 -1.171644782647490501e+01 6.489127132517751306e-01
-2.299913654923439026e+02 -1.153358649834990501e+01 7.862875911814626306e-01
-1.763702717423439026e+02 -4.283098217099905014e+00 8.866446468455251306e-01
-1.844126301407814026e+02 -4.731706615537405014e+00 8.102133724314626306e-01
-1.906933918595314026e+02 -5.071428295224905014e+00 7.519247982127126306e-01
-2.335918903946876526e+02 -1.177333259209990501e+01 4.134543392283376306e-01
-2.335649128556251526e+02 -1.177089118584990501e+01 4.798911068064626306e-01
-2.335247212052345276e+02 -1.176710700616240501e+01 5.465262386424001306e-01
-2.334472370743751526e+02 -1.176002692803740501e+01 6.149466487986501306e-01
-2.312694111466407776e+02 -1.156617927178740501e+01 7.520468685252126306e-01
-2.312641316056251526e+02 -1.156544684991240501e+01 8.289206478220876306e-01
-1.889436360001564026e+02 -4.669694896787405014e+00 7.167532894236501306e-01
-2.348572407364845276e+02 -1.180909919366240501e+01 3.914969417674001306e-01
-1.974099751114845276e+02 -5.417985912412405014e+00 8.820670101267751306e-01
-2.348334065079689026e+02 -1.180665778741240501e+01 4.570029232127126306e-01
-2.347977924942970276e+02 -1.180323981866240501e+01 5.226462337595876306e-01
-2.347306538224220276e+02 -1.179701423272490501e+01 5.898306820017751306e-01
-2.325278034806251526e+02 -1.159913825616240501e+01 8.008444759470876306e-01
-2.361294575333595276e+02 -1.184669684991240501e+01 3.897879573924001306e-01
-1.990190754532814026e+02 -5.496477123349905014e+00 8.924582454783376306e-01
-2.361058369278907776e+02 -1.184425544366240501e+01 4.544394466502126306e-01
-2.360711079239845276e+02 -1.184083747491240501e+01 5.192282650095876306e-01
-2.360050068497657776e+02 -1.183473395928740501e+01 5.855429622752126306e-01
-2.337979755997657776e+02 -1.163514899834990501e+01 7.960226986033376306e-01
-1.940917378067970276e+02 -5.249773021787405014e+00 7.384818050486501306e-01
-1.964235859513282776e+02 -5.082048412412405014e+00 7.161124202830251306e-01
-2.009536457657814026e+02 -5.285051342099905014e+00 6.716788265330251306e-01
-2.399264240860939026e+02 -1.195753669366240501e+01 3.678915950877126306e-01
-2.038982258439064026e+02 -5.728776928037405014e+00 8.724997493845876306e-01
-2.399078083634376526e+02 -1.195558356866240501e+01 4.297812435252126306e-01
-2.398779011368751526e+02 -1.195253181084990501e+01 4.917929622752126306e-01
-2.398339863419532776e+02 -1.194813727959990501e+01 5.547965023142751306e-01
-2.375654011368751526e+02 -1.173854255303740501e+01 7.630942318064626306e-01
-1.961913166642189026e+02 -5.357072826474905014e+00 8.928549739939626306e-01
-2.013729267716407776e+02 -5.609758373349905014e+00 8.264182064158376306e-01
-2.056288776993751526e+02 -5.808610912412405014e+00 7.718070003611501306e-01
-2.411696186661720276e+02 -1.198964118584990501e+01 3.952506038767751306e-01
-2.411476765275001526e+02 -1.198732184991240501e+01 4.561331722361501306e-01
-2.411145649552345276e+02 -1.198390388116240501e+01 5.178244564158376306e-01
-2.410596027970314026e+02 -1.197841071709990501e+01 5.801871273142751306e-01
-2.388308430314064026e+02 -1.176979255303740501e+01 7.925436946970876306e-01
-2.031488972306251526e+02 -5.693620678037405014e+00 7.396719905955251306e-01
-2.039597187638282776e+02 -5.375017162412405014e+00 7.283347103220876306e-01
-2.424301472306251526e+02 -1.202662849053740501e+01 3.656790706736501306e-01
-2.073060017228126526e+02 -5.885759349912405014e+00 9.151175472361501306e-01
-2.424126606583595276e+02 -1.202455329522490501e+01 4.255240413767751306e-01
-2.423872700333595276e+02 -1.202174567803740501e+01 4.860403987986501306e-01
-2.423497639298439026e+02 -1.201783942803740501e+01 5.468314144236501306e-01
-2.400516377091407776e+02 -1.180043220147490501e+01 7.570212337595876306e-01
-2.412977314591407776e+02 -1.183656501397490501e+01 7.359183284861501306e-01
-2.425285053849220276e+02 -1.187452888116240501e+01 7.449820491892751306e-01
-2.461167622208595276e+02 -1.214235114678740501e+01 5.699179622752126306e-01
-2.459816303849220276e+02 -1.212880134209990501e+01 6.327231380564626306e-01
-2.094659748673439026e+02 -5.983537670224905014e+00 9.046195003611501306e-01
-2.132715778946876526e+02 -6.151506420224905014e+00 8.447134945017751306e-01
-2.474453144669532776e+02 -1.219838142022490501e+01 3.753989193064626306e-01
-2.472920246720314026e+02 -1.208033942803740501e+01 3.780386898142751306e-01
-2.474344196915626526e+02 -1.219691657647490501e+01 4.319174739939626306e-01
-2.472589436173439026e+02 -1.207643317803740501e+01 4.355795833689626306e-01
-2.474216633439064026e+02 -1.219520759209990501e+01 4.882986995799001306e-01
-2.471986103653907776e+02 -1.206971931084990501e+01 4.945395443064626306e-01
-2.473977070450782776e+02 -1.219252204522490501e+01 5.454581234080251306e-01
-2.473438130021095276e+02 -1.218678474053740501e+01 6.040213558299001306e-01
-2.486775227189064026e+02 -1.224843024834990501e+01 4.621146175486501306e-01
-2.485146504044532776e+02 -1.213087653741240501e+01 4.664481136424001306e-01
-2.486515522599220276e+02 -1.224550056084990501e+01 5.184195491892751306e-01
-2.484560566544532776e+02 -1.212428474053740501e+01 5.246451351267751306e-01
-2.486298237442970276e+02 -1.224293708428740501e+01 5.747855159861501306e-01
-2.498866901993751526e+02 -1.230153083428740501e+01 5.443442318064626306e-01
-2.497091999650001526e+02 -1.218373298272490501e+01 5.503714534861501306e-01
-2.509008808732032776e+02 -1.214052009209990501e+01 4.006827327830251306e-01
-2.511504841446876526e+02 -1.236354255303740501e+01 4.487021419627126306e-01
-2.510718708634376526e+02 -1.225782966241240501e+01 4.508078548533376306e-01
-2.508218708634376526e+02 -1.213124274834990501e+01 4.581473323924001306e-01
-2.511507588028907776e+02 -1.236317634209990501e+01 5.024741146189626306e-01
-2.510486775040626526e+02 -1.225502204522490501e+01 5.055411312205251306e-01
-2.175238667130470276e+02 -6.333635326474905014e+00 7.328055355174001306e-01
-2.524201069474220276e+02 -1.242482184991240501e+01 2.953513118845876306e-01
-2.523554096817970276e+02 -1.232252692803740501e+01 2.959769222361501306e-01
-2.522218342423439026e+02 -1.221095466241240501e+01 2.981894466502126306e-01
-2.523763447403907776e+02 -1.242030524834990501e+01 3.488944027049001306e-01
-2.523345051407814026e+02 -1.231996345147490501e+01 3.496268245799001306e-01
-2.522036762833595276e+02 -1.220863532647490501e+01 3.524497005564626306e-01
-2.523641377091407776e+02 -1.241884040459990501e+01 4.022391292674001306e-01
-2.523294697403907776e+02 -1.231910895928740501e+01 4.030173275095876306e-01
-2.521759663224220276e+02 -1.220521735772490501e+01 4.071372005564626306e-01
-2.523728657364845276e+02 -1.241932868584990501e+01 4.550040218455251306e-01
-2.523201008439064026e+02 -1.231788825616240501e+01 4.563010189158376306e-01
-2.521351948380470276e+02 -1.220021247491240501e+01 4.622214290720876306e-01
-2.535823689103126526e+02 -1.247596931084990501e+01 3.654959652049001306e-01
-2.535509968400001526e+02 -1.237794684991240501e+01 3.659995052439626306e-01
-2.534567280411720276e+02 -1.227211188897490501e+01 3.681662532908376306e-01
-2.535823689103126526e+02 -1.247560309991240501e+01 4.178030941111501306e-01
-2.535565205216407776e+02 -1.237819099053740501e+01 4.180624935252126306e-01
-2.534338703751564026e+02 -1.226918220147490501e+01 4.215872737986501306e-01
-2.607796040177345276e+02 -1.268202399834990501e+01 4.318564388377126306e-01
-2.607575398087501526e+02 -1.258864020928740501e+01 4.324667904002126306e-01
-2.606593037247657776e+02 -1.248610114678740501e+01 4.359305355174001306e-01
-2.629644489884376526e+02 -1.249391364678740501e+01 3.675101253611501306e-01
-2.631783161759376526e+02 -1.296803474053740501e+01 4.113638851267751306e-01
-2.631727009415626526e+02 -1.287843513116240501e+01 4.110281917674001306e-01
-2.631617756485939026e+02 -1.278798102959990501e+01 4.111655208689626306e-01
-2.631250630021095276e+02 -1.269410895928740501e+01 4.122794124705251306e-01
-2.630792255997657776e+02 -1.259864997491240501e+01 4.137289974314626306e-01
-2.629258442521095276e+02 -1.248878669366240501e+01 4.192374202830251306e-01
-2.654326801896095276e+02 -1.265345954522490501e+01 3.892233821970876306e-01
-2.652707234025001526e+02 -1.254310798272490501e+01 3.948080989939626306e-01
-2.778925800919532776e+02 -1.291945075616240501e+01 4.293539974314626306e-01
-2.823871479630470276e+02 -1.298268317803740501e+01 3.813498470408376306e-01
-2.847477131485939026e+02 -1.318983649834990501e+01 3.227713558299001306e-01
-2.847094746232032776e+02 -1.309816169366240501e+01 3.234580013377126306e-01
-2.846531391739845276e+02 -1.300367927178740501e+01 3.249991390330251306e-01
-2.858104572892189026e+02 -1.310316657647490501e+01 3.088095638377126306e-01
-2.857542439103126526e+02 -1.300917243584990501e+01 3.105032894236501306e-01
-2.945829182267189026e+02 -1.347072028741240501e+01 -8.176965979509986937e-02
-2.945738850235939026e+02 -1.338673591241240501e+01 -8.302088049822486937e-02
-2.945619221329689026e+02 -1.330226325616240501e+01 -8.395166663103736937e-02
-2.945444660782814026e+02 -1.321681403741240501e+01 -8.472986487322486937e-02
-2.945144672989845276e+02 -1.313026618584990501e+01 -8.518762854509986937e-02
-2.944644795060157776e+02 -1.304103278741240501e+01 -8.511133459978736937e-02
-2.943609028458595276e+02 -1.294594001397490501e+01 -8.360071448259986937e-02
-2.941947956681251526e+02 -1.284230231866240501e+01 -8.019800452166236937e-02
-2.952669087052345276e+02 -1.284791755303740501e+01 -1.086709049122873694e-01
-3.078597431778907776e+02 -1.298414802178740501e+01 -6.386783497873693705e-04
-3.076355610489845276e+02 -1.288295173272490501e+01 7.585808954900130630e-03
-3.544130573868751526e+02 -1.073683356866240501e+01 -6.410347965138498694e-01
-3.576775532364845276e+02 -1.036903571709990501e+01 -7.214180972950998694e-01
-3.617990437150001526e+02 -9.790422435849905014e+00 -8.118874576466623694e-01
