9.734357774257659912e+00 -1.320175755769014359e+00 -2.120921649329829961e-01
9.768022477626800537e+00 -1.241928685456514359e+00 -2.121379413001704961e-01
9.797639787197113037e+00 -1.162705052644014359e+00 -2.121837176673579961e-01
9.827470719814300537e+00 -1.082871068269014359e+00 -2.122294940345454961e-01
9.857305467128753662e+00 -1.003037083894014359e+00 -2.122752704017329961e-01
9.887342393398284912e+00 -9.225927479565143585e-01 -2.123363055579829961e-01
9.912614762783050537e+00 -8.415380604565143585e-01 -2.121074237220454961e-01
9.918615281581878662e+00 -7.581640370190143585e-01 -2.110393084876704961e-01
1.058369630575180054e+01 -1.462875951081514359e+00 -2.112529315345454961e-01
1.061744493246078491e+01 -1.377426732331514359e+00 -2.112987079017329961e-01
1.065133088827133179e+01 -1.291611302644014359e+00 -2.113444842689204961e-01
1.069045823812484741e+01 -1.205795872956514359e+00 -2.113902606361079961e-01
1.072464555501937866e+01 -1.119248021394014359e+00 -2.114512957923579961e-01
1.075404542684555054e+01 -1.031357396394014359e+00 -2.115123309486079961e-01
1.078848451375961304e+01 -9.441991932690143585e-01 -2.115581073157954961e-01
1.082304567098617554e+01 -8.565527088940143585e-01 -2.116038836829829961e-01
1.159383195638656616e+01 -1.632675755769014359e+00 -2.102458514564204961e-01
1.163301271200180054e+01 -1.539414037019014359e+00 -2.102916278236079961e-01
1.167236894369125366e+01 -1.445786107331514359e+00 -2.103526629798579961e-01
1.171203416585922241e+01 -1.351425755769014359e+00 -2.104136981361079961e-01
1.175173753499984741e+01 -1.256943333894014359e+00 -2.104594745032954961e-01
1.179175752401351929e+01 -1.161728490144014359e+00 -2.105205096595454961e-01
1.183181947469711304e+01 -1.066391576081514359e+00 -2.105662860267329961e-01
1.187204927206039429e+01 -9.705663807690143585e-01 -2.106273211829829961e-01
1.280661195516586304e+01 -1.836411107331514359e+00 -2.089793719642329961e-01
1.285989946126937866e+01 -1.735092747956514359e+00 -2.090098895423579961e-01
1.290625947713851929e+01 -1.632065404206514359e+00 -2.090709246986079961e-01
1.295299714803695679e+01 -1.528183568269014359e+00 -2.091167010657954961e-01
1.299981111288070679e+01 -1.424179662019014359e+00 -2.091777362220454961e-01
1.304701036214828491e+01 -1.319321263581514359e+00 -2.092235125892329961e-01
1.309427064657211304e+01 -1.214218724519014359e+00 -2.092845477454829961e-01
1.313430207967758179e+01 -1.107895482331514359e+00 -2.093303241126704961e-01
1.430743592977523804e+01 -2.088608372956514359e+00 -2.073314227454829961e-01
1.436295503377914429e+01 -1.974838841706514359e+00 -2.073771991126704961e-01
1.441877168416976929e+01 -1.860458958894014359e+00 -2.074229754798579961e-01
1.447508424520492554e+01 -1.745102513581514359e+00 -2.074840106361079961e-01
1.453151124715805054e+01 -1.629501927644014359e+00 -2.075297870032954961e-01
1.458844178915023804e+01 -1.512924779206514359e+00 -2.075908221595454961e-01
1.464549440145492554e+01 -1.395981419831514359e+00 -2.076365985267329961e-01
1.470285218954086304e+01 -1.278427708894014359e+00 -2.076976336829829961e-01
1.619226258993148804e+01 -2.405258763581514359e+00 -2.052562274329829961e-01
1.627226060628890991e+01 -2.279404271394014359e+00 -2.052867450111079961e-01
1.634111970663070679e+01 -2.150742162019014359e+00 -2.053325213782954961e-01
1.641064637899398804e+01 -2.020981419831514359e+00 -2.053782977454829961e-01
1.648036378622055054e+01 -1.890732396394014359e+00 -2.054240741126704961e-01
1.655074495077133179e+01 -1.759262669831514359e+00 -2.054698504798579961e-01
1.662132829427719116e+01 -1.627426732331514359e+00 -2.055156268470454961e-01
1.668037599325180054e+01 -1.493515599519014359e+00 -2.055766620032954961e-01
1.865281099081039429e+01 -2.818710912019014359e+00 -2.023112811439204961e-01
1.874016755819320679e+01 -2.673081029206514359e+00 -2.023570575111079961e-01
1.882814210653305054e+01 -2.526352513581514359e+00 -2.024028338782954961e-01
1.891703599691390991e+01 -2.378037083894014359e+00 -2.024333514564204961e-01
1.900625795125961304e+01 -2.229355443269014359e+00 -2.024791278236079961e-01
1.909642595052719116e+01 -2.078964818269014359e+00 -2.025249041907954961e-01
1.918692964315414429e+01 -1.927963841706514359e+00 -2.025706805579829961e-01
1.927807801961898804e+01 -1.775986302644014359e+00 -2.026164569251704961e-01
2.084726899862289429e+01 -3.187851537019014359e+00 -1.702525653236079961e-01
2.165002626180648804e+01 -3.137314427644014359e+00 -1.875255145423579961e-01
2.221687120199203491e+01 -3.038071263581514359e+00 -1.982066668861079961e-01
2.233544725179672241e+01 -2.865219701081514359e+00 -1.982371844642329961e-01
2.245461457967758179e+01 -2.691513646394014359e+00 -1.982524432532954961e-01
2.257521241903305054e+01 -2.515732396394014359e+00 -1.982829608314204961e-01
2.267438310384750366e+01 -2.336533177644014359e+00 -1.983287371986079961e-01
2.279639619588851929e+01 -2.158676732331514359e+00 -1.983439959876704961e-01
2.084186738729476929e+01 -3.188095677644014359e+00 -7.236743348767049611e-02
2.164416688680648804e+01 -3.137558568269014359e+00 -8.600879090954549611e-02
2.250837892293930054e+01 -3.083237279206514359e+00 -1.007030047767329961e-01
2.344529145956039429e+01 -3.024399388581514359e+00 -1.166331805579829961e-01
2.445721620321273804e+01 -2.960678685456514359e+00 -1.338450946204829961e-01
2.556123918294906616e+01 -2.891220677644014359e+00 -1.526286639564204961e-01
2.676208680868148804e+01 -2.815659154206514359e+00 -1.730449237220454961e-01
2.788784974813461304e+01 -2.712387669831514359e+00 -1.917064227454829961e-01
2.083650392293930054e+01 -3.188339818269014359e+00 2.493786436389200389e-02
2.163833802938461304e+01 -3.137924779206514359e+00 1.491283994982950389e-02
2.250203889608383179e+01 -3.083603490144014359e+00 4.109617293579503894e-03
2.343837541341781616e+01 -3.024643529206514359e+00 -7.593873917357996106e-03
2.444964021444320679e+01 -2.961044896394014359e+00 -2.022815126110799611e-02
2.555291551351547241e+01 -2.891708958894014359e+00 -3.403735536267049611e-02
2.675279420614242554e+01 -2.816147435456514359e+00 -4.903674501110799611e-02
2.806732362508773804e+01 -2.733383763581514359e+00 -6.547046083142049611e-02
8.215320008993148804e+01 -1.348326169326901436e+01 -5.562083758704829961e-01
2.247013276815414429e+01 -3.271591771394014359e+00 1.071369610435795039e-01
8.603821748495101929e+01 -1.267002927139401436e+01 -5.795695819251704961e-01
8.702044862508773804e+01 -1.207725583389401436e+01 -5.802867450111079961e-01
2.542079347372055054e+01 -3.092514622956514359e+00 8.351635557482950389e-02
2.687906831502914429e+01 -3.059433568269014359e+00 7.109570127795450389e-02
2.832301515340805054e+01 -3.001450169831514359e+00 5.913281065295450389e-02
2.861486238241195679e+01 -2.794540990144014359e+00 5.933117491076700389e-02
8.561412996053695679e+01 -1.406895505264401436e+01 -1.963908709876704961e-01
2.247009462118148804e+01 -3.272934544831514359e+00 2.117817364342045039e-01
8.972979921102523804e+01 -1.323204099014401436e+01 -2.033031024329829961e-01
9.066530030965805054e+01 -1.260118161514401436e+01 -1.992442645423579961e-01
2.547318452596664429e+01 -3.100937474519014359e+00 2.011311016685795039e-01
2.695520967245101929e+01 -3.070541966706514359e+00 1.951649151451420039e-01
2.009302705526351929e+01 -3.066879857331514359e+00 3.188068829185795039e-01
2.086547273397445679e+01 -3.018295872956514359e+00 3.196155987388920039e-01
2.170059388875961304e+01 -2.966293919831514359e+00 3.199512920982670039e-01
2.260178560018539429e+01 -2.909409154206514359e+00 3.208820782310795039e-01
2.357569688558578491e+01 -2.848129857331514359e+00 3.218738995201420039e-01
2.463823884725570679e+01 -2.781235326081514359e+00 3.229725323326420039e-01
2.579099458456039429e+01 -2.708115208894014359e+00 3.248035870201420039e-01
2.705596345663070679e+01 -2.628403294831514359e+00 3.261311016685795039e-01
2.018765062093734741e+01 -3.083847630769014359e+00 4.127857647545170039e-01
2.096338075399398804e+01 -3.035019505769014359e+00 4.170887432701420039e-01
2.179886430501937866e+01 -2.982407201081514359e+00 4.217274151451420039e-01
2.270349305868148804e+01 -2.925278294831514359e+00 4.267475567467045039e-01
2.368097490072250366e+01 -2.863632787019014359e+00 4.321796856529545039e-01
2.474733918905258179e+01 -2.796372044831514359e+00 4.381000958092045039e-01
2.590838044881820679e+01 -2.723373997956514359e+00 4.445393047935795039e-01
2.717787355184555054e+01 -2.643173802644014359e+00 4.516041241295170039e-01
1.997690767049789429e+01 -3.049545872956514359e+00 5.058186016685795039e-01
2.071768373250961304e+01 -2.996933568269014359e+00 5.128376446373295039e-01
2.155364412069320679e+01 -2.946640599519014359e+00 5.212147198326420039e-01
2.248740571737289429e+01 -2.895737279206514359e+00 5.305073223717045039e-01
2.349772828817367554e+01 -2.840317357331514359e+00 5.405781231529545039e-01
2.460518831014633179e+01 -2.779892552644014359e+00 5.516102276451420039e-01
2.581597703695297241e+01 -2.713974583894014359e+00 5.636646710045170039e-01
2.714955705404281616e+01 -2.641708958894014359e+00 5.776264629967045039e-01
2.017796510457992554e+01 -3.084457982331514359e+00 6.014149151451420039e-01
2.095286744832992554e+01 -3.035629857331514359e+00 6.127064190513920039e-01
2.178741639852523804e+01 -2.983139622956514359e+00 6.248829327232670039e-01
2.264564698934555054e+01 -2.919540990144014359e+00 6.374866924888920039e-01
2.355973237752914429e+01 -2.850082982331514359e+00 6.509296856529545039e-01
2.455159944295883179e+01 -2.774521458894014359e+00 6.655170879967045039e-01
2.562546724081039429e+01 -2.693222630769014359e+00 6.813099346763920039e-01
2.689645951986312866e+01 -2.615707982331514359e+00 6.998188458092045039e-01
1.997968095541000366e+01 -3.052231419831514359e+00 6.926472149498295039e-01
2.082639878988265991e+01 -3.016708958894014359e+00 7.081196270592045039e-01
2.174888795614242554e+01 -2.978500951081514359e+00 7.255299053795170039e-01
2.547299379110336304e+01 -3.108139622956514359e+00 7.930500469810795039e-01
2.695498842000961304e+01 -3.078232396394014359e+00 8.207142315513920039e-01
2.246989625692367554e+01 -3.280380833894014359e+00 8.410847149498295039e-01
2.547295564413070679e+01 -3.109604466706514359e+00 9.117786846763920039e-01
2.695494264364242554e+01 -3.079819310456514359e+00 9.461872540123295039e-01
2.787417787313461304e+01 -2.725327122956514359e+00 9.705402813560795039e-01
2.246985810995101929e+01 -3.281601537019014359e+00 9.462025128013920039e-01
2.308881562948226929e+01 -2.986679662019014359e+00 9.651844463951420039e-01
2.394822114706039429e+01 -2.906235326081514359e+00 9.895527325279545039e-01
2.502467530965805054e+01 -2.838364232331514359e+00 1.020421262801392004e+00
2.619637483358383179e+01 -2.764633763581514359e+00 1.053364988387329504e+00
2.747750276327133179e+01 -2.683701146394014359e+00 1.089390989363892004e+00
2.041575807332992554e+01 -3.129013646394014359e+00 9.864704571373295039e-01
2.119886964559555054e+01 -3.079697240144014359e+00 1.011510129988892004e+00
2.204214662313461304e+01 -3.026596654206514359e+00 1.039006467879517004e+00
2.295499223470687866e+01 -2.968857396394014359e+00 1.068791624129517004e+00
2.394130128622055054e+01 -2.906723607331514359e+00 1.100957151473267004e+00
2.501710695028305054e+01 -2.838852513581514359e+00 1.136052366317017004e+00
9.918649613857269287e+00 -7.579198963940143585e-01 -2.110393084876704961e-01
9.929750382900238037e+00 -6.751562245190143585e-01 -2.099711932532954961e-01
9.936376512050628662e+00 -5.919042713940143585e-01 -2.089030780189204961e-01
9.943029344081878662e+00 -5.084081776440143585e-01 -2.078349627845454961e-01
9.949655473232269287e+00 -4.250341542065143585e-01 -2.067668475501704961e-01
9.956308305263519287e+00 -3.415380604565143585e-01 -2.056987323157954961e-01
9.962934434413909912e+00 -2.582861073315143585e-01 -2.046306170814204961e-01
9.965066850185394287e+00 -1.747900135815143585e-01 -2.035472430579829961e-01
1.082324403524398804e+01 -8.561864979565143585e-01 -2.116191424720454961e-01
1.084428590536117554e+01 -7.668310292065143585e-01 -2.111613788001704961e-01
1.085151857137680054e+01 -6.760107167065143585e-01 -2.100017108314204961e-01
1.086412996053695679e+01 -5.853124745190143585e-01 -2.088267840736079961e-01
1.087136262655258179e+01 -4.943700917065143585e-01 -2.076671161048579961e-01
1.087327378988265991e+01 -4.028173573315143585e-01 -2.064921893470454961e-01
1.088051027059555054e+01 -3.119970448315143585e-01 -2.053325213782954961e-01
1.088774293661117554e+01 -2.210546620190143585e-01 -2.041575946204829961e-01
1.187228196859359741e+01 -9.703222401440143585e-01 -2.106273211829829961e-01
1.190854066610336304e+01 -8.736425526440143585e-01 -2.106883563392329961e-01
1.194493669271469116e+01 -7.765966542065143585e-01 -2.107493914954829961e-01
1.196506685018539429e+01 -6.772314198315143585e-01 -2.100322284095454961e-01
1.197303956747055054e+01 -5.772558338940143585e-01 -2.087504901282954961e-01
1.198103517293930054e+01 -4.767919667065143585e-01 -2.074534930579829961e-01
1.198900407552719116e+01 -3.768163807690143585e-01 -2.061717547767329961e-01
1.199697297811508179e+01 -2.767187245190143585e-01 -2.048900164954829961e-01
1.313457292318344116e+01 -1.107529271394014359e+00 -2.093455829017329961e-01
1.318536943197250366e+01 -1.001694310456514359e+00 -2.093913592689204961e-01
1.322893327474594116e+01 -8.946386463940143585e-01 -2.094523944251704961e-01
1.327287477254867554e+01 -7.864843495190143585e-01 -2.095134295814204961e-01
1.331685823202133179e+01 -6.782079823315143585e-01 -2.095592059486079961e-01
1.333487504720687866e+01 -5.672460682690143585e-01 -2.085216082923579961e-01
1.334370225667953491e+01 -4.560400135815143585e-01 -2.070872821204829961e-01
1.334451478719711304e+01 -3.443456776440143585e-01 -2.056529559486079961e-01
1.470316880941390991e+01 -1.278061497956514359e+00 -2.076976336829829961e-01
1.475620073080062866e+01 -1.159409154206514359e+00 -2.077586688392329961e-01
1.480954545736312866e+01 -1.039902318269014359e+00 -2.078197039954829961e-01
1.486338227987289429e+01 -9.194189198315143585e-01 -2.078807391517329961e-01
1.491736024618148804e+01 -7.986913807690143585e-01 -2.079417743079829961e-01
1.497184175252914429e+01 -6.767431385815143585e-01 -2.080028094642329961e-01
1.502644914388656616e+01 -5.544286854565143585e-01 -2.080638446204829961e-01
1.504012101888656616e+01 -4.294286854565143585e-01 -2.065990008704829961e-01
1.668076509237289429e+01 -1.493027318269014359e+00 -2.055919207923579961e-01
1.675932496786117554e+01 -1.360336888581514359e+00 -2.056224383704829961e-01
1.682635682821273804e+01 -1.225449193269014359e+00 -2.056834735267329961e-01
1.689406388998031616e+01 -1.089096654206514359e+00 -2.057292498939204961e-01
1.696199220418930054e+01 -9.523779042065143585e-01 -2.057902850501704961e-01
1.703061097860336304e+01 -8.143163807690143585e-01 -2.058360614173579961e-01
1.709945863485336304e+01 -6.757665760815143585e-01 -2.058970965736079961e-01
1.715616792440414429e+01 -5.356298573315143585e-01 -2.059733905189204961e-01
1.927860063314437866e+01 -1.775498021394014359e+00 -2.026164569251704961e-01
1.936536592245101929e+01 -1.621811497956514359e+00 -2.026622332923579961e-01
1.945279115438461304e+01 -1.466904271394014359e+00 -2.027232684486079961e-01
1.954120057821273804e+01 -1.310288060456514359e+00 -2.027690448157954961e-01
1.962998384237289429e+01 -1.153061497956514359e+00 -2.028148211829829961e-01
1.971976655721664429e+01 -9.940038807690143585e-01 -2.028758563392329961e-01
1.980993837118148804e+01 -8.343359120190143585e-01 -2.029216327064204961e-01
1.990081971883773804e+01 -6.733251698315143585e-01 -2.029826678626704961e-01
2.279715150594711304e+01 -2.158066380769014359e+00 -1.983592547767329961e-01
2.291519349813461304e+01 -1.978012669831514359e+00 -1.983897723548579961e-01
2.305694764852523804e+01 -1.798325169831514359e+00 -1.983897723548579961e-01
2.317774766683578491e+01 -1.614243138581514359e+00 -1.984202899329829961e-01
2.329923051595687866e+01 -1.429062474519014359e+00 -1.984508075111079961e-01
2.342225450277328491e+01 -1.241562474519014359e+00 -1.984813250892329961e-01
2.352241319417953491e+01 -1.051498997956514359e+00 -1.985271014564204961e-01
2.364705842733383179e+01 -8.613134510815143585e-01 -1.985576190345454961e-01
2.788903993368148804e+01 -2.711655247956514359e+00 -1.917216815345454961e-01
2.806071275472640991e+01 -2.494248021394014359e+00 -1.917064227454829961e-01
2.823430055379867554e+01 -2.274521458894014359e+00 -1.916911639564204961e-01
2.840979951620101929e+01 -2.051498997956514359e+00 -1.916606463782954961e-01
2.858644288778305054e+01 -1.826767552644014359e+00 -1.916301288001704961e-01
2.876566499471664429e+01 -1.598740208894014359e+00 -1.915996112220454961e-01
2.894627946615219116e+01 -1.368881810456514359e+00 -1.915690936439204961e-01
2.912893098592758179e+01 -1.136459935456514359e+00 -1.915385760657954961e-01
2.807713502645492554e+01 -2.733627904206514359e+00 -6.560778993298299611e-02
2.952144044637680054e+01 -2.642197240144014359e+00 -8.368945497204549611e-02
3.111882585287094116e+01 -2.540878880769014359e+00 -1.036784686439204961e-01
3.290295976400375366e+01 -2.427719701081514359e+00 -1.260173358314204961e-01
3.489377778768539429e+01 -2.301498997956514359e+00 -1.509501971595454961e-01
3.714370149374008179e+01 -2.158676732331514359e+00 -1.791026629798579961e-01
3.746242326498031616e+01 -1.867172826081514359e+00 -1.793315448157954961e-01
3.775785249471664429e+01 -1.569565404206514359e+00 -1.791484393470454961e-01
2.861685365438461304e+01 -2.793930638581514359e+00 5.931591612170450389e-02
2.951001924276351929e+01 -2.642685521394014359e+00 5.350231748889200389e-02
3.110645478963851929e+01 -2.541489232331514359e+00 4.082226377795450389e-02
3.288905137777328491e+01 -2.428452122956514359e+00 2.664684873889200389e-02
3.487769502401351929e+01 -2.302475560456514359e+00 1.083874327014200389e-02
3.712519639730453491e+01 -2.159775365144014359e+00 -7.014039932982996106e-03
3.966520494222640991e+01 -1.998032201081514359e+00 -2.718615907360799611e-02
4.256931489706039429e+01 -1.812729466706514359e+00 -5.025744813610799611e-02
3.448246568441390991e+01 -2.563461888581514359e+00 1.697895489342045039e-01
3.896387284994125366e+01 -2.284653294831514359e+00 1.544849835045170039e-01
4.497091096639633179e+01 -1.935654271394014359e+00 1.336414776451420039e-01
2.706495469808578491e+01 -2.628525365144014359e+00 3.261311016685795039e-01
2.845706743001937866e+01 -2.540512669831514359e+00 3.277485333092045039e-01
3.000202363729476929e+01 -2.443588841706514359e+00 3.288166485435795039e-01
3.172230714559555054e+01 -2.334946263581514359e+00 3.307697735435795039e-01
3.364058107137680054e+01 -2.213486302644014359e+00 3.329670391685795039e-01
3.580895799398422241e+01 -2.076157201081514359e+00 3.354542217857670039e-01
3.825278657674789429e+01 -1.920273412019014359e+00 3.392078838951420039e-01
4.105963701009750366e+01 -1.742172826081514359e+00 3.425037823326420039e-01
2.718689912557601929e+01 -2.643417943269014359e+00 4.516346417076420039e-01
2.858754914999008179e+01 -2.555283177644014359e+00 4.596302471763920039e-01
3.012379640340805054e+01 -2.456650365144014359e+00 4.684345684654545039e-01
3.179967683553695679e+01 -2.343247044831514359e+00 4.781086407310795039e-01
3.366209214925765991e+01 -2.217148412019014359e+00 4.888508282310795039e-01
3.575922578573226929e+01 -2.075058568269014359e+00 5.009510479576420039e-01
3.812186998128890991e+01 -1.914902318269014359e+00 5.145924053795170039e-01
4.081289476156234741e+01 -1.732285130769014359e+00 5.301258526451420039e-01
2.715903276205062866e+01 -2.641953099519014359e+00 5.777027569420170039e-01
2.837600892782211304e+01 -2.535751927644014359e+00 5.898792706138920039e-01
3.011897462606430054e+01 -2.457871068269014359e+00 6.073658428795170039e-01
3.184399598836898804e+01 -2.348862279206514359e+00 6.250660381920170039e-01
3.373855012655258179e+01 -2.224960912019014359e+00 6.445515118248295039e-01
3.577300828695297241e+01 -2.078110326081514359e+00 6.656544170982670039e-01
3.805596345663070679e+01 -1.913315404206514359e+00 6.893207989342045039e-01
4.083474534749984741e+01 -1.735825169831514359e+00 7.188618145592045039e-01
2.690632814168930054e+01 -2.615952122956514359e+00 6.999561749107670039e-01
2.844327729940414429e+01 -2.544174779206514359e+00 7.224476299888920039e-01
3.016100877523422241e+01 -2.463608372956514359e+00 7.475941143638920039e-01
3.448222535848617554e+01 -2.571640599519014359e+00 8.072102032310795039e-01
3.896356385946273804e+01 -2.294052708894014359e+00 8.736011944420170039e-01
3.448216813802719116e+01 -2.573593724519014359e+00 9.660847149498295039e-01
3.636259263753890991e+01 -2.121933568269014359e+00 1.006306882918579504e+00
3.884588426351547241e+01 -1.964218724519014359e+00 1.054433103621704504e+00
4.168598741292953491e+01 -1.783676732331514359e+00 1.110493894637329504e+00
2.787337678670883179e+01 -2.724472630769014359e+00 9.705402813560795039e-01
2.890661805868148804e+01 -2.594101537019014359e+00 9.959919415123295039e-01
3.046746248006820679e+01 -2.495346654206514359e+00 1.033360715926392004e+00
3.220982164144515991e+01 -2.385117162019014359e+00 1.075078245223267004e+00
3.415204423666000366e+01 -2.262192357331514359e+00 1.121587034285767004e+00
2.748661226034164429e+01 -2.683945287019014359e+00 1.089635129988892004e+00
2.889629548788070679e+01 -2.594711888581514359e+00 1.129826780379517004e+00
9.965131700038909912e+00 -1.745458729565143585e-01 -2.035472430579829961e-01
9.972391068935394287e+00 -9.129391983151435852e-02 -2.024791278236079961e-01
9.975149095058441162e+00 -7.797826081514358521e-03 -2.014110125892329961e-01
9.977918565273284912e+00 7.594240829348564148e-02 -2.003428973548579961e-01
9.980680406093597412e+00 1.594385020434856415e-01 -1.992595233314204961e-01
9.983453691005706787e+00 2.433008067309856415e-01 -1.981914080970454961e-01
9.986215531826019287e+00 3.267969004809856415e-01 -1.971232928626704961e-01
9.984468400478363037e+00 4.104150645434856415e-01 -1.960399188392329961e-01
1.088781923055648804e+01 -2.208105213940143585e-01 -2.041575946204829961e-01
1.089093202352523804e+01 -1.297460682690143585e-01 -2.029979266517329961e-01
1.089404481649398804e+01 -3.855954483151435852e-02 -2.018229998939204961e-01
1.090253251791000366e+01 5.262697860598564148e-02 -2.006480731361079961e-01
1.090564912557601929e+01 1.438135020434856415e-01 -1.994884051673579961e-01
1.090340608358383179e+01 2.353662364184856415e-01 -1.982982196204829961e-01
1.090652269124984741e+01 3.265527598559856415e-01 -1.971385516517329961e-01
1.090963929891586304e+01 4.177392832934856415e-01 -1.959636248939204961e-01
1.199704927206039429e+01 -2.763525135815143585e-01 -2.048900164954829961e-01
1.200061219930648804e+01 -1.761327870190143585e-01 -2.036082782142329961e-01
1.200417131185531616e+01 -7.579099014401435852e-02 -2.023112811439204961e-01
1.200774568319320679e+01 2.479494735598564148e-02 -2.010295428626704961e-01
1.201130861043930054e+01 1.252588145434856415e-01 -1.997325457923579961e-01
1.201488298177719116e+01 2.259668223559856415e-01 -1.984508075111079961e-01
1.201844590902328491e+01 3.263086192309856415e-01 -1.971538104407954961e-01
1.202201265096664429e+01 4.267724864184856415e-01 -1.958720721595454961e-01
1.334458345174789429e+01 -3.439794667065143585e-01 -2.056529559486079961e-01
1.335671037435531616e+01 -2.328954823315143585e-01 -2.042186297767329961e-01
1.336082643270492554e+01 -1.213232167065143585e-01 -2.027843036048579961e-01
1.336495393514633179e+01 -9.262669831514358521e-03 -2.013499774329829961e-01
1.336906999349594116e+01 1.023095957934856415e-01 -1.999156512611079961e-01
1.337320131063461304e+01 2.143701426684856415e-01 -1.984813250892329961e-01
1.337731736898422241e+01 3.259424082934856415e-01 -1.970469989173579961e-01
1.337339967489242554e+01 4.376367442309856415e-01 -1.956126727454829961e-01
1.504017060995101929e+01 -4.289404042065143585e-01 -2.065837420814204961e-01
1.504505342245101929e+01 -3.034521229565143585e-01 -2.049815692298579961e-01
1.504993242025375366e+01 -1.778417713940143585e-01 -2.033641375892329961e-01
1.505482667684555054e+01 -5.186520889401435852e-02 -2.017467059486079961e-01
1.505971330404281616e+01 7.374514266848564148e-02 -2.001292743079829961e-01
1.506461519002914429e+01 1.998437754809856415e-01 -1.985118426673579961e-01
1.506949800252914429e+01 3.255761973559856415e-01 -1.968944110267329961e-01
1.507440370321273804e+01 4.513086192309856415e-01 -1.952769793861079961e-01
1.715674775838851929e+01 -5.351415760815143585e-01 -2.059733905189204961e-01
1.722860902547836304e+01 -3.947607167065143585e-01 -2.058513202064204961e-01
1.723452180624008179e+01 -2.510839588940143585e-01 -2.040050067298579961e-01
1.724045747518539429e+01 -1.069189198315143585e-01 -2.021434344642329961e-01
1.724637025594711304e+01 3.687990829348564148e-02 -2.002971209876704961e-01
1.725230592489242554e+01 1.811670176684856415e-01 -1.984508075111079961e-01
1.725822633504867554e+01 3.249658457934856415e-01 -1.966044940345454961e-01
1.725084108114242554e+01 4.687646739184856415e-01 -1.947581805579829961e-01
1.990156358480453491e+01 -6.728368885815143585e-01 -2.029979266517329961e-01
1.998779863119125366e+01 -5.102392323315143585e-01 -2.030437030189204961e-01
2.007475465536117554e+01 -3.462988026440143585e-01 -2.031047381751704961e-01
2.014074510335922241e+01 -1.799169667065143585e-01 -2.025554217689204961e-01
2.014815324544906616e+01 -1.219235733151435852e-02 -2.004039325111079961e-01
2.015559190511703491e+01 1.562646739184856415e-01 -1.982371844642329961e-01
2.016300386190414429e+01 3.242334239184856415e-01 -1.960704364173579961e-01
2.017041963338851929e+01 4.923242442309856415e-01 -1.939189471595454961e-01
2.364806550741195679e+01 -8.607030995190143585e-01 -1.985728778236079961e-01
2.376850312948226929e+01 -6.684423573315143585e-01 -1.986186541907954961e-01
2.391440767049789429e+01 -4.750829823315143585e-01 -1.986186541907954961e-01
2.403790467977523804e+01 -2.781835682690143585e-01 -1.986644305579829961e-01
2.416208833456039429e+01 -7.994138076901435852e-02 -1.986949481361079961e-01
2.423576158285140991e+01 1.214746348559856415e-01 -1.975505389564204961e-01
2.421954911947250366e+01 3.232568614184856415e-01 -1.949565448157954961e-01
2.422929567098617554e+01 5.249170176684856415e-01 -1.923625506751704961e-01
2.913010972738265991e+01 -1.135727513581514359e+00 -1.915385760657954961e-01
2.931004136800765991e+01 -9.003759510815143585e-01 -1.915080584876704961e-01
2.949213594198226929e+01 -6.622167713940143585e-01 -1.914927996986079961e-01
2.967708772420883179e+01 -4.202734120190143585e-01 -1.914622821204829961e-01
2.986366456747055054e+01 -1.762548573315143585e-01 -1.914317645423579961e-01
3.005317872762680054e+01 7.166994735598564148e-02 -1.914012469642329961e-01
3.024435991048812866e+01 3.216699473559856415e-01 -1.913707293861079961e-01
3.032404512166976929e+01 5.738672129809856415e-01 -1.893107928626704961e-01
3.776008027791976929e+01 -1.568588841706514359e+00 -1.791636981361079961e-01
3.805718797445297241e+01 -1.266464818269014359e+00 -1.789805926673579961e-01
3.835889238119125366e+01 -9.595800526440143585e-01 -1.787974871986079961e-01
3.866637223958969116e+01 -6.468359120190143585e-01 -1.786143817298579961e-01
3.897770875692367554e+01 -3.303075917065143585e-01 -1.784312762611079961e-01
3.929505723714828491e+01 -7.553685456514358521e-03 -1.782481707923579961e-01
3.961639207601547241e+01 3.191064707934856415e-01 -1.780498065345454961e-01
3.994289201498031616e+01 6.511377207934856415e-01 -1.778514422767329961e-01
4.259136384725570679e+01 -1.812607396394014359e+00 -5.044055360485799611e-02
4.595086091756820679e+01 -1.598007787019014359e+00 -7.706714051892049611e-02
4.987487977743148804e+01 -1.346542943269014359e+00 -1.081645526282954961e-01
5.453130906820297241e+01 -1.046860326081514359e+00 -1.450297870032954961e-01
5.551755708456039429e+01 -6.098486073315143585e-01 -1.477305926673579961e-01
5.642502397298812866e+01 -1.544042713940143585e-01 -1.494853534095454961e-01
5.706530183553695679e+01 3.143457286059856415e-01 -1.487071551673579961e-01
5.772002214193344116e+01 7.937158457934856415e-01 -1.479136981361079961e-01
4.497067826986312866e+01 -1.934311497956514359e+00 1.336567364342045039e-01
4.796946138143539429e+01 -1.685043919831514359e+00 1.243946514732670039e-01
5.249936860799789429e+01 -1.437363255769014359e+00 1.086628399498295039e-01
5.569785875082015991e+01 -1.079575169831514359e+00 1.000416241295170039e-01
6.005677217245101929e+01 -6.896825917065143585e-01 8.696484190295450389e-02
6.688466829061508179e+01 -2.468114979565143585e-01 6.419872862170450389e-02
7.539639467000961304e+01 3.072656504809856415e-01 3.583263975451700389e-02
8.631337922811508179e+01 1.021743189543485641e+00 -4.832782142329961061e-04
4.108020967245101929e+01 -1.741928685456514359e+00 3.425037823326420039e-01
4.432768052816390991e+01 -1.535751927644014359e+00 3.465626202232670039e-01
4.814098924398422241e+01 -1.294540990144014359e+00 3.501331768638920039e-01
5.266314119100570679e+01 -1.006577122956514359e+00 3.556721172935795039e-01
5.809510606527328491e+01 -6.602636463940143585e-01 3.623402081138920039e-01
6.478217500448226929e+01 -2.330175526440143585e-01 3.705646954185795039e-01
7.311812776327133179e+01 3.031152598559856415e-01 3.826496563560795039e-01
8.391685670614242554e+01 9.969629161059856415e-01 3.962299786217045039e-01
4.083257097005844116e+01 -1.732040990144014359e+00 5.302174053795170039e-01
4.402858918905258179e+01 -1.525864232331514359e+00 5.488789044029545039e-01
4.796570771932601929e+01 -1.291611302644014359e+00 5.715992413170170039e-01
5.239507478475570679e+01 -1.003037083894014359e+00 5.975086651451420039e-01
5.826367753744125366e+01 -6.667333729565143585e-01 6.312000713951420039e-01
6.440455812215805054e+01 -2.337499745190143585e-01 6.675465069420170039e-01
7.294558900594711304e+01 2.984765879809856415e-01 7.171528301842045039e-01
8.300753968954086304e+01 9.845117442309856415e-01 7.763874493248295039e-01
4.085727494955062866e+01 -1.735703099519014359e+00 7.190754376060795039e-01
4.443879121541976929e+01 -1.545761693269014359e+00 7.548267803795170039e-01
5.249896806478500366e+01 -1.447006810456514359e+00 8.331654034263920039e-01
5.697603029012680054e+01 -1.122177708894014359e+00 8.802692852623295039e-01
6.298216813802719116e+01 -7.505956776440143585e-01 9.426014385826420039e-01
7.051324647665023804e+01 -2.908788807690143585e-01 1.020680662215454504e+00
7.408616822957992554e+01 2.934717051684856415e-01 1.062596555770142004e+00
8.486979860067367554e+01 9.939111582934856415e-01 1.177037473738892004e+00
4.796901124715805054e+01 -1.696762669831514359e+00 1.008061643660767004e+00
4.886240190267562866e+01 -1.327744115144014359e+00 1.025578733504517004e+00
5.342999833822250366e+01 -1.035751927644014359e+00 1.094121213973267004e+00
5.890547746419906616e+01 -6.850439198315143585e-01 1.176305051863892004e+00
4.170680421590805054e+01 -1.783554662019014359e+00 1.110875364363892004e+00
4.499256700277328491e+01 -1.574448216706514359e+00 1.174184080184204504e+00
9.984479844570159912e+00 4.106592051684856415e-01 -1.960399188392329961e-01
9.987874925136566162e+00 4.942773692309856415e-01 -1.949718036048579961e-01
9.986761033535003662e+00 5.778955332934856415e-01 -1.939036883704829961e-01
9.985639512538909912e+00 6.617578379809856415e-01 -1.928203143470454961e-01
9.984521806240081787e+00 7.453760020434856415e-01 -1.917521991126704961e-01
9.983404099941253662e+00 8.293603770434856415e-01 -1.906688250892329961e-01
9.982286393642425537e+00 9.131006114184856415e-01 -1.896007098548579961e-01
9.976655900478363037e+00 9.965967051684856415e-01 -1.885173358314204961e-01
1.090965455770492554e+01 4.181054942309856415e-01 -1.959636248939204961e-01
1.090863984823226929e+01 5.092920176684856415e-01 -1.947886981361079961e-01
1.090762132406234741e+01 6.006006114184856415e-01 -1.936137713782954961e-01
1.091197770833969116e+01 6.922754161059856415e-01 -1.924388446204829961e-01
1.091095918416976929e+01 7.837060801684856415e-01 -1.912639178626704961e-01
1.090455812215805054e+01 8.751367442309856415e-01 -1.901042498939204961e-01
1.090353578329086304e+01 9.665674082934856415e-01 -1.889293231361079961e-01
1.090251725912094116e+01 1.057998072355985641e+00 -1.877543963782954961e-01
1.202204316854476929e+01 4.271386973559856415e-01 -1.958568133704829961e-01
1.202118486166000366e+01 5.274804942309856415e-01 -1.945750750892329961e-01
1.202032655477523804e+01 6.279443614184856415e-01 -1.932780780189204961e-01
1.201946824789047241e+01 7.288965098559856415e-01 -1.919963397376704961e-01
1.201860994100570679e+01 8.294824473559856415e-01 -1.906993426673579961e-01
1.201775163412094116e+01 9.304345957934856415e-01 -1.894023455970454961e-01
1.201689332723617554e+01 1.031020533293485641e+00 -1.881053485267329961e-01
1.201603502035140991e+01 1.131728541105985641e+00 -1.868236102454829961e-01
1.337339967489242554e+01 4.380029551684856415e-01 -1.956126727454829961e-01
1.338083070516586304e+01 5.498193614184856415e-01 -1.941630877845454961e-01
1.338022035360336304e+01 6.615136973559856415e-01 -1.927287616126704961e-01
1.337961000204086304e+01 7.738183848559856415e-01 -1.912944354407954961e-01
1.337899965047836304e+01 8.856347911059856415e-01 -1.898601092689204961e-01
1.337838929891586304e+01 9.979394786059856415e-01 -1.884105243079829961e-01
1.337777894735336304e+01 1.110000025480985641e+00 -1.869761981361079961e-01
1.336911958456039429e+01 1.221450220793485641e+00 -1.855418719642329961e-01
1.507436555624008179e+01 4.517969004809856415e-01 -1.952769793861079961e-01
1.507420152425765991e+01 5.775293223559856415e-01 -1.936595477454829961e-01
1.507404130697250366e+01 7.033838145434856415e-01 -1.920421161048579961e-01
1.507387727499008179e+01 8.297265879809856415e-01 -1.904246844642329961e-01
1.507371705770492554e+01 9.557031504809856415e-01 -1.888072528236079961e-01
1.507355684041976929e+01 1.082167994230985641e+00 -1.871898211829829961e-01
1.507338899374008179e+01 1.208266627043485641e+00 -1.855723895423579961e-01
1.507322877645492554e+01 1.334487330168485641e+00 -1.839396991126704961e-01
1.725078767538070679e+01 4.692529551684856415e-01 -1.947429217689204961e-01
1.726459687948226929e+01 6.132959239184856415e-01 -1.928966082923579961e-01
1.726512712240219116e+01 7.573388926684856415e-01 -1.910350360267329961e-01
1.726566118001937866e+01 9.019922129809856415e-01 -1.891887225501704961e-01
1.726619905233383179e+01 1.046279322355985641e+00 -1.873271502845454961e-01
1.726673310995101929e+01 1.191054712980985641e+00 -1.854808368079829961e-01
1.726726335287094116e+01 1.335463892668485641e+00 -1.836192645423579961e-01
1.725446504354476929e+01 1.479140650480985641e+00 -1.817729510657954961e-01
2.017046922445297241e+01 4.928125254809856415e-01 -1.939036883704829961e-01
2.017215913534164429e+01 6.609033457934856415e-01 -1.917521991126704961e-01
2.017384523153305054e+01 8.291162364184856415e-01 -1.895854510657954961e-01
2.017555421590805054e+01 9.980615489184856415e-01 -1.874187030189204961e-01
2.017724794149398804e+01 1.166518580168485641e+00 -1.852519549720454961e-01
2.017894929647445679e+01 1.335708033293485641e+00 -1.830699481361079961e-01
2.018064302206039429e+01 1.504409205168485641e+00 -1.809032000892329961e-01
2.018234437704086304e+01 1.673232447355985641e+00 -1.787364520423579961e-01
2.422921937704086304e+01 5.256494395434856415e-01 -1.923472918861079961e-01
2.423308748006820679e+01 7.274316661059856415e-01 -1.897532977454829961e-01
2.426298707723617554e+01 9.299463145434856415e-01 -1.871440448157954961e-01
2.426690095663070679e+01 1.133071314543485641e+00 -1.845195330970454961e-01
2.427080720663070679e+01 1.335585962980985641e+00 -1.819255389564204961e-01
2.427472490072250366e+01 1.539077173918485641e+00 -1.793010272376704961e-01
2.425255388021469116e+01 1.740493189543485641e+00 -1.767222918861079961e-01
2.425644868612289429e+01 1.943374048918485641e+00 -1.741130389564204961e-01
3.032413667440414429e+01 5.748437754809856415e-01 -1.892955340736079961e-01
3.033246034383773804e+01 8.271631114184856415e-01 -1.860454120032954961e-01
3.034079927206039429e+01 1.079848658293485641e+00 -1.827952899329829961e-01
3.034917634725570679e+01 1.333754908293485641e+00 -1.795299090736079961e-01
3.035753053426742554e+01 1.587050806730985641e+00 -1.762645282142329961e-01
3.036592286825180054e+01 1.841567408293485641e+00 -1.729838885657954961e-01
3.037431520223617554e+01 2.095473658293485641e+00 -1.697185077064204961e-01
3.038272279500961304e+01 2.349624048918485641e+00 -1.664531268470454961e-01
3.994500154256820679e+01 6.523584239184856415e-01 -1.778667010657954961e-01
4.027307695150375366e+01 9.898828379809856415e-01 -1.776683368079829961e-01
4.034597200155258179e+01 1.326674830168485641e+00 -1.740520038001704961e-01
4.036435121297836304e+01 1.664199244230985641e+00 -1.696879901282954961e-01
4.038270372152328491e+01 2.001235377043485641e+00 -1.653392352454829961e-01
4.040114396810531616e+01 2.339858423918485641e+00 -1.609599627845454961e-01
4.041955369710922241e+01 2.677749048918485641e+00 -1.565959491126704961e-01
4.043798249959945679e+01 3.016250025480985641e+00 -1.522319354407954961e-01
5.772393983602523804e+01 7.954248301684856415e-01 -1.479289569251704961e-01
5.840019792318344116e+01 1.286147486418485641e+00 -1.471049823157954961e-01
5.909291642904281616e+01 1.788833033293485641e+00 -1.462504901282954961e-01
5.979713243246078491e+01 2.305434595793485641e+00 -1.453197039954829961e-01
4.592404359579086304e+01 2.228164087980985641e+00 -2.430224794079549611e-02
5.989056199789047241e+01 3.307387720793485641e+00 -1.323039569251704961e-01
5.993735307455062866e+01 3.809218775480985641e+00 -1.257884539954829961e-01
5.998395341634750366e+01 4.312148462980985641e+00 -1.192424334876704961e-01
8.639592164754867554e+01 1.024917017668485641e+00 -7.884539954829961061e-04
4.586197465658187866e+01 2.222670923918485641e+00 1.869709454185795039e-01
4.549339860677719116e+01 2.587661158293485641e+00 1.936237774498295039e-01
4.542146104574203491e+01 2.962783228605985641e+00 1.991779766685795039e-01
4.538291734457015991e+01 3.339126002043485641e+00 2.045948467857670039e-01
8.400153535604476929e+01 1.000136744230985641e+00 3.963062725670170039e-01
9.847137635946273804e+01 1.934462916105985641e+00 4.151203594810795039e-01
4.577183336019515991e+01 2.215957056730985641e+00 3.976185284263920039e-01
4.545775026082992554e+01 2.582900416105985641e+00 4.026997051842045039e-01
4.538347429037094116e+01 2.957534205168485641e+00 4.090778790123295039e-01
4.536438173055648804e+01 3.334853541105985641e+00 4.144184551842045039e-01
8.309762758016586304e+01 9.875635020434856415e-01 7.768757305748295039e-01
4.585429948568344116e+01 2.216323267668485641e+00 6.094868145592045039e-01
4.550895494222640991e+01 2.582412134855985641e+00 6.130268536217045039e-01
4.544782060384750366e+01 2.958266627043485641e+00 6.181080303795170039e-01
4.542802613973617554e+01 3.335952173918485641e+00 6.234180889732670039e-01
8.495417207479476929e+01 9.969629161059856415e-01 1.177891965926392004e+00
4.805216783285140991e+01 2.303847681730985641e+00 8.424427471763920039e-01
4.553425019979476929e+01 2.580703150480985641e+00 8.224232159263920039e-01
4.545796006917953491e+01 2.955825220793485641e+00 8.271229229576420039e-01
4.544022935628890991e+01 3.333754908293485641e+00 8.335468731529545039e-01
4.618092530965805054e+01 2.606704127043485641e+00 1.254567380965454504e+00
4.597099488973617554e+01 2.979384791105985641e+00 1.256154295027954504e+00
4.596321672201156616e+01 3.362197291105985641e+00 1.262822385848267004e+00
9.976648271083831787e+00 9.968408457934856415e-01 -1.885173358314204961e-01
9.976159989833831787e+00 1.080703150480985641e+00 -1.874492205970454961e-01
9.971158921718597412e+00 1.164199244230985641e+00 -1.863658465736079961e-01
9.966134965419769287e+00 1.248183619230985641e+00 -1.852977313392329961e-01
9.961130082607269287e+00 1.331801783293485641e+00 -1.842143573157954961e-01
9.956102311611175537e+00 1.415908228605985641e+00 -1.831462420814204961e-01
9.951089799404144287e+00 1.499648462980985641e+00 -1.820628680579829961e-01
9.941568315029144287e+00 1.582900416105985641e+00 -1.809947528236079961e-01
1.090250581502914429e+01 1.058242212980985641e+00 -1.877543963782954961e-01
1.089735215902328491e+01 1.149428736418485641e+00 -1.865794696204829961e-01
1.089219087362289429e+01 1.240737330168485641e+00 -1.854045428626704961e-01
1.089238923788070679e+01 1.332900416105985641e+00 -1.842296161048579961e-01
1.088722413778305054e+01 1.424331080168485641e+00 -1.830546893470454961e-01
1.087665742635726929e+01 1.515517603605985641e+00 -1.818797625892329961e-01
1.087148088216781616e+01 1.606948267668485641e+00 -1.807048358314204961e-01
1.086630433797836304e+01 1.698501002043485641e+00 -1.795299090736079961e-01
1.201603120565414429e+01 1.132094752043485641e+00 -1.868236102454829961e-01
1.201074403524398804e+01 1.232558619230985641e+00 -1.855266131751704961e-01
1.200545686483383179e+01 1.333144556730985641e+00 -1.842296161048579961e-01
1.200014680624008179e+01 1.434096705168485641e+00 -1.829478778236079961e-01
1.199485200643539429e+01 1.534804712980985641e+00 -1.816508807532954961e-01
1.198953431844711304e+01 1.635878931730985641e+00 -1.803538836829829961e-01
1.198423188924789429e+01 1.736709009855985641e+00 -1.790568866126704961e-01
1.197892564535140991e+01 1.837661158293485641e+00 -1.777598895423579961e-01
1.336916536092758179e+01 1.221816431730985641e+00 -1.855418719642329961e-01
1.337187379598617554e+01 1.334243189543485641e+00 -1.841075457923579961e-01
1.336652559041976929e+01 1.446181666105985641e+00 -1.826579608314204961e-01
1.336115449666976929e+01 1.558486353605985641e+00 -1.812236346595454961e-01
1.335580247640609741e+01 1.670668970793485641e+00 -1.797893084876704961e-01
1.335043519735336304e+01 1.783217798918485641e+00 -1.783397235267329961e-01
1.334507936239242554e+01 1.895400416105985641e+00 -1.769053973548579961e-01
1.333166688680648804e+01 2.006728541105985641e+00 -1.754710711829829961e-01
1.507327455282211304e+01 1.334975611418485641e+00 -1.839396991126704961e-01
1.506802171468734741e+01 1.460830103605985641e+00 -1.823222674720454961e-01
1.506276506185531616e+01 1.586928736418485641e+00 -1.807048358314204961e-01
1.505748552083969116e+01 1.713637720793485641e+00 -1.790874041907954961e-01
1.505222123861312866e+01 1.839858423918485641e+00 -1.774699725501704961e-01
1.504693406820297241e+01 1.966689478605985641e+00 -1.758372821204829961e-01
1.504165834188461304e+01 2.093276392668485641e+00 -1.742045916907954961e-01
1.503637880086898804e+01 2.219863306730985641e+00 -1.725871600501704961e-01
1.725450319051742554e+01 1.479628931730985641e+00 -1.817729510657954961e-01
1.726293367147445679e+01 1.624770533293485641e+00 -1.799113788001704961e-01
1.725802797079086304e+01 1.769179712980985641e+00 -1.780498065345454961e-01
1.725309938192367554e+01 1.914321314543485641e+00 -1.761882342689204961e-01
1.724818223714828491e+01 2.058974634855985641e+00 -1.743266620032954961e-01
1.724324220418930054e+01 2.204360377043485641e+00 -1.724650897376704961e-01
1.723831361532211304e+01 2.349379908293485641e+00 -1.706035174720454961e-01
1.722002214193344116e+01 2.492934595793485641e+00 -1.687724627845454961e-01
2.018235963582992554e+01 1.673842798918485641e+00 -1.787211932532954961e-01
2.017830461263656616e+01 1.842421900480985641e+00 -1.765544452064204961e-01
2.017425340414047241e+01 2.011367212980985641e+00 -1.743876971595454961e-01
2.017017930746078491e+01 2.180922877043485641e+00 -1.722056903236079961e-01
2.016611665487289429e+01 2.350234400480985641e+00 -1.700389422767329961e-01
2.016203111410140991e+01 2.520278345793485641e+00 -1.678569354407954961e-01
2.015796083211898804e+01 2.689834009855985641e+00 -1.656749286048579961e-01
2.015387910604476929e+01 2.859755884855985641e+00 -1.634929217689204961e-01
2.425642961263656616e+01 1.944106470793485641e+00 -1.740977801673579961e-01
2.425444215536117554e+01 2.146865259855985641e+00 -1.714885272376704961e-01
2.427858155965805054e+01 2.352065455168485641e+00 -1.688487567298579961e-01
2.427660173177719116e+01 2.556289087980985641e+00 -1.662242450111079961e-01
2.427462190389633179e+01 2.760146509855985641e+00 -1.635997332923579961e-01
2.427263063192367554e+01 2.964980494230985641e+00 -1.609752215736079961e-01
2.424444764852523804e+01 3.166396509855985641e+00 -1.583964862220454961e-01
2.424244111776351929e+01 3.370864283293485641e+00 -1.557567157142329961e-01
3.038276475667953491e+01 2.350478541105985641e+00 -1.664378680579829961e-01
3.038569825887680054e+01 2.604628931730985641e+00 -1.631724871986079961e-01
3.038865083456039429e+01 2.859267603605985641e+00 -1.598918475501704961e-01
3.039159578084945679e+01 3.115249048918485641e+00 -1.565959491126704961e-01
3.039455598592758179e+01 3.370864283293485641e+00 -1.533153094642329961e-01
3.039751619100570679e+01 3.627700220793485641e+00 -1.500041522376704961e-01
3.040048402547836304e+01 3.884169947355985641e+00 -1.467082538001704961e-01
3.060215181112289429e+01 4.166030298918485641e+00 -1.466472186439204961e-01
4.043817323446273804e+01 3.017470728605985641e+00 -1.522166766517329961e-01
4.045340150594711304e+01 3.356337916105985641e+00 -1.478526629798579961e-01
4.046866410970687866e+01 3.696059595793485641e+00 -1.434581317298579961e-01
4.048401063680648804e+01 4.037734400480985641e+00 -1.390483416907954961e-01
4.049924653768539429e+01 4.379042994230985641e+00 -1.346385516517329961e-01
4.071124452352523804e+01 4.743667017668485641e+00 -1.325633563392329961e-01
4.108279222249984741e+01 5.129897486418485641e+00 -1.323192157142329961e-01
4.164536851644515991e+01 5.546767603605985641e+00 -1.342265643470454961e-01
5.998414415121078491e+01 4.313857447355985641e+00 -1.192271746986079961e-01
6.003749269247055054e+01 4.818496119230985641e+00 -1.126658954017329961e-01
6.009102815389633179e+01 5.324965845793485641e+00 -1.060740985267329961e-01
6.020904725790023804e+01 5.840712916105985641e+00 -9.990954774548299611e-02
6.101948350667953491e+01 6.426650416105985641e+00 -9.888720887829549611e-02
6.246135133504867554e+01 7.097182642668485641e+00 -1.022288836829829961e-01
6.433283418416976929e+01 7.841201197355985641e+00 -1.083476580970454961e-01
6.631193727254867554e+01 8.631118189543485641e+00 -1.147563495032954961e-01
4.538301271200180054e+01 3.340346705168485641e+00 2.046101055748295039e-01
4.544721788167953491e+01 3.724135767668485641e+00 2.098591290123295039e-01
4.536448472738265991e+01 3.336074244230985641e+00 4.144337139732670039e-01
4.541896623373031616e+01 3.719008814543485641e+00 4.201252422935795039e-01
9.404335969686508179e+01 1.208863772079348564e+01 5.608112774498295039e-01
4.542813676595687866e+01 3.337294947355985641e+00 6.234333477623295039e-01
4.546485704183578491e+01 3.719375025480985641e+00 6.294453106529545039e-01
4.544040864706039429e+01 3.335097681730985641e+00 8.335621319420170039e-01
4.551059526205062866e+01 3.719741236418485641e+00 8.391468487388920039e-01
4.579639238119125366e+01 3.737929712980985641e+00 1.054051633895142004e+00
4.596372026205062866e+01 3.363540064543485641e+00 1.262852903426392004e+00
9.941545426845550537e+00 1.583266627043485641e+00 -1.809947528236079961e-01
9.937154710292816162e+00 1.667251002043485641e+00 -1.799113788001704961e-01
9.928247392177581787e+00 1.750625025480985641e+00 -1.788432635657954961e-01
9.919305741786956787e+00 1.834487330168485641e+00 -1.777751483314204961e-01
9.910386979579925537e+00 1.918105494230985641e+00 -1.766917743079829961e-01
9.901433885097503662e+00 2.002089869230985641e+00 -1.756236590736079961e-01
9.892499864101409912e+00 2.085830103605985641e+00 -1.745402850501704961e-01
9.879075944423675537e+00 2.168715845793485641e+00 -1.734721698157954961e-01
1.086628907918930054e+01 1.698867212980985641e+00 -1.795299090736079961e-01
1.085697358846664429e+01 1.789931666105985641e+00 -1.783549823157954961e-01
1.084764665365219116e+01 1.881118189543485641e+00 -1.771800555579829961e-01
1.084364503622055054e+01 1.973525416105985641e+00 -1.760051288001704961e-01
1.083429902791976929e+01 2.064956080168485641e+00 -1.748302020423579961e-01
1.081955140829086304e+01 2.155898462980985641e+00 -1.736552752845454961e-01
1.081019395589828491e+01 2.247329127043485641e+00 -1.724803485267329961e-01
1.080082505941390991e+01 2.338881861418485641e+00 -1.713054217689204961e-01
1.197891038656234741e+01 1.838027369230985641e+00 -1.777598895423579961e-01
1.196917146444320679e+01 1.938491236418485641e+00 -1.764628924720454961e-01
1.195942872762680054e+01 2.038955103605985641e+00 -1.751811541907954961e-01
1.194964021444320679e+01 2.139907252043485641e+00 -1.738841571204829961e-01
1.193987458944320679e+01 2.240737330168485641e+00 -1.725871600501704961e-01
1.193006700277328491e+01 2.341811548918485641e+00 -1.712901629798579961e-01
1.192028230428695679e+01 2.442763697355985641e+00 -1.699931659095454961e-01
1.191048997640609741e+01 2.543837916105985641e+00 -1.686961688392329961e-01
1.333165925741195679e+01 2.007216822355985641e+00 -1.754710711829829961e-01
1.332960695028305054e+01 2.120009791105985641e+00 -1.740214862220454961e-01
1.331949418783187866e+01 2.232070337980985641e+00 -1.725871600501704961e-01
1.330933564901351929e+01 2.344497095793485641e+00 -1.711375750892329961e-01
1.329919999837875366e+01 2.456801783293485641e+00 -1.697032489173579961e-01
1.328902238607406616e+01 2.569472681730985641e+00 -1.682536639564204961e-01
1.327886766195297241e+01 2.681899439543485641e+00 -1.668040789954829961e-01
1.326066392660140991e+01 2.792983423918485641e+00 -1.653850116126704961e-01
1.503639024496078491e+01 2.220351587980985641e+00 -1.725871600501704961e-01
1.502601808309555054e+01 2.346450220793485641e+00 -1.709697284095454961e-01
1.501563447713851929e+01 2.472792994230985641e+00 -1.693370379798579961e-01
1.500520128011703491e+01 2.599624048918485641e+00 -1.677196063392329961e-01
1.499479097127914429e+01 2.726210962980985641e+00 -1.660869159095454961e-01
1.498433488607406616e+01 2.853408228605985641e+00 -1.644542254798579961e-01
1.499674028158187866e+01 2.984389673918485641e+00 -1.636149920814204961e-01
1.503663820028305054e+01 3.120864283293485641e+00 -1.637065448157954961e-01
1.722003358602523804e+01 2.493422877043485641e+00 -1.687572039954829961e-01
1.722300904989242554e+01 2.639785181730985641e+00 -1.668803729407954961e-01
1.721261781454086304e+01 2.784682642668485641e+00 -1.650188006751704961e-01
1.720217317342758179e+01 2.930190455168485641e+00 -1.631572284095454961e-01
1.719854158163070679e+01 3.076552759855985641e+00 -1.614940204017329961e-01
1.725468629598617554e+01 3.233779322355985641e+00 -1.616008319251704961e-01
1.731072419881820679e+01 3.391738306730985641e+00 -1.617076434486079961e-01
1.735268586874008179e+01 3.548476587980985641e+00 -1.617991961829829961e-01
2.015386766195297241e+01 2.860244166105985641e+00 -1.634776629798579961e-01
2.014402192831039429e+01 3.029677759855985641e+00 -1.613109149329829961e-01
2.013416475057601929e+01 3.199355494230985641e+00 -1.591289080970454961e-01
2.019087404012680054e+01 3.379897486418485641e+00 -1.586253680579829961e-01
2.027107042074203491e+01 3.564956080168485641e+00 -1.587169207923579961e-01
2.035240358114242554e+01 3.752700220793485641e+00 -1.587932147376704961e-01
2.043427461385726929e+01 3.941665064543485641e+00 -1.588695086829829961e-01
2.057023042440414429e+01 4.142592798918485641e+00 -1.602733172767329961e-01
2.424249452352523804e+01 3.371596705168485641e+00 -1.557567157142329961e-01
2.428224366903305054e+01 3.582045923918485641e+00 -1.541240252845454961e-01
2.443158906698226929e+01 3.809340845793485641e+00 -1.541545428626704961e-01
2.455529588460922241e+01 4.036513697355985641e+00 -1.542155780189204961e-01
2.467941087484359741e+01 4.265761744230985641e+00 -1.542613543861079961e-01
2.494150346517562866e+01 4.521499048918485641e+00 -1.570689715736079961e-01
2.520705980062484741e+01 4.782119166105985641e+00 -1.605479754798579961e-01
2.551161760091781616e+01 5.055068384855985641e+00 -1.641185321204829961e-01
3.060337251424789429e+01 4.167006861418485641e+00 -1.466472186439204961e-01
3.080451005697250366e+01 4.452773462980985641e+00 -1.466319598548579961e-01
3.104369157552719116e+01 4.747939478605985641e+00 -1.471812762611079961e-01
3.151252931356430054e+01 5.083388697355985641e+00 -1.513316668861079961e-01
3.199408906698226929e+01 5.428603541105985641e+00 -1.555736102454829961e-01
3.249189180135726929e+01 5.786391627043485641e+00 -1.599681414954829961e-01
3.300496476888656616e+01 6.155166041105985641e+00 -1.644847430579829961e-01
3.353584092855453491e+01 6.536757837980985641e+00 -1.691539325111079961e-01
4.165069764852523804e+01 5.548598658293485641e+00 -1.342723407142329961e-01
4.249481385946273804e+01 6.013442408293485641e+00 -1.393535174720454961e-01
4.337650865316390991e+01 6.498793970793485641e+00 -1.446635760657954961e-01
4.429711717367172241e+01 7.007216822355985641e+00 -1.501719989173579961e-01
4.525364106893539429e+01 7.536635767668485641e+00 -1.558940448157954961e-01
4.625890153646469116e+01 8.092788111418485641e+00 -1.619060077064204961e-01
4.730888551473617554e+01 8.673842798918485641e+00 -1.681926288001704961e-01
4.817070955038070679e+01 9.239028345793485641e+00 -1.721599139564204961e-01
6.632530397176742554e+01 8.634658228605985641e+00 -1.148326434486079961e-01
6.843933290243148804e+01 9.477187525480985641e+00 -1.216228045814204961e-01
7.068762391805648804e+01 1.037599123641848564e+01 -1.288096942298579961e-01
6.886575502157211304e+01 1.070362795516848564e+01 -1.081187762611079961e-01
6.264869111776351929e+01 1.030055178329348564e+01 -5.892444032360799611e-02
5.744173997640609741e+01 9.964126002043485641e+00 -1.771045106579549611e-02
5.304774659872055054e+01 9.681411158293485641e+00 1.709484678576700389e-02
4.926761430501937866e+01 9.438125025480985641e+00 4.703259092639200389e-02
8.684628480672836304e+01 1.193055666610598564e+01 1.524250469810795039e-01
7.828065675497055054e+01 1.144923342391848564e+01 1.821033917076420039e-01
7.075332063436508179e+01 1.098280275985598564e+01 2.075397930748295039e-01
5.875536149740219116e+01 1.017994631454348564e+01 2.471973858482670039e-01
5.427904313802719116e+01 9.894301783293485641e+00 2.622120342857670039e-01
9.395250886678695679e+01 1.207997072860598564e+01 5.606586895592045039e-01
8.231553834676742554e+01 1.131971682235598564e+01 5.458576641685795039e-01
7.324968904256820679e+01 1.072962893173098564e+01 5.325672588951420039e-01
6.596048158407211304e+01 1.025672854110598564e+01 5.235340557701420039e-01
6.001435273885726929e+01 9.872817408293485641e+00 5.161945782310795039e-01
5.503595918416976929e+01 9.552749048918485641e+00 5.100605450279545039e-01
5.081923860311508179e+01 9.281264673918485641e+00 5.061390362388920039e-01
4.720785325765609741e+01 9.050551783293485641e+00 5.016224346763920039e-01
8.728300660848617554e+01 1.197657717391848564e+01 9.612324200279545039e-01
7.828009980916976929e+01 1.143800295516848564e+01 9.093983135826420039e-01
7.075406068563461304e+01 1.097279299423098564e+01 8.658192120201420039e-01
5.510956376791000366e+01 9.561049830168485641e+00 7.680561504967045039e-01
5.068647569417953491e+01 9.254287134855985641e+00 7.419025860435795039e-01
4.691460984945297241e+01 8.992934595793485641e+00 7.196094952232670039e-01
7.420669740438461304e+01 1.085487307235598564e+01 1.224309202254517004e+00
6.684170717000961304e+01 1.037965334579348564e+01 1.147649046004517004e+00
6.082562059164047241e+01 9.993056666105985641e+00 1.085057493270142004e+00
5.578192704916000366e+01 9.669570337980985641e+00 1.032597776473267004e+00
5.427872270345687866e+01 9.882338892668485641e+00 1.022191282332642004e+00
4.788971513509750366e+01 9.165786158293485641e+00 1.175206419051392004e+00
5.275497621297836304e+01 9.768691431730985641e+00 1.016499754012329504e+00
4.651066011190414429e+01 9.078017603605985641e+00 1.171651121199829504e+00
6.403949922323226929e+01 1.019923342391848564e+01 1.127812620223267004e+00
5.802728837728500366e+01 9.813247095793485641e+00 1.066777463973267004e+00
5.299297517538070679e+01 9.491469752043485641e+00 1.015691038192017004e+00
5.128074449300765991e+01 9.667251002043485641e+00 1.003087278426392004e+00
4.510513490438461304e+01 8.988540064543485641e+00 1.160222288192017004e+00
7.375675386190414429e+01 1.112538088485598564e+01 8.650562725670170039e-01
6.628015321493148804e+01 1.066480959579348564e+01 8.255054913170170039e-01
6.027721589803695679e+01 1.031068361923098564e+01 7.939960919029545039e-01
5.057925981283187866e+01 9.239150416105985641e+00 7.351124249107670039e-01
4.627506822347640991e+01 8.950209986418485641e+00 7.119648419029545039e-01
4.280666154623031616e+01 8.742934595793485641e+00 6.937153301842045039e-01
6.994238466024398804e+01 1.057923830673098564e+01 1.183247800887329504e+00
6.259776490926742554e+01 1.010658205673098564e+01 1.110478635848267004e+00
5.659419816732406616e+01 9.721450220793485641e+00 1.051015134871704504e+00
5.156471437215805054e+01 9.400039087980985641e+00 1.001210447371704504e+00
4.975668901205062866e+01 9.558730494230985641e+00 9.878895245201420039e-01
4.368860810995101929e+01 8.898574244230985641e+00 1.147694822371704504e+00
6.120314210653305054e+01 1.001698244735598564e+01 1.089390989363892004e+00
5.520408433675765991e+01 9.632705103605985641e+00 1.031850095809204504e+00
5.275663560628890991e+01 9.743178736418485641e+00 1.012868162215454504e+00
4.828118699789047241e+01 9.454970728605985641e+00 9.699146710045170039e-01
4.527544206380844116e+01 9.362319361418485641e+00 9.440357647545170039e-01
4.595671647787094116e+01 9.042617212980985641e+00 1.184407468856079504e+00
4.230031388998031616e+01 8.810317408293485641e+00 1.132573362410767004e+00
6.264194673299789429e+01 1.010865725204348564e+01 1.140965696395142004e+00
5.316121858358383179e+01 9.501357447355985641e+00 1.058095212996704504e+00
4.564199250936508179e+01 9.027846705168485641e+00 9.925129376060795039e-01
4.228048890829086304e+01 9.077529322355985641e+00 9.675953350670170039e-01
3.774949830770492554e+01 8.880019556730985641e+00 9.295551739342045039e-01
2.875250810384750366e+01 8.264907252043485641e+00 8.515217266685795039e-01
3.426406282186508179e+01 8.299941431730985641e+00 1.156880613387329504e+00
2.990132707357406616e+01 8.024428736418485641e+00 1.098744627059204504e+00
2.615728181600570679e+01 7.788100611418485641e+00 1.048863645613892004e+00
2.784511750936508179e+01 7.828627955168485641e+00 6.401417217857670039e-01
2.420794862508773804e+01 7.605849634855985641e+00 6.231281719810795039e-01
6.125637239217758179e+01 1.001966799423098564e+01 1.191090818465454504e+00
5.177195161581039429e+01 9.412490259855985641e+00 1.102895017684204504e+00
4.418203920125961304e+01 8.928969752043485641e+00 1.032353635848267004e+00
3.880268281698226929e+01 8.662124048918485641e+00 9.836475811607670039e-01
3.627488511800765991e+01 8.777846705168485641e+00 9.648945294029545039e-01
3.174934571981430054e+01 8.502944361418485641e+00 9.230549297935795039e-01
2.727702134847640991e+01 8.161635767668485641e+00 8.817951641685795039e-01
2.851039308309555054e+01 7.936416041105985641e+00 1.130498167098267004e+00
2.476767915487289429e+01 7.700576197355985641e+00 1.078541990340454504e+00
2.461532777547836304e+01 7.690810572355985641e+00 1.126912351668579504e+00
2.083027833700180054e+01 7.452651392668485641e+00 1.075291868270142004e+00
1.030988878011703491e+01 6.792739283293485641e+00 1.122838254988892004e+00
5.969011247158050537e+00 6.521743189543485641e+00 1.066319700301392004e+00
2.248247087001800537e+00 6.290175806730985641e+00 1.017888303817017004e+00
-1.254725462198257446e+01 5.372329127043485641e+00 1.112859006942017004e+00
-1.621700865030288696e+01 5.146010767668485641e+00 1.062047239363892004e+00
-2.272961241006851196e+01 4.743544947355985641e+00 8.432514629967045039e-01
-2.634951597452163696e+01 4.520522486418485641e+00 8.125660381920170039e-01
-1.513751035928726196e+01 5.159926783293485641e+00 6.856586895592045039e-01
-2.228275877237319946e+01 5.098769556730985641e+00 6.600239239342045039e-01
-2.675010496377944946e+01 4.823256861418485641e+00 6.401722393638920039e-01
3.233850419521331787e+00 1.071852053329348564e+01 8.389637432701420039e-01
-7.181417524814605713e+00 5.703139673918485641e+00 1.060841795027954504e+00
-1.447300535440444946e+01 5.252944361418485641e+00 9.950611553795170039e-01
-2.044117552042007446e+01 4.884292017668485641e+00 9.412281475670170039e-01
-2.544027525186538696e+01 4.576186548918485641e+00 8.961384258873295039e-01
-2.966095548868179321e+01 4.316665064543485641e+00 8.580677471763920039e-01
-3.327021604776382446e+01 4.096938502043485641e+00 8.267414532310795039e-01
-4.316981321573257446e+01 3.499892603605985641e+00 8.124592266685795039e-01
-9.413496214151382446e+01 4.664453379809856415e-01 7.169697247154545039e-01
-9.974253660440444946e+01 1.396631114184856415e-01 6.891529522545170039e-01
-1.017538738846778870e+02 3.062890879809856415e-01 6.839344463951420039e-01
-1.083354321122169495e+02 -3.521581776440143585e-01 8.791096172935795039e-01
-1.089446545243263245e+02 -3.869482167065143585e-01 8.772938213951420039e-01
-1.128767223954200745e+02 -6.114355213940143585e-01 8.428089581138920039e-01
-8.800956541299819946e+01 8.254541270434856415e-01 7.937214336998295039e-01
-9.636079221963882446e+01 3.359521739184856415e-01 7.521717510826420039e-01
-1.030448437333106995e+02 -5.125485733151435852e-02 7.189838848717045039e-01
-1.170737438797950745e+02 -8.522802479565143585e-01 8.800556622154545039e-01
-1.121122875809669495e+02 -5.681005604565143585e-01 7.090809307701420039e-01
-1.220990582108497620e+02 -1.141953099519014359e+00 9.048054180748295039e-01
-1.260228558182716370e+02 -1.369003880769014359e+00 8.689472637779545039e-01
-8.292466551065444946e+01 5.428603541105985641e+00 8.423359356529545039e-01
-9.046232420206069946e+01 4.925063502043485641e+00 8.104603253013920039e-01
-1.189713879227638245e+02 -9.620214588940143585e-01 8.904621563560795039e-01
-1.235575390458106995e+02 -1.226303685456514359e+00 8.507740460045170039e-01
-1.274800091385841370e+02 -1.453476537019014359e+00 8.180134258873295039e-01
-1.084466992020606995e+02 -3.596044667065143585e-01 7.184650860435795039e-01
-1.122865429520606995e+02 -2.474218495190143585e-01 7.076923809654545039e-01
-1.197616558670997620e+02 -7.354589588940143585e-01 6.750538311607670039e-01
-9.953043943643569946e+01 4.407973658293485641e+00 8.266651592857670039e-01
-1.281430798172950745e+02 -1.492294896394014359e+00 8.960163555748295039e-01
-1.326676769852638245e+02 -1.755234349519014359e+00 8.560993633873295039e-01
-1.365278912186622620e+02 -1.979721654206514359e+00 8.232319317467045039e-01
-1.010571117997169495e+02 4.341323267668485641e+00 7.722217999107670039e-01
-1.244888744950294495e+02 -1.280747044831514359e+00 9.024403057701420039e-01
-1.298292370438575745e+02 -1.590195287019014359e+00 8.583576641685795039e-01
-1.343169384598731995e+02 -1.851059544831514359e+00 8.213093243248295039e-01
-1.381502819657325745e+02 -2.074326146394014359e+00 7.908222637779545039e-01
-1.332935619950294495e+02 -1.524399388581514359e+00 5.534260235435795039e-01
-1.025536633133888245e+02 4.246840845793485641e+00 7.050068340904545039e-01
-1.195428600907325745e+02 -9.954687245190143585e-01 9.035389385826420039e-01
-1.259504223465919495e+02 -1.365463841706514359e+00 8.551075420982670039e-01
-1.312936840653419495e+02 -1.675522435456514359e+00 8.147022686607670039e-01
-1.357788372635841370e+02 -1.936264622956514359e+00 7.807819805748295039e-01
-1.396104870438575745e+02 -2.159409154206514359e+00 7.529804669029545039e-01
-2.336350231766700745e+02 -1.181871091201901436e+01 5.754597149498295039e-01
-2.334436169266700745e+02 -1.180162106826901436e+01 6.481373272545170039e-01
-2.313732739090919495e+02 -1.161875974014401436e+01 7.855122051842045039e-01
-1.777521801590919495e+02 -4.368271458894014359e+00 8.858692608482670039e-01
-1.857945385575294495e+02 -4.816879857331514359e+00 8.094379864342045039e-01
-1.920753002762794495e+02 -5.156601537019014359e+00 7.511494122154545039e-01
-2.349737988114356995e+02 -1.185850583389401436e+01 4.126789532310795039e-01
-2.349468212723731995e+02 -1.185606442764401436e+01 4.791157208092045039e-01
-2.349066296219825745e+02 -1.185228024795651436e+01 5.457508526451420039e-01
-2.348291454911231995e+02 -1.184520016983151436e+01 6.141712628013920039e-01
-2.326513195633888245e+02 -1.165135251358151436e+01 7.512714825279545039e-01
-2.326460400223731995e+02 -1.165062009170651436e+01 8.281452618248295039e-01
-1.903255444169044495e+02 -4.754868138581514359e+00 7.159779034263920039e-01
-2.362391491532325745e+02 -1.189427243545651436e+01 3.907215557701420039e-01
-1.987918835282325745e+02 -5.503159154206514359e+00 8.812916241295170039e-01
-2.362153149247169495e+02 -1.189183102920651436e+01 4.562275372154545039e-01
-2.361797009110450745e+02 -1.188841306045651436e+01 5.218708477623295039e-01
-2.361125622391700745e+02 -1.188218747451901436e+01 5.890552960045170039e-01
-2.339097118973731995e+02 -1.168431149795651436e+01 8.000690899498295039e-01
-2.375113659501075745e+02 -1.193187009170651436e+01 3.890125713951420039e-01
-2.004009838700294495e+02 -5.581650365144014359e+00 8.916828594810795039e-01
-2.374877453446388245e+02 -1.192942868545651436e+01 4.536640606529545039e-01
-2.374530163407325745e+02 -1.192601071670651436e+01 5.184528790123295039e-01
-2.373869152665138245e+02 -1.191990720108151436e+01 5.847675762779545039e-01
-2.351798840165138245e+02 -1.172032224014401436e+01 7.952473126060795039e-01
-1.954736462235450745e+02 -5.334946263581514359e+00 7.377064190513920039e-01
-1.978054943680763245e+02 -5.167221654206514359e+00 7.153370342857670039e-01
-2.023355541825294495e+02 -5.370224583894014359e+00 6.709034405357670039e-01
-2.413083325028419495e+02 -1.204270993545651436e+01 3.671162090904545039e-01
-2.052801342606544495e+02 -5.813950169831514359e+00 8.717243633873295039e-01
-2.412897167801856995e+02 -1.204075681045651436e+01 4.290058575279545039e-01
-2.412598095536231995e+02 -1.203770505264401436e+01 4.910175762779545039e-01
-2.412158947587013245e+02 -1.203331052139401436e+01 5.540211163170170039e-01
-2.389473095536231995e+02 -1.182371579483151436e+01 7.623188458092045039e-01
-1.975732250809669495e+02 -5.442246068269014359e+00 8.920795879967045039e-01
-2.027548351883888245e+02 -5.694931615144014359e+00 8.256428204185795039e-01
-2.070107861161231995e+02 -5.893784154206514359e+00 7.710316143638920039e-01
-2.425515270829200745e+02 -1.207481442764401436e+01 3.944752178795170039e-01
-2.425295849442481995e+02 -1.207249509170651436e+01 4.553577862388920039e-01
-2.424964733719825745e+02 -1.206907712295651436e+01 5.170490704185795039e-01
-2.424415112137794495e+02 -1.206358395889401436e+01 5.794117413170170039e-01
-2.402127514481544495e+02 -1.185496579483151436e+01 7.917683086998295039e-01
-2.045308056473731995e+02 -5.778793919831514359e+00 7.388966045982670039e-01
-2.053416271805763245e+02 -5.460190404206514359e+00 7.275593243248295039e-01
-2.438120556473731995e+02 -1.211180173233151436e+01 3.649036846763920039e-01
-2.086879101395606995e+02 -5.970932591706514359e+00 9.143421612388920039e-01
-2.437945690751075745e+02 -1.210972653701901436e+01 4.247486553795170039e-01
-2.437691784501075745e+02 -1.210691891983151436e+01 4.852650128013920039e-01
-2.437316723465919495e+02 -1.210301266983151436e+01 5.460560284263920039e-01
-2.414335461258888245e+02 -1.188560544326901436e+01 7.562458477623295039e-01
-2.426796398758888245e+02 -1.192173825576901436e+01 7.351429424888920039e-01
-2.439104138016700745e+02 -1.195970212295651436e+01 7.442066631920170039e-01
-2.474986706376075745e+02 -1.222752438858151436e+01 5.691425762779545039e-01
-2.473635388016700745e+02 -1.221397458389401436e+01 6.319477520592045039e-01
-2.108478832840919495e+02 -6.068710912019014359e+00 9.038441143638920039e-01
-2.146534863114356995e+02 -6.236679662019014359e+00 8.439381085045170039e-01
-2.488272228837013245e+02 -1.228355466201901436e+01 3.746235333092045039e-01
-2.486739330887794495e+02 -1.216551266983151436e+01 3.772633038170170039e-01
-2.488163281083106995e+02 -1.228208981826901436e+01 4.311420879967045039e-01
-2.486408520340919495e+02 -1.216160641983151436e+01 4.348041973717045039e-01
-2.488035717606544495e+02 -1.228038083389401436e+01 4.875233135826420039e-01
-2.485805187821388245e+02 -1.215489255264401436e+01 4.937641583092045039e-01
-2.487796154618263245e+02 -1.227769528701901436e+01 5.446827374107670039e-01
-2.487257214188575745e+02 -1.227195798233151436e+01 6.032459698326420039e-01
-2.500594311356544495e+02 -1.233360349014401436e+01 4.613392315513920039e-01
-2.498965588212013245e+02 -1.221604977920651436e+01 4.656727276451420039e-01
-2.500334606766700745e+02 -1.233067380264401436e+01 5.176441631920170039e-01
-2.498379650712013245e+02 -1.220945798233151436e+01 5.238697491295170039e-01
-2.500117321610450745e+02 -1.232811032608151436e+01 5.740101299888920039e-01
-2.512685986161231995e+02 -1.238670407608151436e+01 5.435688458092045039e-01
-2.510911083817481995e+02 -1.226890622451901436e+01 5.495960674888920039e-01
-2.522827892899513245e+02 -1.222569333389401436e+01 3.999073467857670039e-01
-2.525323925614356995e+02 -1.244871579483151436e+01 4.479267559654545039e-01
-2.524537792801856995e+02 -1.234300290420651436e+01 4.500324688560795039e-01
-2.522037792801856995e+02 -1.221641599014401436e+01 4.573719463951420039e-01
-2.525326672196388245e+02 -1.244834958389401436e+01 5.016987286217045039e-01
-2.524305859208106995e+02 -1.234019528701901436e+01 5.047657452232670039e-01
-2.189057751297950745e+02 -6.418808568269014359e+00 7.320301495201420039e-01
-2.538020153641700745e+02 -1.250999509170651436e+01 2.945759258873295039e-01
-2.537373180985450745e+02 -1.240770016983151436e+01 2.952015362388920039e-01
-2.536037426590919495e+02 -1.229612790420651436e+01 2.974140606529545039e-01
-2.537582531571388245e+02 -1.250547849014401436e+01 3.481190167076420039e-01
-2.537164135575294495e+02 -1.240513669326901436e+01 3.488514385826420039e-01
-2.535855847001075745e+02 -1.229380856826901436e+01 3.516743145592045039e-01
-2.537460461258888245e+02 -1.250401364639401436e+01 4.014637432701420039e-01
-2.537113781571388245e+02 -1.240428220108151436e+01 4.022419415123295039e-01
-2.535578747391700745e+02 -1.229039059951901436e+01 4.063618145592045039e-01
-2.537547741532325745e+02 -1.250450192764401436e+01 4.542286358482670039e-01
-2.537020092606544495e+02 -1.240306149795651436e+01 4.555256329185795039e-01
-2.535171032547950745e+02 -1.228538571670651436e+01 4.614460430748295039e-01
-2.549642773270606995e+02 -1.256114255264401436e+01 3.647205792076420039e-01
-2.549329052567481995e+02 -1.246312009170651436e+01 3.652241192467045039e-01
-2.548386364579200745e+02 -1.235728513076901436e+01 3.673908672935795039e-01
-2.549642773270606995e+02 -1.256077634170651436e+01 4.170277081138920039e-01
-2.549384289383888245e+02 -1.246336423233151436e+01 4.172871075279545039e-01
-2.548157787919044495e+02 -1.235435544326901436e+01 4.208118878013920039e-01
-2.621615124344825745e+02 -1.276719724014401436e+01 4.310810528404545039e-01
-2.621394482254981995e+02 -1.267381345108151436e+01 4.316914044029545039e-01
-2.620412121415138245e+02 -1.257127438858151436e+01 4.351551495201420039e-01
-2.643463574051856995e+02 -1.257908688858151436e+01 3.667347393638920039e-01
-2.645602245926856995e+02 -1.305320798233151436e+01 4.105884991295170039e-01
-2.645546093583106995e+02 -1.296360837295651436e+01 4.102528057701420039e-01
-2.645436840653419495e+02 -1.287315427139401436e+01 4.103901348717045039e-01
-2.645069714188575745e+02 -1.277928220108151436e+01 4.115040264732670039e-01
-2.644611340165138245e+02 -1.268382321670651436e+01 4.129536114342045039e-01
-2.643077526688575745e+02 -1.257395993545651436e+01 4.184620342857670039e-01
-2.668145886063575745e+02 -1.273863278701901436e+01 3.884479961998295039e-01
-2.666526318192481995e+02 -1.262828122451901436e+01 3.940327129967045039e-01
-2.792744885087013245e+02 -1.300462399795651436e+01 4.285786114342045039e-01
-2.837690563797950745e+02 -1.306785641983151436e+01 3.805744610435795039e-01
-2.861296215653419495e+02 -1.327500974014401436e+01 3.219959698326420039e-01
-2.860913830399513245e+02 -1.318333493545651436e+01 3.226826153404545039e-01
-2.860350475907325745e+02 -1.308885251358151436e+01 3.242237530357670039e-01
-2.871923657059669495e+02 -1.318833981826901436e+01 3.080341778404545039e-01
-2.871361523270606995e+02 -1.309434567764401436e+01 3.097279034263920039e-01
-2.959648266434669495e+02 -1.355589352920651436e+01 -8.254504579235799611e-02
-2.959557934403419495e+02 -1.347190915420651436e+01 -8.379626649548299611e-02
-2.959438305497169495e+02 -1.338743649795651436e+01 -8.472705262829549611e-02
-2.959263744950294495e+02 -1.330198727920651436e+01 -8.550525087048299611e-02
-2.958963757157325745e+02 -1.321543942764401436e+01 -8.596301454235799611e-02
-2.958463879227638245e+02 -1.312620602920651436e+01 -8.588672059704549611e-02
-2.957428112626075745e+02 -1.303111325576901436e+01 -8.437610047985799611e-02
-2.955767040848731995e+02 -1.292747556045651436e+01 -8.097339051892049611e-02
-2.966488171219825745e+02 -1.293309079483151436e+01 -1.094462909095454961e-01
-3.092416515946388245e+02 -1.306932126358151436e+01 -1.414064347045496106e-03
-3.090174694657325745e+02 -1.296812497451901436e+01 6.810422957642003894e-03
-3.557949658036231995e+02 -1.082200681045651436e+01 -6.418101825111079961e-01
-3.590594616532325745e+02 -1.045420895889401436e+01 -7.221934832923579961e-01
-3.631809521317481995e+02 -9.875595677644014359e+00 -8.126628436439204961e-01
