1.045824295282363892e+01 -1.282266210764646530e+00 -2.114412602095399052e-01
1.049242264032363892e+01 -1.203897070139646530e+00 -2.114870365767274052e-01
1.052252823114395142e+01 -1.124429296702146530e+00 -2.115480717329774052e-01
1.055285507440567017e+01 -1.044473242014646530e+00 -2.115938481001649052e-01
1.058319336175918579e+01 -9.643951170146465302e-01 -2.116396244673524052e-01
1.061374908685684204e+01 -8.837066404521465302e-01 -2.116854008345399052e-01
1.064103180170059204e+01 -8.027740232646465302e-01 -2.115480717329774052e-01
1.064740997552871704e+01 -7.191558592021465302e-01 -2.104799564986024052e-01
1.131278473138809204e+01 -1.425942968577146530e+00 -2.106020268111024052e-01
1.134712463617324829e+01 -1.340249609202146530e+00 -2.106478031782899052e-01
1.138160187005996704e+01 -1.254190038889646530e+00 -2.106935795454774052e-01
1.142136245965957642e+01 -1.168252538889646530e+00 -2.107393559126649052e-01
1.145615249872207642e+01 -1.081460546702146530e+00 -2.108003910689149052e-01
1.148607498407363892e+01 -9.933257810771465302e-01 -2.108461674361024052e-01
1.152104812860488892e+01 -9.058013670146465302e-01 -2.108919438032899052e-01
1.155615860223770142e+01 -8.180328123271465302e-01 -2.109529789595399052e-01
1.232792526483535767e+01 -1.596475195139646530e+00 -2.095033939986024052e-01
1.236771637201309204e+01 -1.503091406077146530e+00 -2.095491703657899052e-01
1.240768295526504517e+01 -1.409219335764646530e+00 -2.095949467329774052e-01
1.244797378778457642e+01 -1.314492773264646530e+00 -2.096407231001649052e-01
1.248829895257949829e+01 -1.219766210764646530e+00 -2.097017582564149052e-01
1.252895218133926392e+01 -1.124307226389646530e+00 -2.097475346236024052e-01
1.256964737176895142e+01 -1.028726171702146530e+00 -2.097933109907899052e-01
1.261052948236465454e+01 -9.326568357646465302e-01 -2.098390873579774052e-01
1.354812103509902954e+01 -1.801553320139646530e+00 -2.081606205611024052e-01
1.360233932733535767e+01 -1.699990820139646530e+00 -2.082063969282899052e-01
1.364958053827285767e+01 -1.596719335764646530e+00 -2.082521732954774052e-01
1.369721847772598267e+01 -1.492593359202146530e+00 -2.082979496626649052e-01
1.374493271112442017e+01 -1.388223242014646530e+00 -2.083589848189149052e-01
1.379305130243301392e+01 -1.283120702952146530e+00 -2.084047611861024052e-01
1.384125000238418579e+01 -1.177774023264646530e+00 -2.084505375532899052e-01
1.388215881586074829e+01 -1.071084570139646530e+00 -2.085115727095399052e-01
1.506097275018692017e+01 -2.055825781077146530e+00 -2.064974125532899052e-01
1.511763244867324829e+01 -1.941812109202146530e+00 -2.065431889204774052e-01
1.517460495233535767e+01 -1.827066015452146530e+00 -2.065889652876649052e-01
1.523208862543106079e+01 -1.711343359202146530e+00 -2.066500004439149052e-01
1.528969818353652954e+01 -1.595376562327146530e+00 -2.066957768111024052e-01
1.534782654047012329e+01 -1.478433202952146530e+00 -2.067568119673524052e-01
1.540608841180801392e+01 -1.361123632639646530e+00 -2.068025883345399052e-01
1.546467071771621704e+01 -1.243203710764646530e+00 -2.068636234907899052e-01
1.695912033319473267e+01 -2.374795507639646530e+00 -2.042696293501649052e-01
1.704054886102676392e+01 -2.248574804514646530e+00 -2.043001469282899052e-01
1.711093384027481079e+01 -2.119546484202146530e+00 -2.043459232954774052e-01
1.718200546503067017e+01 -1.989297460764646530e+00 -2.043916996626649052e-01
1.725327926874160767e+01 -1.858682226389646530e+00 -2.044374760298524052e-01
1.732525116205215454e+01 -1.726724218577146530e+00 -2.044832523970399052e-01
1.739743286371231079e+01 -1.594399999827146530e+00 -2.045290287642274052e-01
1.745797592401504517e+01 -1.460000585764646530e+00 -2.045900639204774052e-01
1.944475036859512329e+01 -2.792520117014646530e+00 -2.012941654829774052e-01
1.953420501947402954e+01 -2.646401952952146530e+00 -2.013399418501649052e-01
1.962413650751113892e+01 -2.499185156077146530e+00 -2.013704594282899052e-01
1.971488052606582642e+01 -2.350259374827146530e+00 -2.014009770064149052e-01
1.980596786737442017e+01 -2.200967382639646530e+00 -2.014314945845399052e-01
1.989803177118301392e+01 -2.049844335764646530e+00 -2.014620121626649052e-01
1.999045044183731079e+01 -1.898355077952146530e+00 -2.015077885298524052e-01
2.008354812860488892e+01 -1.745645117014646530e+00 -2.015383061079774052e-01
2.153317123651504517e+01 -3.143960546702146530e+00 -1.657564457564149052e-01
2.233545929193496704e+01 -3.093423437327146530e+00 -1.828462895064149052e-01
2.304958969354629517e+01 -3.016519140452146530e+00 -1.970064457564149052e-01
2.317137008905410767e+01 -2.842935156077146530e+00 -1.970217045454774052e-01
2.317665725946426392e+01 -2.652871679514646530e+00 -1.941988285689149052e-01
2.341766220331192017e+01 -2.491983007639646530e+00 -1.970674809126649052e-01
2.351986557245254517e+01 -2.311929296702146530e+00 -1.971132572798524052e-01
2.364494568109512329e+01 -2.133096288889646530e+00 -1.971132572798524052e-01
2.152757889032363892e+01 -3.144204687327146530e+00 -6.791709028766490519e-02
2.232932144403457642e+01 -3.093789648264646530e+00 -8.136008345172740519e-02
2.319292312860488892e+01 -3.039468359202146530e+00 -9.585593306110240519e-02
2.412914901971817017e+01 -2.980508398264646530e+00 -1.115572270064149052e-01
2.514032226800918579e+01 -2.916909765452146530e+00 -1.285250004439149052e-01
2.624367004632949829e+01 -2.847573827952146530e+00 -1.470339115767274052e-01
2.744380813837051392e+01 -2.772012304514646530e+00 -1.671602543501649052e-01
2.875514084100723267e+01 -2.689004492014646530e+00 -1.891634281782899052e-01
2.152182632684707642e+01 -3.144326757639646530e+00 2.934243119671009481e-02
2.232308822870254517e+01 -3.093911718577146530e+00 1.951577104046009481e-02
2.318614822626113892e+01 -3.039712499827146530e+00 8.926171431085094810e-03
2.412175613641738892e+01 -2.980874609202146530e+00 -2.563696732977405190e-03
2.513228470087051392e+01 -2.917275976389646530e+00 -1.496909224078990519e-02
2.623496872186660767e+01 -2.847940038889646530e+00 -2.850363813922740519e-02
2.743431335687637329e+01 -2.772500585764646530e+00 -4.321311079547740519e-02
2.874467331171035767e+01 -2.689492773264646530e+00 -5.929587446735240519e-02
8.319655472040176392e+01 -1.350150449201464653e+01 -5.447084721236024052e-01
2.325240188837051392e+01 -3.243325781077146530e+00 1.107785884232725948e-01
8.587190872430801392e+01 -1.250003964826464653e+01 -5.540773686079774052e-01
8.673896652460098267e+01 -1.189811093732714653e+01 -5.533449467329774052e-01
2.625635391473770142e+01 -3.069253515452146530e+00 8.731057084514759481e-02
2.780795913934707642e+01 -3.046792577952146530e+00 7.426430619671009481e-02
2.919010025262832642e+01 -2.979531835764646530e+00 6.327797807171009481e-02
2.972107559442520142e+01 -2.797280859202146530e+00 6.120278275921009481e-02
8.597258621454238892e+01 -1.397245175763964653e+01 -1.783754643111024052e-01
2.325236374139785767e+01 -3.244668554514646530e+00 2.158200923295225948e-01
8.956906753778457642e+01 -1.306290585920214653e+01 -1.811678227095399052e-01
9.339923721551895142e+01 -1.285184628888964653e+01 -1.939852055220399052e-01
2.625631195306777954e+01 -3.070718359202146530e+00 2.058713618607725948e-01
9.812644058465957642e+01 -1.187467343732714653e+01 -2.004854496626649052e-01
2.076139694452285767e+01 -3.020181249827146530e+00 3.229520503373350948e-01
2.153167587518692017e+01 -2.971475195139646530e+00 3.239438716263975948e-01
2.236336380243301392e+01 -2.919351171702146530e+00 3.244626704545225948e-01
2.326243454217910767e+01 -2.862466406077146530e+00 3.256070796342100948e-01
2.423324447870254517e+01 -2.801065038889646530e+00 3.268277827592100948e-01
2.529374176263809204e+01 -2.734170507639646530e+00 3.281552974076475948e-01
2.644050079584121704e+01 -2.660806249827146530e+00 3.302457515092100948e-01
2.770086151361465454e+01 -2.580972265452146530e+00 3.318784419388975948e-01
2.087246567010879517e+01 -3.039956640452146530e+00 4.168698970170225948e-01
2.164764267206192017e+01 -2.991128515452146530e+00 4.213559810013975948e-01
2.248136383295059204e+01 -2.938394140452146530e+00 4.261777583451475948e-01
2.338585907220840454e+01 -2.881387304514646530e+00 4.314115229935850948e-01
2.436257797479629517e+01 -2.819741796702146530e+00 4.370572749467100948e-01
2.542931991815567017e+01 -2.752725195139646530e+00 4.432218257279600948e-01
2.658737808465957642e+01 -2.679483007639646530e+00 4.499204341263975948e-01
2.786802154779434204e+01 -2.600747656077146530e+00 4.573056880326475948e-01
2.064967972040176392e+01 -3.003579687327146530e+00 5.097196284623350948e-01
2.139309936761856079e+01 -2.951699804514646530e+00 5.169217768998350948e-01
2.225140243768692017e+01 -2.904824804514646530e+00 5.256803218217100948e-01
2.318552643060684204e+01 -2.854043554514646530e+00 5.351865474076475948e-01
2.419789749383926392e+01 -2.798989843577146530e+00 5.455014888138975948e-01
2.530786377191543579e+01 -2.738809179514646530e+00 5.568082515092100948e-01
2.651787430047988892e+01 -2.672891210764646530e+00 5.691373530717100948e-01
2.768017441034317017e+01 -2.581826757639646530e+00 5.819547358842100948e-01
2.086257797479629517e+01 -3.040566992014646530e+00 6.053922358842100948e-01
2.163692337274551392e+01 -2.991738867014646530e+00 6.168668452592100948e-01
2.246391159296035767e+01 -2.938272070139646530e+00 6.291196528763975948e-01
2.331253296136856079e+01 -2.873452734202146530e+00 6.417997065873350948e-01
2.422430282831192017e+01 -2.803872656077146530e+00 6.554258052201475948e-01
2.521493393182754517e+01 -2.728555273264646530e+00 6.702268306107725948e-01
2.628395324945449829e+01 -2.647012304514646530e+00 6.862180415482725948e-01
2.760763412714004517e+01 -2.575601171702146530e+00 7.056882563920225948e-01
2.068070846796035767e+01 -3.011148046702146530e+00 6.968076411576475948e-01
2.152862411737442017e+01 -2.975747656077146530e+00 7.125089351029600948e-01
2.245112854242324829e+01 -2.937539648264646530e+00 7.301175776810850948e-01
2.625610977411270142e+01 -3.078042577952146530e+00 7.998349849076475948e-01
2.325215774774551392e+01 -3.252236913889646530e+00 8.475339595170225948e-01
2.625607162714004517e+01 -3.079629492014646530e+00 9.189603511185850948e-01
2.834566360712051392e+01 -2.659219335764646530e+00 9.714200679154600948e-01
2.325211960077285767e+01 -3.253579687327146530e+00 9.530637446732725948e-01
2.364301162958145142e+01 -2.924600195139646530e+00 9.661863032670225948e-01
2.462910324335098267e+01 -2.862466406077146530e+00 9.941251460404600948e-01
2.570571762323379517e+01 -2.794717382639646530e+00 1.025237816938897595e+00
2.687452942132949829e+01 -2.720864843577146530e+00 1.058379906782647595e+00
2.815357071161270142e+01 -2.639932226389646530e+00 1.094634789595147595e+00
2.109992843866348267e+01 -3.085122656077146530e+00 9.902646724076475948e-01
2.188157516717910767e+01 -3.035684179514646530e+00 1.015441674360772595e+00
2.272381073236465454e+01 -2.982583593577146530e+00 1.043105858931085095e+00
2.363656860589981079e+01 -2.924966406077146530e+00 1.073089379438897595e+00
2.462204986810684204e+01 -2.862832617014646530e+00 1.105453271040460095e+00
2.569802719354629517e+01 -2.795205663889646530e+00 1.140792626509210095e+00
1.064739090204238892e+01 -7.189117185771465302e-01 -2.104799564986024052e-01
1.065890747308731079e+01 -6.359039060771465302e-01 -2.094118412642274052e-01
1.066591507196426392e+01 -5.524078123271465302e-01 -2.083437260298524052e-01
1.067294937372207642e+01 -4.685455076396465302e-01 -2.072603520064149052e-01
1.067995697259902954e+01 -3.850494138896465302e-01 -2.061922367720399052e-01
1.068699127435684204e+01 -3.013091795146465302e-01 -2.051088627486024052e-01
1.069400268793106079e+01 -2.176910154521465302e-01 -2.040407475142274052e-01
1.069648224115371704e+01 -1.339507810771465302e-01 -2.029726322798524052e-01
1.155629211664199829e+01 -8.176666013896465302e-01 -2.109529789595399052e-01
1.157970291376113892e+01 -7.283111326396465302e-01 -2.105867680220399052e-01
1.158736282587051392e+01 -6.371246092021465302e-01 -2.094271000532899052e-01
1.160042434930801392e+01 -5.460601560771465302e-01 -2.082521732954774052e-01
1.160809189081192017e+01 -4.548736326396465302e-01 -2.070772465376649052e-01
1.161039978265762329e+01 -3.629546873271465302e-01 -2.059023197798524052e-01
1.161806350946426392e+01 -2.717681638896465302e-01 -2.047273930220399052e-01
1.162572723627090454e+01 -1.805816404521465302e-01 -2.035524662642274052e-01
1.261067825555801392e+01 -9.324126951396465302e-01 -2.098390873579774052e-01
1.264756637811660767e+01 -8.354888670146465302e-01 -2.099001225142274052e-01
1.268465667963027954e+01 -7.380767576396465302e-01 -2.099611576704774052e-01
1.270767837762832642e+01 -6.385894529521465302e-01 -2.093355473189149052e-01
1.271616607904434204e+01 -5.382476560771465302e-01 -2.080538090376649052e-01
1.272468048334121704e+01 -4.375396482646465302e-01 -2.067568119673524052e-01
1.273316818475723267e+01 -3.370757810771465302e-01 -2.054598148970399052e-01
1.274165207147598267e+01 -2.366119138896465302e-01 -2.041780766157899052e-01
1.388235336542129517e+01 -1.070718359202146530e+00 -2.085115727095399052e-01
1.393412643671035767e+01 -9.645171873271465302e-01 -2.085573490767274052e-01
1.397861725091934204e+01 -8.570953123271465302e-01 -2.086183842329774052e-01
1.402349716424942017e+01 -7.485748045146465302e-01 -2.086794193892274052e-01
1.406849914789199829e+01 -6.399322263896465302e-01 -2.087404545454774052e-01
1.409017425775527954e+01 -5.287261717021465302e-01 -2.078096684126649052e-01
1.409968048334121704e+01 -4.170318357646465302e-01 -2.063753422407899052e-01
1.410109955072402954e+01 -3.048492185771465302e-01 -2.049257572798524052e-01
1.546492630243301392e+01 -1.242715429514646530e+00 -2.068636234907899052e-01
1.551904922723770142e+01 -1.123574804514646530e+00 -2.069093998579774052e-01
1.557344299554824829e+01 -1.003823827952146530e+00 -2.069704350142274052e-01
1.562834793329238892e+01 -8.827300779521465302e-01 -2.070162113814149052e-01
1.568339782953262329e+01 -7.615142576396465302e-01 -2.070772465376649052e-01
1.573897415399551392e+01 -6.389556638896465302e-01 -2.071230229048524052e-01
1.579473358392715454e+01 -5.162749998271465302e-01 -2.071840580611024052e-01
1.581300216913223267e+01 -3.907867185771465302e-01 -2.058412846236024052e-01
1.745838791131973267e+01 -1.459512304514646530e+00 -2.045900639204774052e-01
1.753866821527481079e+01 -1.326333593577146530e+00 -2.046205814986024052e-01
1.760730987787246704e+01 -1.190835546702146530e+00 -2.046816166548524052e-01
1.767665725946426392e+01 -1.053994726389646530e+00 -2.047273930220399052e-01
1.774624115228652954e+01 -9.166656248271465302e-01 -2.047884281782899052e-01
1.781654220819473267e+01 -7.779937498271465302e-01 -2.048342045454774052e-01
1.788708359003067017e+01 -6.387115232646465302e-01 -2.048952397017274052e-01
1.794536453485488892e+01 -4.979644529521465302e-01 -2.049562748579774052e-01
2.008411651849746704e+01 -1.745156835764646530e+00 -2.015383061079774052e-01
2.017279678583145142e+01 -1.590737890452146530e+00 -2.015840824751649052e-01
2.026217895746231079e+01 -1.435098242014646530e+00 -2.016146000532899052e-01
2.035256439447402954e+01 -1.277749609202146530e+00 -2.016603764204774052e-01
2.044335800409317017e+01 -1.119668554514646530e+00 -2.016908939986024052e-01
2.053517776727676392e+01 -9.597564451396465302e-01 -2.017366703657899052e-01
2.062741714715957642e+01 -7.991119138896465302e-01 -2.017824467329774052e-01
2.072038894891738892e+01 -6.372466795146465302e-01 -2.018129643111024052e-01
2.364559799432754517e+01 -2.132485937327146530e+00 -1.971285160689149052e-01
2.376650482416152954e+01 -1.951455663889646530e+00 -1.971437748579774052e-01
2.391144043207168579e+01 -1.770791601389646530e+00 -1.971285160689149052e-01
2.403523880243301392e+01 -1.585610937327146530e+00 -1.971437748579774052e-01
2.415977340936660767e+01 -1.399331640452146530e+00 -1.971437748579774052e-01
2.428589493036270142e+01 -1.210610937327146530e+00 -1.971590336470399052e-01
2.438892227411270142e+01 -1.019326757639646530e+00 -1.972048100142274052e-01
2.451676040887832642e+01 -8.279205076396465302e-01 -1.972200688032899052e-01
2.876427322626113892e+01 -2.689126562327146530e+00 -1.893160160689149052e-01
2.898365265130996704e+01 -2.475015234202146530e+00 -1.901094731001649052e-01
2.916206604242324829e+01 -2.253823827952146530e+00 -1.900789555220399052e-01
2.934306961297988892e+01 -2.029336523264646530e+00 -1.900331791548524052e-01
2.952552276849746704e+01 -1.803018163889646530e+00 -1.900026615767274052e-01
2.971069961786270142e+01 -1.573403906077146530e+00 -1.899568852095399052e-01
2.989736038446426392e+01 -1.341836523264646530e+00 -1.899263676314149052e-01
3.008615738153457642e+01 -1.107705663889646530e+00 -1.898805912642274052e-01
2.875404220819473267e+01 -2.689736913889646530e+00 -5.941794477985240519e-02
3.019664627313613892e+01 -2.598184179514646530e+00 -7.714865767047740519e-02
3.179283767938613892e+01 -2.496987890452146530e+00 -9.675620161578990519e-02
3.357536560297012329e+01 -2.383950781077146530e+00 -1.186678227095399052e-01
3.556406265497207642e+01 -2.257974218577146530e+00 -1.431124027876649052e-01
3.780927520990371704e+01 -2.115029882639646530e+00 -1.706850346236024052e-01
3.858162170648574829e+01 -1.850259374827146530e+00 -1.771395023970399052e-01
3.888868576288223267e+01 -1.549722265452146530e+00 -1.769411381392274052e-01
2.972272354364395142e+01 -2.796548437327146530e+00 6.120278275921009481e-02
3.018484359979629517e+01 -2.598794531077146530e+00 5.995156205608509481e-02
3.177964645624160767e+01 -2.497598242014646530e+00 4.763771928264759481e-02
3.356051880121231079e+01 -2.384805273264646530e+00 3.390480912639759481e-02
3.554727417230606079e+01 -2.258828710764646530e+00 1.856972611858509481e-02
3.779018646478652954e+01 -2.116128515452146530e+00 1.266259321710094810e-03
4.032626205682754517e+01 -1.954507421702146530e+00 -1.829550825641490519e-02
4.322470337152481079e+01 -1.769326757639646530e+00 -4.064963423297740519e-02
3.526540619134902954e+01 -2.529092382639646530e+00 1.766660395951475948e-01
3.680916076898574829e+01 -2.355752538889646530e+00 1.727903071732725948e-01
3.979388672113418579e+01 -2.252114843577146530e+00 1.621701899857725948e-01
2.770980697870254517e+01 -2.581094335764646530e+00 3.318784419388975948e-01
2.909526687860488892e+01 -2.492959570139646530e+00 3.338163081498350948e-01
3.063474899530410767e+01 -2.396035742014646530e+00 3.352353755326475948e-01
3.234725052118301392e+01 -2.287271093577146530e+00 3.375852290482725948e-01
3.425631958246231079e+01 -2.165933202952146530e+00 3.402249995560850948e-01
3.641408020257949829e+01 -2.028604101389646530e+00 3.432004634232725948e-01
3.884490829706192017e+01 -1.872720312327146530e+00 3.475034419388975948e-01
4.163569122552871704e+01 -1.694741796702146530e+00 3.514402095170225948e-01
2.787432724237442017e+01 -2.600625585764646530e+00 4.573362056107725948e-01
2.926006180047988892e+01 -2.511270117014646530e+00 4.655912104935850948e-01
3.076675659418106079e+01 -2.410073827952146530e+00 4.746244136185850948e-01
3.243636184930801392e+01 -2.296670507639646530e+00 4.846494380326475948e-01
3.429136520624160767e+01 -2.170571874827146530e+00 4.957883540482725948e-01
3.638014084100723267e+01 -2.028482031077146530e+00 5.083310786576475948e-01
3.873247772455215454e+01 -1.868447851389646530e+00 5.224607173295225948e-01
4.141090255975723267e+01 -1.685952734202146530e+00 5.385587397904600948e-01
2.767999130487442017e+01 -2.581094335764646530e+00 5.819547358842100948e-01
2.924970871210098267e+01 -2.511880468577146530e+00 5.973966304154600948e-01
3.068366867303848267e+01 -2.404214452952146530e+00 6.126401606888975948e-01
3.251572281122207642e+01 -2.305215429514646530e+00 6.316526118607725948e-01
3.436943298578262329e+01 -2.178506445139646530e+00 6.512143794388975948e-01
3.639602905511856079e+01 -2.031777929514646530e+00 6.727140132279600948e-01
3.866933304071426392e+01 -1.867105077952146530e+00 6.968228999467100948e-01
4.157740646600723267e+01 -1.696939062327146530e+00 7.281644526810850948e-01
2.761750274896621704e+01 -2.575845312327146530e+00 7.058255854935850948e-01
2.915572220087051392e+01 -2.504067968577146530e+00 7.286832515092100948e-01
3.526515442132949829e+01 -2.537393163889646530e+00 8.156888667435850948e-01
3.678503662347793579e+01 -2.362710546702146530e+00 8.395078364701475948e-01
3.979358536005020142e+01 -2.261636327952146530e+00 8.837583247513975948e-01
3.526508575677871704e+01 -2.539468359202146530e+00 9.749753657670225948e-01
3.534396606683731079e+01 -2.256143163889646530e+00 9.797361079545225948e-01
3.702800232172012329e+01 -2.078530859202146530e+00 1.013580102095147595e+00
3.950775772333145142e+01 -1.920938085764646530e+00 1.062209862837335095e+00
4.234323364496231079e+01 -1.740518163889646530e+00 1.118835229048272595e+00
2.834484726190567017e+01 -2.658364843577146530e+00 9.714048091263975948e-01
2.958162552118301392e+01 -2.550332617014646530e+00 1.001632470259210095e+00
3.114114242792129517e+01 -2.451699804514646530e+00 1.039336938032647595e+00
3.288079315423965454e+01 -2.341592382639646530e+00 1.081390160688897595e+00
3.481978470087051392e+01 -2.218667577952146530e+00 1.128265160688897595e+00
2.816266113519668579e+01 -2.640054296702146530e+00 1.094894189009210095e+00
2.957111221551895142e+01 -2.551065038889646530e+00 1.135375756392022595e+00
1.069655853509902954e+01 -1.337066404521465302e-01 -2.029726322798524052e-01
1.070420700311660767e+01 -5.021054670214653015e-02 -2.019045170454774052e-01
1.070731979608535767e+01 3.352968767285346985e-02 -2.008211430220399052e-01
1.071044784784317017e+01 1.176361329853534698e-01 -1.997377689986024052e-01
1.071357208490371704e+01 2.014984376728534698e-01 -1.986696537642274052e-01
1.071670395135879517e+01 2.856048829853534698e-01 -1.975862797407899052e-01
1.071982437372207642e+01 3.694671876728534698e-01 -1.965181645064149052e-01
1.071840149164199829e+01 4.532074220478534698e-01 -1.954347904829774052e-01
1.162580734491348267e+01 -1.803374998271465302e-01 -2.035524662642274052e-01
1.162932831048965454e+01 -8.890683576464653015e-02 -2.023775395064149052e-01
1.163284546136856079e+01 2.523828297853469849e-03 -2.012026127486024052e-01
1.164177948236465454e+01 9.419863298535346985e-02 -2.000276859907899052e-01
1.164530426263809204e+01 1.856292970478534698e-01 -1.988527592329774052e-01
1.164343506097793579e+01 2.775482423603534698e-01 -1.976778324751649052e-01
1.164695984125137329e+01 3.691009767353534698e-01 -1.965029057173524052e-01
1.165048462152481079e+01 4.606537111103534698e-01 -1.953279789595399052e-01
1.274172836542129517e+01 -2.363677732646465302e-01 -2.041780766157899052e-01
1.274577957391738892e+01 -1.356597654521465302e-01 -2.028810795454774052e-01
1.274983459711074829e+01 -3.495175763964653015e-02 -2.015840824751649052e-01
1.275390487909317017e+01 6.612246111035346985e-02 -2.002870854048524052e-01
1.275795990228652954e+01 1.668304689228534698e-01 -1.990053471236024052e-01
1.276203399896621704e+01 2.680267579853534698e-01 -1.976930912642274052e-01
1.276609283685684204e+01 3.688568361103534698e-01 -1.964113529829774052e-01
1.277015167474746704e+01 4.696869142353534698e-01 -1.951143559126649052e-01
1.410115677118301392e+01 -3.044830076396465302e-01 -2.049257572798524052e-01
1.411400085687637329e+01 -1.929107420146465302e-01 -2.034914311079774052e-01
1.411875396966934204e+01 -8.085019513964653015e-02 -2.020571049361024052e-01
1.412352615594863892e+01 3.157656267285346985e-02 -2.006075199751649052e-01
1.412828308343887329e+01 1.436371095478534698e-01 -1.991731938032899052e-01
1.413305908441543579e+01 2.561859376728534698e-01 -1.977236088423524052e-01
1.413781982660293579e+01 3.684906251728534698e-01 -1.962892826704774052e-01
1.413446670770645142e+01 4.805511720478534698e-01 -1.948396977095399052e-01
1.581304413080215454e+01 -3.904205076396465302e-01 -2.058412846236024052e-01
1.581868988275527954e+01 -2.643218748271465302e-01 -2.042238529829774052e-01
1.582433944940567017e+01 -1.381011717021465302e-01 -2.025911625532899052e-01
1.583003097772598267e+01 -1.139218732714653015e-02 -2.009737309126649052e-01
1.583571106195449829e+01 1.148285157978534698e-01 -1.993410404829774052e-01
1.584141021966934204e+01 2.415375001728534698e-01 -1.977236088423524052e-01
1.584709030389785767e+01 3.680023439228534698e-01 -1.960909184126649052e-01
1.585277420282363892e+01 4.943451173603534698e-01 -1.944734867720399052e-01
1.794582229852676392e+01 -4.974761717021465302e-01 -2.049715336470399052e-01
1.802473312616348267e+01 -3.566070310771465302e-01 -2.050020512251649052e-01
1.803169113397598267e+01 -2.121978513896465302e-01 -2.031557377486024052e-01
1.803868728876113892e+01 -6.717832013964653015e-02 -2.012789066939149052e-01
1.804565674066543579e+01 7.747500017285346985e-02 -1.994325932173524052e-01
1.805265671014785767e+01 2.226166017353534698e-01 -1.975557621626649052e-01
1.805963379144668579e+01 3.672699220478534698e-01 -1.956941898970399052e-01
1.805313736200332642e+01 5.120453126728534698e-01 -1.938478764204774052e-01
2.072098022699356079e+01 -6.367583982646465302e-01 -2.018282231001649052e-01
2.080928665399551392e+01 -4.731841795146465302e-01 -2.018739994673524052e-01
2.089835220575332642e+01 -3.083892576396465302e-01 -2.019197758345399052e-01
2.097339493036270142e+01 -1.411529295146465302e-01 -2.015535648970399052e-01
2.098224502801895142e+01 2.779238298535346985e-02 -1.993868168501649052e-01
2.099113327264785767e+01 1.973480470478534698e-01 -1.972048100142274052e-01
2.099999099969863892e+01 3.665375001728534698e-01 -1.950228031782899052e-01
2.100885635614395142e+01 5.357269532978534698e-01 -1.928560551314149052e-01
2.451770645380020142e+01 -8.273101560771465302e-01 -1.972353275923524052e-01
2.464131790399551392e+01 -6.337066404521465302e-01 -1.972658451704774052e-01
2.479076248407363892e+01 -4.390044920146465302e-01 -1.972505863814149052e-01
2.491755920648574829e+01 -2.406402342021465302e-01 -1.972658451704774052e-01
2.504521805047988892e+01 -4.093320295214653015e-02 -1.972963627486024052e-01
2.513202148675918579e+01 1.618255861103534698e-01 -1.963655766157899052e-01
2.511745315790176392e+01 3.653167970478534698e-01 -1.937410648970399052e-01
2.512930923700332642e+01 5.686859376728534698e-01 -1.911318119673524052e-01
3.008762222528457642e+01 -1.106851171702146530e+00 -1.898958500532899052e-01
3.027368026971817017e+01 -8.696685545146465302e-01 -1.898653324751649052e-01
3.046204239130020142e+01 -6.294341795146465302e-01 -1.898348148970399052e-01
3.065340667963027954e+01 -3.854156248271465302e-01 -1.897890385298524052e-01
3.084650284051895142e+01 -1.391998045146465302e-01 -1.897585209517274052e-01
3.104270035028457642e+01 1.110443361103534698e-01 -1.897280033736024052e-01
3.124071365594863892e+01 3.634857423603534698e-01 -1.896822270064149052e-01
3.134145981073379517e+01 6.183685548603534698e-01 -1.878816898970399052e-01
3.889078384637832642e+01 -1.548745702952146530e+00 -1.769563969282899052e-01
3.919990783929824829e+01 -1.243447851389646530e+00 -1.767580326704774052e-01
3.951401382684707642e+01 -9.333892576396465302e-01 -1.765749272017274052e-01
3.983267837762832642e+01 -6.171050779521465302e-01 -1.763460453657899052e-01
4.015532165765762329e+01 -2.967925779521465302e-01 -1.761171635298524052e-01
4.048432785272598267e+01 2.974550798535346985e-02 -1.758882816939149052e-01
4.081759506464004517e+01 3.605560548603534698e-01 -1.756593998579774052e-01
4.115635162591934204e+01 6.968597657978534698e-01 -1.754305180220399052e-01
4.324578720331192017e+01 -1.769082617014646530e+00 -4.083273970172740519e-02
4.660104995965957642e+01 -1.554849218577146530e+00 -6.665061079547740519e-02
5.051334244012832642e+01 -1.303506445139646530e+00 -9.672568403766490519e-02
5.516286712884902954e+01 -1.004312109202146530e+00 -1.324770268111024052e-01
5.746073395013809204e+01 -5.898833982646465302e-01 -1.464388188032899052e-01
5.812260299921035767e+01 -1.219878904521465302e-01 -1.456148441939149052e-01
5.879746109247207642e+01 3.550628907978534698e-01 -1.447756107954774052e-01
5.948794418573379517e+01 8.433441407978534698e-01 -1.439211186079774052e-01
4.879929596185684204e+01 -1.649575781077146530e+00 1.342160884232725948e-01
5.328172546625137329e+01 -1.399331640452146530e+00 1.197354976029600948e-01
5.773114258050918579e+01 -1.072305273264646530e+00 1.064603511185850948e-01
6.067160660028457642e+01 -6.476226560771465302e-01 1.005551997513975948e-01
6.748469406366348267e+01 -2.054839842021465302e-01 7.942177689983509481e-02
7.597125869989395142e+01 3.474945314228534698e-01 5.310036576702259481e-02
8.685568100214004517e+01 1.060385156422853470e+00 1.942421830608509481e-02
4.165613418817520142e+01 -1.694619726389646530e+00 3.514402095170225948e-01
4.488356643915176392e+01 -1.488565038889646530e+00 3.562314692826475948e-01
4.867135101556777954e+01 -1.247842382639646530e+00 3.606565181107725948e-01
5.316049057245254517e+01 -9.606109373271465302e-01 3.672177974076475948e-01
5.854800659418106079e+01 -6.153960935771465302e-01 3.750913325638975948e-01
6.517690902948379517e+01 -1.898589842021465302e-01 3.847959224076475948e-01
7.343011337518692017e+01 3.433441407978534698e-01 3.987119380326475948e-01
8.410779434442520142e+01 1.032797265797853470e+00 4.146421138138975948e-01
4.143047577142715454e+01 -1.685830663889646530e+00 5.386502925248350948e-01
4.475730758905410767e+01 -1.486123632639646530e+00 5.586393061967100948e-01
4.870260864496231079e+01 -1.251992773264646530e+00 5.823056880326475948e-01
5.342601257562637329e+01 -9.706207029521465302e-01 6.106565181107725948e-01
5.888786560297012329e+01 -6.249175779521465302e-01 6.437070552201475948e-01
6.553820663690567017e+01 -1.971832029521465302e-01 6.840512935013975948e-01
7.333871322870254517e+01 3.387054689228534698e-01 7.318418208451475948e-01
8.393044143915176392e+01 1.025961328297853470e+00 7.961728755326475948e-01
4.160004669427871704e+01 -1.696816992014646530e+00 7.283780757279600948e-01
4.519243484735488892e+01 -1.507119726389646530e+00 7.650449458451475948e-01
5.780575042963027954e+01 -1.084878515452146530e+00 8.940274897904600948e-01
6.381183487176895142e+01 -7.124419920146465302e-01 9.577481929154600948e-01
7.467203384637832642e+01 3.335785157978534698e-01 1.078017968306085095e+00
8.542191940546035767e+01 1.032431054860353470e+00 1.194595116743585095e+00
4.879884964227676392e+01 -1.661538671702146530e+00 1.020339745649835095e+00
4.950768142938613892e+01 -1.285073827952146530e+00 1.035568017134210095e+00
5.406566101312637329e+01 -9.934478513896465302e-01 1.105026024946710095e+00
5.952893692255020142e+01 -6.432281248271465302e-01 1.188277978071710095e+00
4.236403137445449829e+01 -1.740396093577146530e+00 1.119216698774835095e+00
4.564421325922012329e+01 -1.531655859202146530e+00 1.183166283735772595e+00
1.071836334466934204e+01 4.535736329853534698e-01 -1.954347904829774052e-01
1.072212082147598267e+01 5.374359376728534698e-01 -1.943514164595399052e-01
1.072133499383926392e+01 6.212982423603534698e-01 -1.932833012251649052e-01
1.072054916620254517e+01 7.056488282978534698e-01 -1.921999272017274052e-01
1.071975952386856079e+01 7.896332032978534698e-01 -1.911165531782899052e-01
1.071896988153457642e+01 8.738617189228534698e-01 -1.900331791548524052e-01
1.071818405389785767e+01 9.579681642353534698e-01 -1.889650639204774052e-01
1.071284729242324829e+01 1.041830468922853470e+00 -1.878816898970399052e-01
1.165045028924942017e+01 4.610199220478534698e-01 -1.953127201704774052e-01
1.164981704950332642e+01 5.525726564228534698e-01 -1.941377934126649052e-01
1.164918380975723267e+01 6.442474611103534698e-01 -1.929628666548524052e-01
1.165395599603652954e+01 7.364105470478534698e-01 -1.917879398970399052e-01
1.165332657098770142e+01 8.280853517353534698e-01 -1.906130131392274052e-01
1.164727264642715454e+01 9.200042970478534698e-01 -1.894228275923524052e-01
1.164663559198379517e+01 1.011801172047853470e+00 -1.882479008345399052e-01
1.164599853754043579e+01 1.103598047047853470e+00 -1.870729740767274052e-01
1.277014023065567017e+01 4.700531251728534698e-01 -1.950990971236024052e-01
1.276975113153457642e+01 5.708832032978534698e-01 -1.938021000532899052e-01
1.276935821771621704e+01 6.718353517353534698e-01 -1.925203617720399052e-01
1.276896530389785767e+01 7.731537111103534698e-01 -1.912081059126649052e-01
1.276857620477676392e+01 8.741058595478534698e-01 -1.899111088423524052e-01
1.276818710565567017e+01 9.755462892353534698e-01 -1.886141117720399052e-01
1.276779800653457642e+01 1.076742578297853470e+00 -1.873171147017274052e-01
1.276740509271621704e+01 1.177938867360353470e+00 -1.860201176314149052e-01
1.413448196649551392e+01 4.810394532978534698e-01 -1.948396977095399052e-01
1.414259964227676392e+01 5.933441407978534698e-01 -1.934053715376649052e-01
1.414259582757949829e+01 7.056488282978534698e-01 -1.919557865767274052e-01
1.414259201288223267e+01 8.184417970478534698e-01 -1.905062016157899052e-01
1.414258438348770142e+01 9.308685548603534698e-01 -1.890718754439149052e-01
1.414258438348770142e+01 1.043783593922853470e+00 -1.876222904829774052e-01
1.414258056879043579e+01 1.156454492360353470e+00 -1.861727055220399052e-01
1.413444000482559204e+01 1.268515039235353470e+00 -1.847383793501649052e-01
1.585279709100723267e+01 4.948333986103534698e-01 -1.944582279829774052e-01
1.585336548089981079e+01 6.212982423603534698e-01 -1.928407963423524052e-01
1.585393387079238892e+01 7.477630861103534698e-01 -1.912233647017274052e-01
1.585450226068496704e+01 8.748382814228534698e-01 -1.895906742720399052e-01
1.585506683588027954e+01 1.001547265797853470e+00 -1.879579838423524052e-01
1.585563904047012329e+01 1.128866601735353470e+00 -1.863252934126649052e-01
1.585621124505996704e+01 1.255697656422853470e+00 -1.846926029829774052e-01
1.585677963495254517e+01 1.382650781422853470e+00 -1.830599125532899052e-01
1.805316787958145142e+01 5.125335939228534698e-01 -1.938326176314149052e-01
1.806813675165176392e+01 6.574310548603534698e-01 -1.919710453657899052e-01
1.806962448358535767e+01 8.023285157978534698e-01 -1.901094731001649052e-01
1.807112747430801392e+01 9.479583986103534698e-01 -1.882326420454774052e-01
1.807262283563613892e+01 1.093100000172853470e+00 -1.863710697798524052e-01
1.807411819696426392e+01 1.238974023610353470e+00 -1.844942387251649052e-01
1.807562118768692017e+01 1.384359765797853470e+00 -1.826326664595399052e-01
1.806359726190567017e+01 1.528891015797853470e+00 -1.807710941939149052e-01
2.100884109735488892e+01 5.362152345478534698e-01 -1.928407963423524052e-01
2.101189285516738892e+01 7.055267579853534698e-01 -1.906587895064149052e-01
2.101494461297988892e+01 8.749603517353534698e-01 -1.884920414595399052e-01
2.101801162958145142e+01 1.045126367360353470e+00 -1.862947758345399052e-01
2.102107101678848267e+01 1.214804101735353470e+00 -1.841127689986024052e-01
2.102414184808731079e+01 1.385336328297853470e+00 -1.819307621626649052e-01
2.102720504999160767e+01 1.555380273610353470e+00 -1.797334965376649052e-01
2.103027206659317017e+01 1.725546289235353470e+00 -1.775514897017274052e-01
2.512929016351699829e+01 5.694183595478534698e-01 -1.911165531782899052e-01
2.513516098260879517e+01 7.729095704853534698e-01 -1.884920414595399052e-01
2.516753631830215454e+01 9.772552736103534698e-01 -1.858522709517274052e-01
2.517346054315567017e+01 1.182089257985353470e+00 -1.832277592329774052e-01
2.517937332391738892e+01 1.386434961110353470e+00 -1.805879887251649052e-01
2.518530899286270142e+01 1.591757226735353470e+00 -1.779482182173524052e-01
2.516466385126113892e+01 1.795126367360353470e+00 -1.753389652876649052e-01
2.517057663202285767e+01 1.999960351735353470e+00 -1.727144535689149052e-01
3.134152847528457642e+01 6.192230470478534698e-01 -1.878664311079774052e-01
3.135313278436660767e+01 8.743500001728534698e-01 -1.845857914595399052e-01
3.136474090814590454e+01 1.129843164235353470e+00 -1.812898930220399052e-01
3.137632232904434204e+01 1.386557031422853470e+00 -1.779939945845399052e-01
3.138783890008926392e+01 1.642782617360353470e+00 -1.746828373579774052e-01
3.139939743280410767e+01 1.900106836110353470e+00 -1.713716801314149052e-01
3.141093307733535767e+01 2.157064843922853470e+00 -1.680605229048524052e-01
3.142248398065567017e+01 2.414266992360353470e+00 -1.647493656782899052e-01
4.115868622064590454e+01 6.980804689228534698e-01 -1.754305180220399052e-01
4.150021225214004517e+01 1.040121484547853470e+00 -1.752016361861024052e-01
4.160925537347793579e+01 1.382162500172853470e+00 -1.719057377486024052e-01
4.163347107172012329e+01 1.724691797047853470e+00 -1.674806889204774052e-01
4.165764480829238892e+01 2.066610742360353470e+00 -1.630556400923524052e-01
4.168194442987442017e+01 2.410360742360353470e+00 -1.586153324751649052e-01
4.170619827508926392e+01 2.753622461110353470e+00 -1.541750248579774052e-01
4.173047882318496704e+01 3.097372461110353470e+00 -1.497347172407899052e-01
5.949274307489395142e+01 8.450531251728534698e-01 -1.439363773970399052e-01
6.020152908563613892e+01 1.345175195485353470e+00 -1.430055912642274052e-01
6.092801910638809204e+01 1.857870507985353470e+00 -1.420595463423524052e-01
6.167550140619277954e+01 2.385214257985353470e+00 -1.410677250532899052e-01
4.693951278924942017e+01 2.282675195485353470e+00 -1.602194868610240519e-02
6.184958893060684204e+01 3.410971093922853470e+00 -1.281740482954774052e-01
6.190966278314590454e+01 3.924154687672853470e+00 -1.215059574751649052e-01
6.197009140253067017e+01 4.438558984547853470e+00 -1.148073490767274052e-01
8.694108444452285767e+01 1.063436914235353470e+00 1.911904252483509481e-02
4.687963730096817017e+01 2.277059961110353470e+00 1.966855708451475948e-01
4.648915344476699829e+01 2.643759179860353470e+00 2.034452143998350948e-01
4.641408401727676392e+01 3.021200586110353470e+00 2.091062251420225948e-01
4.637745529413223267e+01 3.400106836110353470e+00 2.146299067826475948e-01
8.419144302606582642e+01 1.035849023610353470e+00 4.147489253373350948e-01
9.847380691766738892e+01 1.962362695485353470e+00 4.366758052201475948e-01
4.682815033197402954e+01 2.271933007985353470e+00 4.088285151810850948e-01
4.646393448114395142e+01 2.639486718922853470e+00 4.138944331498350948e-01
4.639447647333145142e+01 3.016928125172853470e+00 4.203946772904600948e-01
4.637510162591934204e+01 3.396810937672853470e+00 4.258420649857725948e-01
8.402125412225723267e+01 1.029135156422853470e+00 7.966916743607725948e-01
4.689935165643692017e+01 2.271810937672853470e+00 6.223294917435850948e-01
4.651697784662246704e+01 2.638998437672853470e+00 6.256711665482725948e-01
4.645669800043106079e+01 3.017416406422853470e+00 6.308744136185850948e-01
4.643626648187637329e+01 3.397787500172853470e+00 6.362912837357725948e-01
8.550592666864395142e+01 1.035482812672853470e+00 1.195480126509210095e+00
4.906036239862442017e+01 2.357626367360353470e+00 8.569791499467100948e-01
4.654739624261856079e+01 2.637533593922853470e+00 8.365628901810850948e-01
4.647058349847793579e+01 3.015219140797853470e+00 8.413694087357725948e-01
4.645287948846817017e+01 3.395834375172853470e+00 8.479154292435850948e-01
4.734190231561660767e+01 2.670614648610353470e+00 1.274688500532647595e+00
4.706241852045059204e+01 3.043173242360353470e+00 1.274993676313897595e+00
4.705980545282363892e+01 3.429647851735353470e+00 1.281905907759210095e+00
1.071285873651504517e+01 1.042074609547853470e+00 -1.878816898970399052e-01
1.071270614862442017e+01 1.126303125172853470e+00 -1.867983158736024052e-01
1.070800262689590454e+01 1.210165429860353470e+00 -1.857302006392274052e-01
1.070328384637832642e+01 1.294516015797853470e+00 -1.846468266157899052e-01
1.069857269525527954e+01 1.378500390797853470e+00 -1.835634525923524052e-01
1.069384628534317017e+01 1.462973047047853470e+00 -1.824800785689149052e-01
1.068912750482559204e+01 1.547079492360353470e+00 -1.813967045454774052e-01
1.067986541986465454e+01 1.630819726735353470e+00 -1.803285893111024052e-01
1.164600998163223267e+01 1.103964257985353470e+00 -1.870729740767274052e-01
1.164121109247207642e+01 1.195516992360353470e+00 -1.858980473189149052e-01
1.163640457391738892e+01 1.287313867360353470e+00 -1.847231205611024052e-01
1.163699585199356079e+01 1.379843164235353470e+00 -1.835329350142274052e-01
1.163218170404434204e+01 1.471640039235353470e+00 -1.823427494673524052e-01
1.162193542718887329e+01 1.563314843922853470e+00 -1.811678227095399052e-01
1.161711364984512329e+01 1.655355859547853470e+00 -1.799928959517274052e-01
1.161229187250137329e+01 1.747274804860353470e+00 -1.788179691939149052e-01
1.276742416620254517e+01 1.178305078297853470e+00 -1.860201176314149052e-01
1.276257187128067017e+01 1.279257226735353470e+00 -1.847231205611024052e-01
1.275771957635879517e+01 1.380331445485353470e+00 -1.834261234907899052e-01
1.275284439325332642e+01 1.481771875172853470e+00 -1.821138676314149052e-01
1.274798446893692017e+01 1.582968164235353470e+00 -1.808168705611024052e-01
1.274310928583145142e+01 1.684652734547853470e+00 -1.795198734907899052e-01
1.273824173212051392e+01 1.785971093922853470e+00 -1.782228764204774052e-01
1.273337799310684204e+01 1.887411523610353470e+00 -1.769106205611024052e-01
1.413445907831192017e+01 1.268881250172853470e+00 -1.847231205611024052e-01
1.413780456781387329e+01 1.381918359547853470e+00 -1.832735356001649052e-01
1.413300949335098267e+01 1.494467187672853470e+00 -1.818392094282899052e-01
1.412819534540176392e+01 1.607504297047853470e+00 -1.803896244673524052e-01
1.412338882684707642e+01 1.720175195485353470e+00 -1.789400395064149052e-01
1.411856704950332642e+01 1.833456445485353470e+00 -1.774904545454774052e-01
1.411375290155410767e+01 1.946371484547853470e+00 -1.760408695845399052e-01
1.410079437494277954e+01 2.058432031422853470e+00 -1.746065434126649052e-01
1.585679489374160767e+01 1.383139062672853470e+00 -1.830599125532899052e-01
1.585223633050918579e+01 1.509848047047853470e+00 -1.814272221236024052e-01
1.584767013788223267e+01 1.636801172047853470e+00 -1.798097904829774052e-01
1.584308487176895142e+01 1.764120507985353470e+00 -1.781771000532899052e-01
1.583850723505020142e+01 1.891317773610353470e+00 -1.765444096236024052e-01
1.583391433954238892e+01 2.019003320485353470e+00 -1.748964604048524052e-01
1.582932907342910767e+01 2.146322656422853470e+00 -1.732637699751649052e-01
1.582474380731582642e+01 2.273886132985353470e+00 -1.716310795454774052e-01
1.806362396478652954e+01 1.529501367360353470e+00 -1.807710941939149052e-01
1.807314163446426392e+01 1.675619531422853470e+00 -1.788942631392274052e-01
1.806912857294082642e+01 1.821127343922853470e+00 -1.770174320845399052e-01
1.806510788202285767e+01 1.967245507985353470e+00 -1.751406010298524052e-01
1.806109863519668579e+01 2.112997461110353470e+00 -1.732790287642274052e-01
1.805709701776504517e+01 2.259481836110353470e+00 -1.714021977095399052e-01
1.805310302972793579e+01 2.405600000172853470e+00 -1.695253666548524052e-01
1.803555160760879517e+01 2.550131250172853470e+00 -1.676637943892274052e-01
2.103032928705215454e+01 1.726156640797853470e+00 -1.775362309126649052e-01
2.102756363153457642e+01 1.896200586110353470e+00 -1.753542240767274052e-01
2.102480179071426392e+01 2.066366601735353470e+00 -1.731722172407899052e-01
2.102202087640762329e+01 2.237387109547853470e+00 -1.709749516157899052e-01
2.101924759149551392e+01 2.408041406422853470e+00 -1.687776859907899052e-01
2.101646286249160767e+01 2.579550195485353470e+00 -1.665804203657899052e-01
2.101367813348770142e+01 2.750692773610353470e+00 -1.643831547407899052e-01
2.101089340448379517e+01 2.922079492360353470e+00 -1.621706303267274052e-01
2.517065292596817017e+01 2.000692773610353470e+00 -1.726991947798524052e-01
2.517055374383926392e+01 2.205404687672853470e+00 -1.700746830611024052e-01
2.519710403680801392e+01 2.412680078297853470e+00 -1.673891361861024052e-01
2.519702774286270142e+01 2.618978906422853470e+00 -1.647493656782899052e-01
2.519694381952285767e+01 2.824789453297853470e+00 -1.620943363814149052e-01
2.519687515497207642e+01 3.031820703297853470e+00 -1.594393070845399052e-01
2.517006927728652954e+01 3.235189843922853470e+00 -1.568300541548524052e-01
2.516996628046035767e+01 3.441854882985353470e+00 -1.541750248579774052e-01
3.142258316278457642e+01 2.415121484547853470e+00 -1.647341068892274052e-01
3.142853027582168579e+01 2.672445703297853470e+00 -1.614229496626649052e-01
3.143450027704238892e+01 2.930258203297853470e+00 -1.581117924361024052e-01
3.144050461053848267e+01 3.189413476735353470e+00 -1.547701176314149052e-01
3.144648987054824829e+01 3.448202539235353470e+00 -1.514284428267274052e-01
3.145250564813613892e+01 3.708456445485353470e+00 -1.480867680220399052e-01
3.146653610467910767e+01 3.969198632985353470e+00 -1.448671635298524052e-01
3.167871338129043579e+01 4.255453515797853470e+00 -1.448366459517274052e-01
4.173061996698379517e+01 3.098593164235353470e+00 -1.497194584517274052e-01
4.175165420770645142e+01 3.442831445485353470e+00 -1.452791508345399052e-01
4.177275329828262329e+01 3.788168359547853470e+00 -1.408083256392274052e-01
4.179397064447402954e+01 4.135458398610353470e+00 -1.363222416548524052e-01
4.181516891717910767e+01 4.482504297047853470e+00 -1.318514164595399052e-01
4.206058746576309204e+01 4.855917382985353470e+00 -1.299593266157899052e-01
4.245034271478652954e+01 5.249716211110353470e+00 -1.296846684126649052e-01
4.308209091424942017e+01 5.680868554860353470e+00 -1.320955570845399052e-01
6.197080093622207642e+01 4.440267968922853470e+00 -1.147920902876649052e-01
6.203856140375137329e+01 4.956869531422853470e+00 -1.080477055220399052e-01
6.210658127069473267e+01 5.475424218922853470e+00 -1.012880619673524052e-01
6.228414398431777954e+01 6.007650781422853470e+00 -9.527609907672740519e-02
6.314456802606582642e+01 6.610067773610353470e+00 -9.414694868610240519e-02
6.474981552362442017e+01 7.310385156422853470e+00 -9.802268110797740519e-02
6.672980362176895142e+01 8.080282617360353470e+00 -1.041261967329774052e-01
6.882629257440567017e+01 8.899130273610353470e+00 -1.105501469282899052e-01
4.637754303216934204e+01 3.401327539235353470e+00 2.146451655717100948e-01
4.644097381830215454e+01 3.787558007985353470e+00 2.200315181107725948e-01
4.637521225214004517e+01 3.398153711110353470e+00 4.258725825638975948e-01
4.642362076044082642e+01 3.783163476735353470e+00 4.316861811967100948e-01
9.465822464227676392e+01 1.211788027361035347e+01 5.839841548295225948e-01
4.643636566400527954e+01 3.399130273610353470e+00 6.363065425248350948e-01
4.646858459711074829e+01 3.783407617360353470e+00 6.424253169388975948e-01
4.645307022333145142e+01 3.397055078297853470e+00 8.479459468217100948e-01
4.651215225458145142e+01 3.783529687672853470e+00 8.535306636185850948e-01
4.681959396600723267e+01 3.803305078297853470e+00 1.070235985884210095e+00
4.706041961908340454e+01 3.430990625172853470e+00 1.281936425337335095e+00
1.067985779047012329e+01 1.631063867360353470e+00 -1.803285893111024052e-01
1.067577224969863892e+01 1.715414453297853470e+00 -1.792452152876649052e-01
1.066713577508926392e+01 1.799276757985353470e+00 -1.781618412642274052e-01
1.065845733880996704e+01 1.883505273610353470e+00 -1.770937260298524052e-01
1.064980179071426392e+01 1.967611718922853470e+00 -1.760103520064149052e-01
1.064111191034317017e+01 2.051962304860353470e+00 -1.749269779829774052e-01
1.063244491815567017e+01 2.136068750172853470e+00 -1.738436039595399052e-01
1.061923080682754517e+01 2.219442773610353470e+00 -1.727754887251649052e-01
1.161228805780410767e+01 1.747641015797853470e+00 -1.788027104048524052e-01
1.160329300165176392e+01 1.839193750172853470e+00 -1.776277836470399052e-01
1.159429413080215454e+01 1.930868554860353470e+00 -1.764528568892274052e-01
1.159066253900527954e+01 2.023764062672853470e+00 -1.752626713423524052e-01
1.158164459466934204e+01 2.115683007985353470e+00 -1.740877445845399052e-01
1.156718307733535767e+01 2.206991601735353470e+00 -1.729128178267274052e-01
1.155814605951309204e+01 2.299032617360353470e+00 -1.717378910689149052e-01
1.154910904169082642e+01 2.391073632985353470e+00 -1.705629643111024052e-01
1.273337417840957642e+01 1.887777734547853470e+00 -1.769106205611024052e-01
1.272404342889785767e+01 1.988851953297853470e+00 -1.756136234907899052e-01
1.271470123529434204e+01 2.089926172047853470e+00 -1.743166264204774052e-01
1.270531708002090454e+01 2.191366601735353470e+00 -1.730196293501649052e-01
1.269595581293106079e+01 2.292684961110353470e+00 -1.717226322798524052e-01
1.268655258417129517e+01 2.394491601735353470e+00 -1.704103764204774052e-01
1.267717224359512329e+01 2.495932031422853470e+00 -1.691133793501649052e-01
1.266778427362442017e+01 2.597616601735353470e+00 -1.678011234907899052e-01
1.410079818964004517e+01 2.058798242360353470e+00 -1.745912846236024052e-01
1.409932571649551392e+01 2.172323632985353470e+00 -1.731416996626649052e-01
1.408970504999160767e+01 2.284994531422853470e+00 -1.716921147017274052e-01
1.408003860712051392e+01 2.398153711110353470e+00 -1.702425297407899052e-01
1.407039505243301392e+01 2.511190820485353470e+00 -1.687929447798524052e-01
1.406070572137832642e+01 2.624594140797853470e+00 -1.673433598189149052e-01
1.405103546380996704e+01 2.737753320485353470e+00 -1.658937748579774052e-01
1.403322464227676392e+01 2.849569726735353470e+00 -1.644594486861024052e-01
1.582475525140762329e+01 2.274252343922853470e+00 -1.716310795454774052e-01
1.581502395868301392e+01 2.401327539235353470e+00 -1.699983891157899052e-01
1.580527740716934204e+01 2.528524804860353470e+00 -1.683656986861024052e-01
1.579548889398574829e+01 2.656210351735353470e+00 -1.667330082564149052e-01
1.578571563959121704e+01 2.783773828297853470e+00 -1.650850590376649052e-01
1.577590042352676392e+01 2.911825586110353470e+00 -1.634523686079774052e-01
1.579294067621231079e+01 3.044393945485353470e+00 -1.627199467329774052e-01
1.583406692743301392e+01 3.181967187672853470e+00 -1.628114994673524052e-01
1.803558212518692017e+01 2.550741601735353470e+00 -1.676637943892274052e-01
1.803960663080215454e+01 2.698202539235353470e+00 -1.657717045454774052e-01
1.803006607294082642e+01 2.844198632985353470e+00 -1.638948734907899052e-01
1.802048355340957642e+01 2.990927148610353470e+00 -1.620180424361024052e-01
1.802249008417129517e+01 3.139242578297853470e+00 -1.604769047407899052e-01
1.808059555292129517e+01 3.297811914235353470e+00 -1.605837162642274052e-01
1.813817459344863892e+01 3.457235742360353470e+00 -1.606752689986024052e-01
1.818175369501113892e+01 3.615438867360353470e+00 -1.607668217329774052e-01
2.101093918085098267e+01 2.922689843922853470e+00 -1.621706303267274052e-01
2.100228363275527954e+01 3.093588281422853470e+00 -1.599733647017274052e-01
2.099362426996231079e+01 3.264730859547853470e+00 -1.577760990767274052e-01
2.105962234735488892e+01 3.448080468922853470e+00 -1.574404057173524052e-01
2.114418655633926392e+01 3.635336328297853470e+00 -1.575624760298524052e-01
2.122817856073379517e+01 3.825033593922853470e+00 -1.576235111861024052e-01
2.131105667352676392e+01 4.015707422047853470e+00 -1.576540287642274052e-01
2.146282058954238892e+01 4.221151757985353470e+00 -1.593630131392274052e-01
2.517003494501113892e+01 3.442587304860353470e+00 -1.541597660689149052e-01
2.522132736444473267e+01 3.656576562672853470e+00 -1.526949223189149052e-01
2.537792068719863892e+01 3.886923242360353470e+00 -1.527559574751649052e-01
2.550578552484512329e+01 4.116903711110353470e+00 -1.528017338423524052e-01
2.563268142938613892e+01 4.348715234547853470e+00 -1.528017338423524052e-01
2.592016083002090454e+01 4.610800195485353470e+00 -1.559908207564149052e-01
2.619464737176895142e+01 4.875448632985353470e+00 -1.595003422407899052e-01
2.650931030511856079e+01 5.152792382985353470e+00 -1.631319340376649052e-01
3.168029266595840454e+01 4.256552148610353470e+00 -1.448366459517274052e-01
3.188947921991348267e+01 4.546591211110353470e+00 -1.448061283736024052e-01
3.216315323114395142e+01 4.849935937672853470e+00 -1.457369145064149052e-01
3.264671188592910767e+01 5.191244531422853470e+00 -1.499025639204774052e-01
3.314489609003067017e+01 5.542807031422853470e+00 -1.541902836470399052e-01
3.366195923089981079e+01 5.907675195485353470e+00 -1.586305912642274052e-01
3.419527679681777954e+01 6.284017968922853470e+00 -1.632234867720399052e-01
3.474753051996231079e+01 6.673666406422853470e+00 -1.679689701704774052e-01
4.308833175897598267e+01 5.682943750172853470e+00 -1.321565922407899052e-01
4.396589905023574829e+01 6.158407617360353470e+00 -1.372377689986024052e-01
4.488268905878067017e+01 6.655355859547853470e+00 -1.425630863814149052e-01
4.584522110223770142e+01 7.176840234547853470e+00 -1.481478031782899052e-01
4.685004669427871704e+01 7.721151757985353470e+00 -1.539766606001649052e-01
4.790106445550918579e+01 8.292684961110353470e+00 -1.600496586470399052e-01
4.899910980463027954e+01 8.890219140797853470e+00 -1.663820561079774052e-01
4.976670318841934204e+01 9.446493554860353470e+00 -1.689302738814149052e-01
6.884187179803848267e+01 8.903036523610353470e+00 -1.106264408736024052e-01
7.108865219354629517e+01 9.778524804860353470e+00 -1.174471195845399052e-01
7.311181503534317017e+01 1.066182558611035347e+01 -1.222383793501649052e-01
6.964373642206192017e+01 1.075630800798535347e+01 -9.103415571735240519e-02
6.341654068231582642e+01 1.035262148454785347e+01 -4.319785200641490519e-02
5.819433456659317017e+01 1.001436464861035347e+01 -3.082495561102405190e-03
5.379530960321426392e+01 9.731405664235353470e+00 3.074623979046009481e-02
5.001108413934707642e+01 9.487875390797853470e+00 5.984475053264759481e-02
8.806306320428848267e+01 1.203987734392285347e+01 1.731107417435850948e-01
7.906030136346817017e+01 1.150105898454785347e+01 2.017514888138975948e-01
7.158273178339004517e+01 1.104317324236035347e+01 2.253720942826475948e-01
5.958342224359512329e+01 1.024288027361035347e+01 2.623136226029600948e-01
5.505877166986465454e+01 9.949911523610353470e+00 2.763669673295225948e-01
8.414092117547988892e+01 1.578560488298535347e+01 2.452695552201475948e-01
9.456635147333145142e+01 1.210921328142285347e+01 5.838010493607725948e-01
8.286829239130020142e+01 1.134041445329785347e+01 5.661466304154600948e-01
7.383257156610488892e+01 1.075374453142285347e+01 5.508268061967100948e-01
6.656381088495254517e+01 1.028316347673535347e+01 5.401609126420225948e-01
6.063352447748184204e+01 9.901205468922853470e+00 5.314786616654600948e-01
5.566520172357559204e+01 9.582357812672853470e+00 5.242307368607725948e-01
5.146009689569473267e+01 9.312582422047853470e+00 5.193631831498350948e-01
4.785676819086074829e+01 9.082968164235353470e+00 5.140378657670225948e-01
8.806226974725723267e+01 1.202730410173535347e+01 9.837033931107725948e-01
7.905970627069473267e+01 1.148970644548535347e+01 9.298246089310850948e-01
7.158226639032363892e+01 1.103279726579785347e+01 8.848874751420225948e-01
5.602363449335098267e+01 9.638388086110353470e+00 7.841336909623350948e-01
5.157057815790176392e+01 9.328207422047853470e+00 7.567594233842100948e-01
4.777350479364395142e+01 9.064047265797853470e+00 7.334134761185850948e-01
6.761337143182754517e+01 1.043135683611035347e+01 1.165679711470147595e+00
6.158547836542129517e+01 1.004366152361035347e+01 1.101562279829522595e+00
5.653264480829238892e+01 9.719442773610353470e+00 1.047836083540460095e+00
5.226631027460098267e+01 9.446859765797853470e+00 1.002502221235772595e+00
4.862725311517715454e+01 9.214437890797853470e+00 1.188659447798272595e+00
6.012945038080215454e+01 9.950155664235353470e+00 1.084594506392022595e+00
5.508575683832168579e+01 9.626669336110353470e+00 1.032134789595147595e+00
5.358255249261856079e+01 9.839437890797853470e+00 1.021728295454522595e+00
4.719354492425918579e+01 9.122885156422853470e+00 1.174743432173272595e+00
5.205880600214004517e+01 9.725790429860353470e+00 1.016036767134210095e+00
4.581448990106582642e+01 9.035116601735353470e+00 1.171188134321710095e+00
6.334332901239395142e+01 1.015633242204785347e+01 1.127349633345147595e+00
5.733111816644668579e+01 9.770346093922853470e+00 1.066314477095147595e+00
5.229680496454238892e+01 9.448568750172853470e+00 1.015228051313897595e+00
5.058457428216934204e+01 9.624350000172853470e+00 1.002624291548272595e+00
4.440896469354629517e+01 8.945639062672853470e+00 1.159759301313897595e+00
7.306058365106582642e+01 1.108247988298535347e+01 8.645932856888975948e-01
6.558398300409317017e+01 1.062190859392285347e+01 8.250425044388975948e-01
5.958104568719863892e+01 1.026778261736035347e+01 7.935331050248350948e-01
4.988308960199356079e+01 9.196249414235353470e+00 7.346494380326475948e-01
4.557889801263809204e+01 8.907308984547853470e+00 7.115018550248350948e-01
4.211049133539199829e+01 8.700033593922853470e+00 6.932523433060850948e-01
6.924621444940567017e+01 1.053633730486035347e+01 1.182784814009210095e+00
6.190159469842910767e+01 1.006368105486035347e+01 1.110015648970147595e+00
5.589802795648574829e+01 9.678549218922853470e+00 1.050552147993585095e+00
5.086854416131973267e+01 9.357138086110353470e+00 1.000747460493585095e+00
4.906051880121231079e+01 9.515829492360353470e+00 9.874265376420225948e-01
4.299243789911270142e+01 8.855673242360353470e+00 1.147231835493585095e+00
6.050697189569473267e+01 9.974081445485353470e+00 1.088928002485772595e+00
5.450791412591934204e+01 9.589804101735353470e+00 1.031387108931085095e+00
5.206046539545059204e+01 9.700277734547853470e+00 1.012405175337335095e+00
4.758501678705215454e+01 9.412069726735353470e+00 9.694516841263975948e-01
4.457927185297012329e+01 9.319418359547853470e+00 9.435727778763975948e-01
4.526054626703262329e+01 8.999716211110353470e+00 1.183944481977960095e+00
4.160414367914199829e+01 8.767416406422853470e+00 1.132110375532647595e+00
6.194577652215957642e+01 1.006575625017285347e+01 1.140502709517022595e+00
5.246504837274551392e+01 9.458456445485353470e+00 1.057632226118585095e+00
4.494582229852676392e+01 8.984945703297853470e+00 9.920499507279600948e-01
4.158431869745254517e+01 9.034628320485353470e+00 9.671323481888975948e-01
3.705332809686660767e+01 8.837118554860353470e+00 9.290921870560850948e-01
2.805633789300918579e+01 8.222006250172853470e+00 8.510587397904600948e-01
3.356789261102676392e+01 8.257040429860353470e+00 1.156417626509210095e+00
2.920515686273574829e+01 7.981527734547853470e+00 1.098281640181085095e+00
2.546111160516738892e+01 7.745199609547853470e+00 1.048400658735772595e+00
2.714894729852676392e+01 7.785726953297853470e+00 6.396787349076475948e-01
2.351177841424942017e+01 7.562948632985353470e+00 6.226651851029600948e-01
6.056020218133926392e+01 9.976766992360353470e+00 1.190627831587335095e+00
5.107578140497207642e+01 9.369589257985353470e+00 1.102432030806085095e+00
4.348586899042129517e+01 8.886068750172853470e+00 1.031890648970147595e+00
3.810651260614395142e+01 8.619223047047853470e+00 9.831845942826475948e-01
3.557871490716934204e+01 8.734945703297853470e+00 9.644315425248350948e-01
3.105317550897598267e+01 8.460043359547853470e+00 9.225919429154600948e-01
2.658085113763809204e+01 8.118734765797853470e+00 8.813321772904600948e-01
2.781422287225723267e+01 7.893515039235353470e+00 1.130035180220147595e+00
2.407150894403457642e+01 7.657675195485353470e+00 1.078079003462335095e+00
2.391915756464004517e+01 7.647909570485353470e+00 1.126449364790460095e+00
2.013410812616348267e+01 7.409750390797853470e+00 1.074828881392022595e+00
9.613718569278717041e+00 6.749838281422853470e+00 1.122375268110772595e+00
5.272841036319732666e+00 6.478842187672853470e+00 1.065856713423272595e+00
1.552076876163482666e+00 6.247274804860353470e+00 1.017425316938897595e+00
-1.324342483282089233e+01 5.329428125172853470e+00 1.112396020063897595e+00
-1.691317886114120483e+01 5.103109765797853470e+00 1.061584252485772595e+00
-2.342578262090682983e+01 4.700643945485353470e+00 8.427884761185850948e-01
-2.704568618535995483e+01 4.477621484547853470e+00 8.121030513138975948e-01
-1.583368057012557983e+01 5.117025781422853470e+00 6.851957026810850948e-01
-2.297892898321151733e+01 5.055868554860353470e+00 6.595609370560850948e-01
-2.744627517461776733e+01 4.780355859547853470e+00 6.397092524857725948e-01
2.537680208683013916e+00 1.067561953142285347e+01 8.385007563920225948e-01
-7.877587735652923584e+00 5.660238672047853470e+00 1.060378808149835095e+00
-1.516917556524276733e+01 5.210043359547853470e+00 9.945981685013975948e-01
-2.113734573125839233e+01 4.841391015797853470e+00 9.407651606888975948e-01
-2.613644546270370483e+01 4.533285547047853470e+00 8.956754390092100948e-01
-3.035712569952011108e+01 4.273764062672853470e+00 8.576047602982725948e-01
-3.396638625860214233e+01 4.054037500172853470e+00 8.262784663529600948e-01
-4.386598342657089233e+01 3.456991601735353470e+00 8.119962397904600948e-01
-9.483113235235214233e+01 4.235443361103534698e-01 7.165067378373350948e-01
-1.004387068152427673e+02 9.676210954785346985e-02 6.886899653763975948e-01
-1.024500440955162048e+02 2.633880861103534698e-01 6.834714595170225948e-01
-1.090316023230552673e+02 -3.950591795146465302e-01 8.786466304154600948e-01
-1.096408247351646423e+02 -4.298492185771465302e-01 8.768308345170225948e-01
-1.135728926062583923e+02 -6.543365232646465302e-01 8.423459712357725948e-01
-8.870573562383651733e+01 7.825531251728534698e-01 7.932584468217100948e-01
-9.705696243047714233e+01 2.930511720478534698e-01 7.517087642045225948e-01
-1.037410139441490173e+02 -9.415585920214653015e-02 7.185208979935850948e-01
-1.177699140906333923e+02 -8.951812498271465302e-01 8.795926753373350948e-01
-1.128084577918052673e+02 -6.110015623271465302e-01 7.086179438920225948e-01
-1.227952284216880798e+02 -1.184854101389646530e+00 9.043424311967100948e-01
-1.267190260291099548e+02 -1.411904882639646530e+00 8.684842768998350948e-01
-8.362083572149276733e+01 5.385702539235353470e+00 8.418729487748350948e-01
-9.115849441289901733e+01 4.882162500172853470e+00 8.099973384232725948e-01
-1.196675581336021423e+02 -1.004922460764646530e+00 8.899991694779600948e-01
-1.242537092566490173e+02 -1.269204687327146530e+00 8.503110591263975948e-01
-1.281761793494224548e+02 -1.496377538889646530e+00 8.175504390092100948e-01
-1.091428694128990173e+02 -4.025054685771465302e-01 7.180020991654600948e-01
-1.129827131628990173e+02 -2.903228513896465302e-01 7.072293940873350948e-01
-1.204578260779380798e+02 -7.783599607646465302e-01 6.745908442826475948e-01
-1.002266096472740173e+02 4.365072656422853470e+00 8.262021724076475948e-01
-1.288392500281333923e+02 -1.535195898264646530e+00 8.955533686967100948e-01
-1.333638471961021423e+02 -1.798135351389646530e+00 8.556363765092100948e-01
-1.372240614295005798e+02 -2.022622656077146530e+00 8.227689448685850948e-01
-1.017532820105552673e+02 4.298422265797853470e+00 7.717588130326475948e-01
-1.251850447058677673e+02 -1.323648046702146530e+00 9.019773188920225948e-01
-1.305254072546958923e+02 -1.633096288889646530e+00 8.578946772904600948e-01
-1.350131086707115173e+02 -1.893960546702146530e+00 8.208463374467100948e-01
-1.388464521765708923e+02 -2.117227148264646530e+00 7.903592768998350948e-01
-1.339897322058677673e+02 -1.567300390452146530e+00 5.529630366654600948e-01
-1.032498335242271423e+02 4.203939843922853470e+00 7.045438472123350948e-01
-1.202390303015708923e+02 -1.038369726389646530e+00 9.030759517045225948e-01
-1.266465925574302673e+02 -1.408364843577146530e+00 8.546445552201475948e-01
-1.319898542761802673e+02 -1.718423437327146530e+00 8.142392817826475948e-01
-1.364750074744224548e+02 -1.979165624827146530e+00 7.803189936967100948e-01
-1.403066572546958923e+02 -2.202310156077146530e+00 7.525174800248350948e-01
-2.343311933875083923e+02 -1.186161191388964653e+01 5.749967280717100948e-01
-2.341397871375083923e+02 -1.184452207013964653e+01 6.476743403763975948e-01
-2.320694441199302673e+02 -1.166166074201464653e+01 7.850492183060850948e-01
-1.784483503699302673e+02 -4.411172460764646530e+00 8.854062739701475948e-01
-1.864907087683677673e+02 -4.859780859202146530e+00 8.089749995560850948e-01
-1.927714704871177673e+02 -5.199502538889646530e+00 7.506864253373350948e-01
-2.356699690222740173e+02 -1.190140683576464653e+01 4.122159663529600948e-01
-2.356429914832115173e+02 -1.189896542951464653e+01 4.786527339310850948e-01
-2.356027998328208923e+02 -1.189518124982714653e+01 5.452878657670225948e-01
-2.355253157019615173e+02 -1.188810117170214653e+01 6.137082759232725948e-01
-2.333474897742271423e+02 -1.169425351545214653e+01 7.508084956498350948e-01
-2.333422102332115173e+02 -1.169352109357714653e+01 8.276822749467100948e-01
-1.910217146277427673e+02 -4.797769140452146530e+00 7.155149165482725948e-01
-2.369353193640708923e+02 -1.193717343732714653e+01 3.902585688920225948e-01
-1.994880537390708923e+02 -5.546060156077146530e+00 8.808286372513975948e-01
-2.369114851355552673e+02 -1.193473203107714653e+01 4.557645503373350948e-01
-2.368758711218833923e+02 -1.193131406232714653e+01 5.214078608842100948e-01
-2.368087324500083923e+02 -1.192508847638964653e+01 5.885923091263975948e-01
-2.346058821082115173e+02 -1.172721249982714653e+01 7.996061030717100948e-01
-2.382075361609458923e+02 -1.197477109357714653e+01 3.885495845170225948e-01
-2.010971540808677673e+02 -5.624551367014646530e+00 8.912198726029600948e-01
-2.381839155554771423e+02 -1.197232968732714653e+01 4.532010737748350948e-01
-2.381491865515708923e+02 -1.196891171857714653e+01 5.179898921342100948e-01
-2.380830854773521423e+02 -1.196280820295214653e+01 5.843045893998350948e-01
-2.358760542273521423e+02 -1.176322324201464653e+01 7.947843257279600948e-01
-1.961698164343833923e+02 -5.377847265452146530e+00 7.372434321732725948e-01
-1.985016645789146423e+02 -5.210122656077146530e+00 7.148740474076475948e-01
-2.030317243933677673e+02 -5.413125585764646530e+00 6.704404536576475948e-01
-2.420045027136802673e+02 -1.208561093732714653e+01 3.666532222123350948e-01
-2.059763044714927673e+02 -5.856851171702146530e+00 8.712613765092100948e-01
-2.419858869910240173e+02 -1.208365781232714653e+01 4.285428706498350948e-01
-2.419559797644615173e+02 -1.208060605451464653e+01 4.905545893998350948e-01
-2.419120649695396423e+02 -1.207621152326464653e+01 5.535581294388975948e-01
-2.396434797644615173e+02 -1.186661679670214653e+01 7.618558589310850948e-01
-1.982693952918052673e+02 -5.485147070139646530e+00 8.916166011185850948e-01
-2.034510053992271423e+02 -5.737832617014646530e+00 8.251798335404600948e-01
-2.077069563269615173e+02 -5.936685156077146530e+00 7.705686274857725948e-01
-2.432476972937583923e+02 -1.211771542951464653e+01 3.940122310013975948e-01
-2.432257551550865173e+02 -1.211539609357714653e+01 4.548947993607725948e-01
-2.431926435828208923e+02 -1.211197812482714653e+01 5.165860835404600948e-01
-2.431376814246177673e+02 -1.210648496076464653e+01 5.789487544388975948e-01
-2.409089216589927673e+02 -1.189786679670214653e+01 7.913053218217100948e-01
-2.052269758582115173e+02 -5.821694921702146530e+00 7.384336177201475948e-01
-2.060377973914146423e+02 -5.503091406077146530e+00 7.270963374467100948e-01
-2.445082258582115173e+02 -1.215470273420214653e+01 3.644406977982725948e-01
-2.093840803503990173e+02 -6.013833593577146530e+00 9.138791743607725948e-01
-2.444907392859458923e+02 -1.215262753888964653e+01 4.242856685013975948e-01
-2.444653486609458923e+02 -1.214981992170214653e+01 4.848020259232725948e-01
-2.444278425574302673e+02 -1.214591367170214653e+01 5.455930415482725948e-01
-2.421297163367271423e+02 -1.192850644513964653e+01 7.557828608842100948e-01
-2.433758100867271423e+02 -1.196463925763964653e+01 7.346799556107725948e-01
-2.446065840125083923e+02 -1.200260312482714653e+01 7.437436763138975948e-01
-2.481948408484458923e+02 -1.227042539045214653e+01 5.686795893998350948e-01
-2.480597090125083923e+02 -1.225687558576464653e+01 6.314847651810850948e-01
-2.115440534949302673e+02 -6.111611913889646530e+00 9.033811274857725948e-01
-2.153496565222740173e+02 -6.279580663889646530e+00 8.434751216263975948e-01
-2.495233930945396423e+02 -1.232645566388964653e+01 3.741605464310850948e-01
-2.493701032996177673e+02 -1.220841367170214653e+01 3.768003169388975948e-01
-2.495124983191490173e+02 -1.232499082013964653e+01 4.306791011185850948e-01
-2.493370222449302673e+02 -1.220450742170214653e+01 4.343412104935850948e-01
-2.494997419714927673e+02 -1.232328183576464653e+01 4.870603267045225948e-01
-2.492766889929771423e+02 -1.219779355451464653e+01 4.933011714310850948e-01
-2.494757856726646423e+02 -1.232059628888964653e+01 5.442197505326475948e-01
-2.494218916296958923e+02 -1.231485898420214653e+01 6.027829829545225948e-01
-2.507556013464927673e+02 -1.237650449201464653e+01 4.608762446732725948e-01
-2.505927290320396423e+02 -1.225895078107714653e+01 4.652097407670225948e-01
-2.507296308875083923e+02 -1.237357480451464653e+01 5.171811763138975948e-01
-2.505341352820396423e+02 -1.225235898420214653e+01 5.234067622513975948e-01
-2.507079023718833923e+02 -1.237101132795214653e+01 5.735471431107725948e-01
-2.519647688269615173e+02 -1.242960507795214653e+01 5.431058589310850948e-01
-2.517872785925865173e+02 -1.231180722638964653e+01 5.491330806107725948e-01
-2.529789595007896423e+02 -1.226859433576464653e+01 3.994443599076475948e-01
-2.532285627722740173e+02 -1.249161679670214653e+01 4.474637690873350948e-01
-2.531499494910240173e+02 -1.238590390607714653e+01 4.495694819779600948e-01
-2.528999494910240173e+02 -1.225931699201464653e+01 4.569089595170225948e-01
-2.532288374304771423e+02 -1.249125058576464653e+01 5.012357417435850948e-01
-2.531267561316490173e+02 -1.238309628888964653e+01 5.043027583451475948e-01
-2.196019453406333923e+02 -6.461709570139646530e+00 7.315671626420225948e-01
-2.544981855750083923e+02 -1.255289609357714653e+01 2.941129390092100948e-01
-2.544334883093833923e+02 -1.245060117170214653e+01 2.947385493607725948e-01
-2.542999128699302673e+02 -1.233902890607714653e+01 2.969510737748350948e-01
-2.544544233679771423e+02 -1.254837949201464653e+01 3.476560298295225948e-01
-2.544125837683677673e+02 -1.244803769513964653e+01 3.483884517045225948e-01
-2.542817549109458923e+02 -1.233670957013964653e+01 3.512113276810850948e-01
-2.544422163367271423e+02 -1.254691464826464653e+01 4.010007563920225948e-01
-2.544075483679771423e+02 -1.244718320295214653e+01 4.017789546342100948e-01
-2.542540449500083923e+02 -1.233329160138964653e+01 4.058988276810850948e-01
-2.544509443640708923e+02 -1.254740292951464653e+01 4.537656489701475948e-01
-2.543981794714927673e+02 -1.244596249982714653e+01 4.550626460404600948e-01
-2.542132734656333923e+02 -1.232828671857714653e+01 4.609830561967100948e-01
-2.556604475378990173e+02 -1.260404355451464653e+01 3.642575923295225948e-01
-2.556290754675865173e+02 -1.250602109357714653e+01 3.647611323685850948e-01
-2.555348066687583923e+02 -1.240018613263964653e+01 3.669278804154600948e-01
-2.556604475378990173e+02 -1.260367734357714653e+01 4.165647212357725948e-01
-2.556345991492271423e+02 -1.250626523420214653e+01 4.168241206498350948e-01
-2.555119490027427673e+02 -1.239725644513964653e+01 4.203489009232725948e-01
-2.628576826453208923e+02 -1.281009824201464653e+01 4.306180659623350948e-01
-2.628356184363365173e+02 -1.271671445295214653e+01 4.312284175248350948e-01
-2.627373823523521423e+02 -1.261417539045214653e+01 4.346921626420225948e-01
-2.650425276160240173e+02 -1.262198789045214653e+01 3.662717524857725948e-01
-2.652563948035240173e+02 -1.309610898420214653e+01 4.101255122513975948e-01
-2.652507795691490173e+02 -1.300650937482714653e+01 4.097898188920225948e-01
-2.652398542761802673e+02 -1.291605527326464653e+01 4.099271479935850948e-01
-2.652031416296958923e+02 -1.282218320295214653e+01 4.110410395951475948e-01
-2.651573042273521423e+02 -1.272672421857714653e+01 4.124906245560850948e-01
-2.650039228796958923e+02 -1.261686093732714653e+01 4.179990474076475948e-01
-2.675107588171958923e+02 -1.278153378888964653e+01 3.879850093217100948e-01
-2.673488020300865173e+02 -1.267118222638964653e+01 3.935697261185850948e-01
-2.799706587195396423e+02 -1.304752499982714653e+01 4.281156245560850948e-01
-2.844652265906333923e+02 -1.311075742170214653e+01 3.801114741654600948e-01
-2.868257917761802673e+02 -1.331791074201464653e+01 3.215329829545225948e-01
-2.867875532507896423e+02 -1.322623593732714653e+01 3.222196284623350948e-01
-2.867312178015708923e+02 -1.313175351545214653e+01 3.237607661576475948e-01
-2.878885359168052673e+02 -1.323124082013964653e+01 3.075711909623350948e-01
-2.878323225378990173e+02 -1.313724667951464653e+01 3.092649165482725948e-01
-2.966609968543052673e+02 -1.359879453107714653e+01 -8.300803267047740519e-02
-2.966519636511802673e+02 -1.351481015607714653e+01 -8.425925337360240519e-02
-2.966400007605552673e+02 -1.343033749982714653e+01 -8.519003950641490519e-02
-2.966225447058677673e+02 -1.334488828107714653e+01 -8.596823774860240519e-02
-2.965925459265708923e+02 -1.325834042951464653e+01 -8.642600142047740519e-02
-2.965425581336021423e+02 -1.316910703107714653e+01 -8.634970747516490519e-02
-2.964389814734458923e+02 -1.307401425763964653e+01 -8.483908735797740519e-02
-2.962728742957115173e+02 -1.297037656232714653e+01 -8.143637739703990519e-02
-2.973449873328208923e+02 -1.297599179670214653e+01 -1.099092777876649052e-01
-3.099378218054771423e+02 -1.311222226545214653e+01 -1.877051225164905190e-03
-3.097136396765708923e+02 -1.301102597638964653e+01 6.347436079522594810e-03
-3.564911360144615173e+02 -1.086490781232714653e+01 -6.422731693892274052e-01
-3.597556318640708923e+02 -1.049710996076464653e+01 -7.226564701704774052e-01
-3.638771223425865173e+02 -9.918496679514646530e+00 -8.131258305220399052e-01
