-1.023754888214170933e+00 -1.002080948650836945e+01 -1.905126154306344688e-01
-9.551513725891709328e-01 -1.004217179119586945e+01 -1.910314142587594688e-01
-8.856933647766709328e-01 -1.006036026775836945e+01 -1.915654718759469688e-01
-8.148925835266709328e-01 -1.007134659588336945e+01 -1.916417658212594688e-01
-7.443359429016709328e-01 -1.008233292400836945e+01 -1.917333185556344688e-01
-6.735351616516709328e-01 -1.009331925213336945e+01 -1.918096125009469688e-01
-6.028564507141709328e-01 -1.010418350994586945e+01 -1.919011652353219688e-01
-5.318115288391709328e-01 -1.011126358807086945e+01 -1.919469416025094688e-01
-1.138989263214170933e+00 -1.069561417400836945e+01 -1.899175226571969688e-01
-1.063549810089170933e+00 -1.071136124432086945e+01 -1.902226984384469688e-01
-9.888427788391709328e-01 -1.073150284588336945e+01 -1.908025324228219688e-01
-9.142578179016709328e-01 -1.075579483807086945e+01 -1.913671076181344688e-01
-8.390625054016709328e-01 -1.077605850994586945e+01 -1.919316828134469688e-01
-7.631347710266709328e-01 -1.079253800213336945e+01 -1.925115167978219688e-01
-6.876953179016709328e-01 -1.081292374432086945e+01 -1.930913507821969688e-01
-6.121337944641709328e-01 -1.083343155682086945e+01 -1.936711847665719688e-01
-1.276318364776670933e+00 -1.150091202557086945e+01 -1.899480402353219688e-01
-1.193432622589170933e+00 -1.151214249432086945e+01 -1.899480402353219688e-01
-1.110424810089170933e+00 -1.152337296307086945e+01 -1.899480402353219688e-01
-1.028759771026670933e+00 -1.154534561932086945e+01 -1.905278742196969688e-01
-9.473388725891709328e-01 -1.156829483807086945e+01 -1.911382257821969688e-01
-8.654296929016709328e-01 -1.159136612713336945e+01 -1.917638361337594688e-01
-7.836425835266709328e-01 -1.161443741619586945e+01 -1.923894464853219688e-01
-7.017334038391709328e-01 -1.163763077557086945e+01 -1.930150568368844688e-01
-1.439282231964170933e+00 -1.245635636150836945e+01 -1.899785578134469688e-01
-1.349316411651670933e+00 -1.247417862713336945e+01 -1.899785578134469688e-01
-1.258374028839170933e+00 -1.248638565838336945e+01 -1.899785578134469688e-01
-1.167065435089170933e+00 -1.249859268963336945e+01 -1.899785578134469688e-01
-1.076123052276670933e+00 -1.251079972088336945e+01 -1.899785578134469688e-01
-9.848144585266709328e-01 -1.252300675213336945e+01 -1.899785578134469688e-01
-8.938720757141709328e-01 -1.253521378338336945e+01 -1.899785578134469688e-01
-8.023193413391709328e-01 -1.254180558025836945e+01 -1.899785578134469688e-01
-1.702221685089170933e+00 -1.399724991619586945e+01 -2.064733087900094688e-01
-1.598950200714170933e+00 -1.401409561932086945e+01 -2.066106378915719688e-01
-1.495556646026670933e+00 -1.403081925213336945e+01 -2.067327082040719688e-01
-1.391796880401670933e+00 -1.404766495525836945e+01 -2.068547785165719688e-01
-1.288403325714170933e+00 -1.406451065838336945e+01 -2.069921076181344688e-01
-1.184521489776670933e+00 -1.408135636150836945e+01 -2.071141779306344688e-01
-1.081005864776670933e+00 -1.409820206463336945e+01 -2.072515070321969688e-01
-9.774902397766709328e-01 -1.411504776775836945e+01 -2.073735773446969688e-01
-2.057446294464170933e+00 -1.607928116619586945e+01 -2.300786554696969688e-01
-1.938793950714170933e+00 -1.611065323650836945e+01 -2.303075373056344688e-01
-1.818066411651670933e+00 -1.613067276775836945e+01 -2.304601251962594688e-01
-1.696850591339170933e+00 -1.615081436932086945e+01 -2.306127130868844688e-01
-1.576123052276670933e+00 -1.617083390057086945e+01 -2.307653009775094688e-01
-1.454785161651670933e+00 -1.619085343182086945e+01 -2.309178888681344688e-01
-1.333935552276670933e+00 -1.621099503338336945e+01 -2.310704767587594688e-01
-1.211621099151670933e+00 -1.621941788494586945e+01 -2.311467707040719688e-01
-2.448071294464170933e+00 -1.836846573650836945e+01 -2.410344660165719688e-01
-2.312695317901670933e+00 -1.841704972088336945e+01 -2.420720636728219688e-01
-2.176708989776670933e+00 -1.846575577557086945e+01 -2.431096613290719688e-01
-2.037792974151670933e+00 -1.850030167400836945e+01 -2.436589777353219688e-01
-1.896801763214170933e+00 -1.851885636150836945e+01 -2.436589777353219688e-01
-1.756787114776670933e+00 -1.854790909588336945e+01 -2.440099298837594688e-01
-1.621166997589170933e+00 -1.861077530682086945e+01 -2.455358087900094688e-01
-1.484814458526670933e+00 -1.867400772869586945e+01 -2.470464289071969688e-01
-2.867626958526670933e+00 -2.082708390057086945e+01 -2.361058771493844688e-01
-2.706738286651670933e+00 -2.084807999432086945e+01 -2.361058771493844688e-01
-2.547192388214170933e+00 -2.087810929119586945e+01 -2.358922541025094688e-01
-2.385205083526670933e+00 -2.089483292400836945e+01 -2.357701837900094688e-01
-2.223706060089170933e+00 -2.091143448650836945e+01 -2.356481134775094688e-01
-2.060620122589170933e+00 -2.091912491619586945e+01 -2.352513849618844688e-01
-1.897412114776670933e+00 -2.091814835369586945e+01 -2.350835382821969688e-01
-1.736157231964170933e+00 -2.093182022869586945e+01 -2.348699152353219688e-01
-3.346997075714170933e+00 -2.363738663494586945e+01 -2.166204035165719688e-01
-3.155346685089170933e+00 -2.361626847088336945e+01 -2.154912531259469688e-01
-2.968823247589170933e+00 -2.362286026775836945e+01 -2.150640070321969688e-01
-2.780468755401670933e+00 -2.361980850994586945e+01 -2.143926203134469688e-01
-2.590771489776670933e+00 -2.359844620525836945e+01 -2.132787287118844688e-01
-2.401196294464170933e+00 -2.357708390057086945e+01 -2.121495783212594688e-01
-2.213208013214170933e+00 -2.355596573650836945e+01 -2.110356867196969688e-01
-2.025952153839170933e+00 -2.353484757244586945e+01 -2.099370539071969688e-01
-4.479199224151670933e+00 -3.027288468182086945e+01 -2.497624933603219688e-01
-4.206250005401670933e+00 -3.009905655682086945e+01 -2.455968439462594688e-01
-3.807080083526670933e+00 -2.908062393963336945e+01 -2.241887628915719688e-01
-3.548779302276670933e+00 -2.891607315838336945e+01 -2.202367365243844688e-01
-3.299511724151670933e+00 -2.878619034588336945e+01 -2.170171320321969688e-01
-3.054272466339170933e+00 -2.867303116619586945e+01 -2.141332208993844688e-01
-2.812451177276670933e+00 -2.856145890057086945e+01 -2.112950861337594688e-01
-2.573071294464170933e+00 -2.845110733807086945e+01 -2.084722101571969688e-01
-5.189770513214170933e+00 -3.443841202557086945e+01 -1.813420832040719688e-01
-1.261494141165167093e+01 -8.197222550213336945e+01 -9.306706964853219688e-01
-5.998974614776670933e+00 -4.335162003338336945e+01 -3.207616388681344688e-01
-3.970410161651670933e+00 -3.182220108807086945e+01 -1.385869562509469688e-01
-5.221020513214170933e+00 -4.285162003338336945e+01 -3.115758478525094688e-01
-4.255200200714170933e+00 -3.804595597088336945e+01 -2.354192316415719688e-01
-2.933911138214170933e+00 -2.957598526775836945e+01 -1.019048273446969688e-01
-2.685009771026670933e+00 -2.945635636150836945e+01 -9.958549140719696879e-02
-5.189648442901670933e+00 -3.443841202557086945e+01 -2.851005195407196879e-02
-4.313549810089170933e+00 -3.076238663494586945e+01 1.274971367092803121e-02
-4.230664067901670933e+00 -3.184014542400836945e+01 1.076740038115531206e-03
-3.970654302276670933e+00 -3.182439835369586945e+01 1.565021288115531206e-03
-3.397167974151670933e+00 -2.950201065838336945e+01 2.765755058499053121e-02
-3.174023442901670933e+00 -2.960808975994586945e+01 2.677254081936553121e-02
-2.916699224151670933e+00 -2.943267472088336945e+01 2.900032402249053121e-02
-2.671215825714170933e+00 -2.933147843182086945e+01 3.040413261624053121e-02
-5.189526372589170933e+00 -3.443853409588336945e+01 1.251001775381155312e-01
-4.329541021026670933e+00 -3.086138565838336945e+01 1.484003484365530312e-01
-3.947949224151670933e+00 -2.999969132244586945e+01 1.534052312490530312e-01
-3.727978521026670933e+00 -3.015203507244586945e+01 1.525507390615530312e-01
-3.398632817901670933e+00 -2.951263077557086945e+01 1.568384587881155312e-01
-3.158642583526670933e+00 -2.948809464275836945e+01 1.571283757803030312e-01
-2.904125981964170933e+00 -2.932745011150836945e+01 1.589899480459280312e-01
-2.623608403839170933e+00 -2.890349991619586945e+01 1.618586003896780312e-01
-5.189404302276670933e+00 -3.443853409588336945e+01 2.778864324209280312e-01
-4.316357427276670933e+00 -3.078106339275836945e+01 2.845392644521780312e-01
-3.935375981964170933e+00 -2.991827042400836945e+01 2.860956609365530312e-01
-3.720654302276670933e+00 -3.010149796307086945e+01 2.857447087881155312e-01
-3.400219731964170933e+00 -2.952459366619586945e+01 2.867823064443655312e-01
-3.180615239776670933e+00 -2.965960343182086945e+01 2.865229070303030312e-01
-3.023510747589170933e+00 -3.032464249432086945e+01 2.853022039053030312e-01
-2.666210942901670933e+00 -2.928692276775836945e+01 2.871790349599905312e-01
-5.142895513214170933e+00 -3.416631729900836945e+01 4.306879460928030312e-01
-4.696850591339170933e+00 -3.312896378338336945e+01 4.267511785146780312e-01
-4.053906255401670933e+00 -3.068999893963336945e+01 4.197016179678030312e-01
-3.709301763214170933e+00 -3.002386124432086945e+01 4.176569402334280312e-01
-3.485546880401670933e+00 -3.014934952557086945e+01 4.178553044912405312e-01
-3.256176763214170933e+00 -3.024932511150836945e+01 4.179621160146780312e-01
-2.937207036651670933e+00 -2.960381729900836945e+01 4.159937322256155312e-01
-2.668408208526670933e+00 -2.930584366619586945e+01 4.156885564443655312e-01
-5.148266606964170933e+00 -3.419842179119586945e+01 5.823908269521780312e-01
-4.696972661651670933e+00 -3.313042862713336945e+01 5.740290105459280312e-01
-4.001538091339170933e+00 -3.034954483807086945e+01 5.528803289053030312e-01
-3.782177739776670933e+00 -3.052654679119586945e+01 5.538721501943655312e-01
-3.473095708526670933e+00 -3.005877335369586945e+01 5.500574529287405312e-01
-3.185131841339170933e+00 -2.969537003338336945e+01 5.470362126943655312e-01
-2.931958013214170933e+00 -2.955938370525836945e+01 5.457086980459280312e-01
-2.670727544464170933e+00 -2.932696183025836945e+01 5.436640203115530312e-01
-6.674023442901670933e+00 -4.314263565838336945e+01 8.436060369131155312e-01
-6.317456060089170933e+00 -4.312884171307086945e+01 8.416986882803030312e-01
-4.108227544464170933e+00 -3.104522354900836945e+01 6.946955144521780312e-01
-3.879467778839170933e+00 -3.119793350994586945e+01 6.960535466787405312e-01
-3.536083989776670933e+00 -3.051971085369586945e+01 6.873712957021780312e-01
-3.244946294464170933e+00 -3.016228897869586945e+01 6.825800359365530312e-01
-2.968334966339170933e+00 -2.986333878338336945e+01 6.784906804678030312e-01
-2.671704106964170933e+00 -2.933514054119586945e+01 6.723566472646780312e-01
-6.657543950714170933e+00 -4.304656632244586945e+01 1.035088580858428031e+00
-6.316235356964170933e+00 -4.312200577557086945e+01 1.035439533006865531e+00
-3.603100591339170933e+00 -3.101092179119586945e+01 8.301477849599905312e-01
-3.258618169464170933e+00 -3.026934464275836945e+01 8.171015203115530312e-01
-3.046337896026670933e+00 -3.051507218182086945e+01 8.205805242178030312e-01
-2.786450200714170933e+00 -3.036541397869586945e+01 8.174524724599905312e-01
-6.678784185089170933e+00 -4.317205460369586945e+01 1.231438678514678031e+00
-6.310498052276670933e+00 -4.308758194744586945e+01 1.228478473436553031e+00
-4.585400396026670933e+00 -3.820183975994586945e+01 1.119729083788115531e+00
-4.255444341339170933e+00 -3.804827530682086945e+01 1.116341632616240531e+00
-3.044873052276670933e+00 -3.050249893963336945e+01 9.545069158193655312e-01
-2.889599614776670933e+00 -3.129168350994586945e+01 9.705133855459280312e-01
-6.608471685089170933e+00 -4.276104386150836945e+01 1.414910358202178031e+00
-6.307934575714170933e+00 -4.307268936932086945e+01 1.420647662889678031e+00
-4.570263677276670933e+00 -3.809087784588336945e+01 1.287056964647490531e+00
-4.242382817901670933e+00 -3.794622452557086945e+01 1.282082599413115531e+00
-2.860424810089170933e+00 -3.102959854900836945e+01 1.101357501756865531e+00
-5.315673882141709328e-01 -1.011138565838336945e+01 -1.919622003915719688e-01
-4.610107475891709328e-01 -1.012286026775836945e+01 -1.920384943368844688e-01
-3.898437554016709328e-01 -1.013055069744586945e+01 -1.920995294931344688e-01
-3.185546929016709328e-01 -1.013811905682086945e+01 -1.921605646493844688e-01
-2.475097710266709328e-01 -1.014580948650836945e+01 -1.922215998056344688e-01
-1.760986382141709328e-01 -1.015337784588336945e+01 -1.922826349618844688e-01
-1.049316460266709328e-01 -1.016106827557086945e+01 -1.923284113290719688e-01
-3.352051321417093277e-02 -1.016485245525836945e+01 -1.923589289071969688e-01
-6.118896538391709328e-01 -1.083355362713336945e+01 -1.936711847665719688e-01
-5.358398491516709328e-01 -1.085100968182086945e+01 -1.942662775400094688e-01
-4.596679741516709328e-01 -1.086846573650836945e+01 -1.948461115243844688e-01
-3.833740288391709328e-01 -1.089007218182086945e+01 -1.954259455087594688e-01
-3.067138725891709328e-01 -1.090765030682086945e+01 -1.960057794931344688e-01
-2.293212944641709328e-01 -1.092132218182086945e+01 -1.966008722665719688e-01
-1.524169975891709328e-01 -1.093902237713336945e+01 -1.971807062509469688e-01
-7.478027883917093277e-02 -1.094903214275836945e+01 -1.973485529306344688e-01
-7.013671929016709328e-01 -1.163775284588336945e+01 -1.930303156259469688e-01
-6.188476616516709328e-01 -1.165777237713336945e+01 -1.936559259775094688e-01
-5.360839897766709328e-01 -1.167779190838336945e+01 -1.942815363290719688e-01
-4.529541069641709328e-01 -1.169805558025836945e+01 -1.949224054696969688e-01
-3.697021538391709328e-01 -1.171819718182086945e+01 -1.955632746103219688e-01
-2.860839897766709328e-01 -1.173846085369586945e+01 -1.961888849618844688e-01
-2.024658257141709328e-01 -1.175872452557086945e+01 -1.968297541025094688e-01
-1.186035210266709328e-01 -1.177911026775836945e+01 -1.974706232431344688e-01
-8.020752007141709328e-01 -1.254192765057086945e+01 -1.899938166025094688e-01
-7.113769585266709328e-01 -1.255645401775836945e+01 -1.899938166025094688e-01
-6.200683647766709328e-01 -1.256536515057086945e+01 -1.899938166025094688e-01
-5.283935600891709328e-01 -1.257427628338336945e+01 -1.899938166025094688e-01
-4.369628960266709328e-01 -1.258318741619586945e+01 -1.899938166025094688e-01
-3.454101616516709328e-01 -1.259344132244586945e+01 -1.900548517587594688e-01
-2.545898491516709328e-01 -1.261370499432086945e+01 -1.905889093759469688e-01
-1.634033257141709328e-01 -1.262896378338336945e+01 -1.911687433603219688e-01
-9.771240288391709328e-01 -1.411516983807086945e+01 -2.073735773446969688e-01
-8.729980522766709328e-01 -1.412774308025836945e+01 -2.074803888681344688e-01
-7.688720757141709328e-01 -1.414031632244586945e+01 -2.075719416025094688e-01
-6.642578179016709328e-01 -1.415288956463336945e+01 -2.076634943368844688e-01
-5.600097710266709328e-01 -1.416546280682086945e+01 -2.077703058603219688e-01
-4.552734429016709328e-01 -1.417803604900836945e+01 -2.078618585946969688e-01
-3.509033257141709328e-01 -1.419060929119586945e+01 -2.079534113290719688e-01
-2.464111382141709328e-01 -1.420318253338336945e+01 -2.080449640634469688e-01
-1.211254888214170933e+00 -1.621966202557086945e+01 -2.311467707040719688e-01
-1.091015630401670933e+00 -1.624651749432086945e+01 -2.313603937509469688e-01
-9.693115288391709328e-01 -1.626189835369586945e+01 -2.314672052743844688e-01
-8.472412163391709328e-01 -1.627727921307086945e+01 -2.315892755868844688e-01
-7.254150444641709328e-01 -1.629266007244586945e+01 -2.317113458993844688e-01
-6.031005913391709328e-01 -1.630816300213336945e+01 -2.318181574228219688e-01
-4.810302788391709328e-01 -1.632354386150836945e+01 -2.319402277353219688e-01
-3.583496147766709328e-01 -1.632720597088336945e+01 -2.319707453134469688e-01
-1.484448247589170933e+00 -1.867425186932086945e+01 -2.470616876962594688e-01
-1.346752935089170933e+00 -1.873284561932086945e+01 -2.485570490243844688e-01
-1.208447271026670933e+00 -1.879180558025836945e+01 -2.500676691415719688e-01
-1.066113286651670933e+00 -1.881902725994586945e+01 -2.504949152353219688e-01
-9.165771538391709328e-01 -1.875176651775836945e+01 -2.476872980478219688e-01
-7.680175835266709328e-01 -1.868487198650836945e+01 -2.449101984384469688e-01
-6.211669975891709328e-01 -1.861883194744586945e+01 -2.421636164071969688e-01
-4.757812554016709328e-01 -1.855340225994586945e+01 -2.394475519540719688e-01
-1.735668950714170933e+00 -2.093194229900836945e+01 -2.348699152353219688e-01
-1.574291997589170933e+00 -2.094329483807086945e+01 -2.347020685556344688e-01
-1.413891606964170933e+00 -2.096538956463336945e+01 -2.343663751962594688e-01
-1.251904302276670933e+00 -2.097674210369586945e+01 -2.341832697275094688e-01
-1.090283208526670933e+00 -2.098565323650836945e+01 -2.339391291025094688e-01
-9.264648491516709328e-01 -2.096905167400836945e+01 -2.329473078134469688e-01
-7.630127007141709328e-01 -2.094182999432086945e+01 -2.321080744150094688e-01
-6.009033257141709328e-01 -2.092535050213336945e+01 -2.311315119150094688e-01
-2.025219731964170933e+00 -2.353484757244586945e+01 -2.099370539071969688e-01
-1.838574224151670933e+00 -2.351189835369586945e+01 -2.088536798837594688e-01
-1.652416997589170933e+00 -2.348907120525836945e+01 -2.077855646493844688e-01
-1.465771489776670933e+00 -2.345977433025836945e+01 -2.065496027353219688e-01
-1.277050786651670933e+00 -2.338641007244586945e+01 -2.042150080087594688e-01
-1.089428716339170933e+00 -2.331707413494586945e+01 -2.019872248056344688e-01
-9.064453179016709328e-01 -2.328936417400836945e+01 -2.008122980478219688e-01
-7.240722710266709328e-01 -2.326177628338336945e+01 -1.996221125009469688e-01
-2.572216802276670933e+00 -2.845037491619586945e+01 -2.084569513681344688e-01
-2.322460942901670933e+00 -2.821551163494586945e+01 -2.031621515634469688e-01
-2.072460942901670933e+00 -2.793426163494586945e+01 -1.969213068368844688e-01
-1.785473638214170933e+00 -2.717229874432086945e+01 -1.809606134775094688e-01
-1.572216802276670933e+00 -2.718230850994586945e+01 -1.806554376962594688e-01
-1.358349614776670933e+00 -2.719231827557086945e+01 -1.803502619150094688e-01
-1.138989263214170933e+00 -2.709930069744586945e+01 -1.779546320321969688e-01
-9.134033257141709328e-01 -2.685223038494586945e+01 -1.724767267587594688e-01
-2.684277349151670933e+00 -2.945708878338336945e+01 -9.958549140719696879e-02
-2.794995122589170933e+00 -3.280816300213336945e+01 -1.516179621103219688e-01
-2.167309575714170933e+00 -2.893719132244586945e+01 -9.052177070407196879e-02
-1.958325200714170933e+00 -2.917864640057086945e+01 -9.383292793063446879e-02
-1.885205083526670933e+00 -3.120721085369586945e+01 -1.250524103525094688e-01
-1.522290044464170933e+00 -2.955437882244586945e+01 -9.876151679782196879e-02
-1.148022466339170933e+00 -2.724493058025836945e+01 -6.232352851657196879e-02
-1.079296880401670933e+00 -2.999578507244586945e+01 -1.047124445321969688e-01
-2.670361333526670933e+00 -2.933111222088336945e+01 3.041939140530303121e-02
-2.424267583526670933e+00 -2.920354874432086945e+01 3.220466972561553121e-02
-2.193432622589170933e+00 -2.921294815838336945e+01 3.247932792874053121e-02
-1.957592778839170933e+00 -2.916997940838336945e+01 3.333382011624053121e-02
-1.720166021026670933e+00 -2.908367569744586945e+01 3.466133476467803121e-02
-1.514599614776670933e+00 -2.944073136150836945e+01 3.110603691311553121e-02
-1.148266606964170933e+00 -2.724602921307086945e+01 5.559639335842803121e-02
-1.044506841339170933e+00 -2.933282120525836945e+01 3.304390312405303121e-02
-2.622875981964170933e+00 -2.890447647869586945e+01 1.618586003896780312e-01
-2.399731450714170933e+00 -2.896490128338336945e+01 1.617517888662405312e-01
-2.193066411651670933e+00 -2.920818741619586945e+01 1.597986638662405312e-01
-1.953930669464170933e+00 -2.912578995525836945e+01 1.606226384756155312e-01
-1.719067388214170933e+00 -2.906707413494586945e+01 1.612940251943655312e-01
-1.502270513214170933e+00 -2.926128800213336945e+01 1.603327214834280312e-01
-1.148388677276670933e+00 -2.724700577557086945e+01 1.741266667959280312e-01
-1.036694341339170933e+00 -2.918120987713336945e+01 1.621027410146780312e-01
-2.665356450714170933e+00 -2.928631241619586945e+01 2.871790349599905312e-01
-2.407543950714170933e+00 -2.904070694744586945e+01 2.878351628896780312e-01
-2.192211919464170933e+00 -2.919781143963336945e+01 2.877436101553030312e-01
-1.952709966339170933e+00 -2.911089737713336945e+01 2.881098210928030312e-01
-1.755200200714170933e+00 -2.953081925213336945e+01 2.875605046865530312e-01
-1.487622075714170933e+00 -2.904974015057086945e+01 2.886286199209280312e-01
-1.148632817901670933e+00 -2.724810440838336945e+01 2.920313298818655312e-01
-1.086132817901670933e+00 -3.011712296307086945e+01 2.871332585928030312e-01
-2.667309575714170933e+00 -2.930315811932086945e+01 4.156732976553030312e-01
-2.395825200714170933e+00 -2.892620499432086945e+01 4.140558660146780312e-01
-2.131787114776670933e+00 -2.855852921307086945e+01 4.131403386709280312e-01
-1.874340825714170933e+00 -2.819988663494586945e+01 4.122553289053030312e-01
-1.624829106964170933e+00 -2.785235245525836945e+01 4.114008367178030312e-01
-1.381176763214170933e+00 -2.751311905682086945e+01 4.105616033193655312e-01
-1.144848638214170933e+00 -2.718401749432086945e+01 4.097376287099905312e-01
-9.193847710266709328e-01 -2.695086319744586945e+01 4.098139226553030312e-01
-2.669628911651670933e+00 -2.932427628338336945e+01 5.436487615224905312e-01
-2.398022466339170933e+00 -2.894707901775836945e+01 5.408869207021780312e-01
-2.132275396026670933e+00 -2.856219132244586945e+01 5.380487859365530312e-01
-1.873120122589170933e+00 -2.818511612713336945e+01 5.352869451162405312e-01
-1.622387700714170933e+00 -2.782012589275836945e+01 5.326013982412405312e-01
-1.377880864776670933e+00 -2.746441300213336945e+01 5.299921453115530312e-01
-1.142651372589170933e+00 -2.714495499432086945e+01 5.276422917959280312e-01
-9.164550835266709328e-01 -2.689349015057086945e+01 5.258112371084280312e-01
-2.670605474151670933e+00 -2.933221085369586945e+01 6.723261296865530312e-01
-2.395947271026670933e+00 -2.892632706463336945e+01 6.666956365224905312e-01
-2.129589849151670933e+00 -2.853387100994586945e+01 6.619348943349905312e-01
-1.870312505401670933e+00 -2.815166886150836945e+01 6.572809636709280312e-01
-1.619458013214170933e+00 -2.778191788494586945e+01 6.527796208974905312e-01
-1.375073247589170933e+00 -2.742168839275836945e+01 6.484003484365530312e-01
-1.140332036651670933e+00 -2.710650284588336945e+01 6.445703923818655312e-01
-9.145019585266709328e-01 -2.685381729900836945e+01 6.420984685537405312e-01
-2.784985356964170933e+00 -3.036028702557086945e+01 8.173609197256155312e-01
-2.490185552276670933e+00 -2.984246475994586945e+01 8.085871160146780312e-01
-2.309765630401670933e+00 -3.043865616619586945e+01 8.183679998037405312e-01
-2.089794927276670933e+00 -3.069927628338336945e+01 8.225489080068655312e-01
-1.854443364776670933e+00 -3.080218155682086945e+01 8.241053044912405312e-01
-1.614819341339170933e+00 -3.087517960369586945e+01 8.251734197256155312e-01
-1.373974614776670933e+00 -3.092889054119586945e+01 8.259058416006155312e-01
-1.150097661651670933e+00 -3.131560929119586945e+01 8.321924626943655312e-01
-2.888745122589170933e+00 -3.129180558025836945e+01 9.705133855459280312e-01
-2.576245122589170933e+00 -3.067791397869586945e+01 9.572077214834280312e-01
-2.380566411651670933e+00 -3.118767960369586945e+01 9.678125798818655312e-01
-2.088940435089170933e+00 -3.068719132244586945e+01 9.562006414053030312e-01
-1.883007817901670933e+00 -3.116692765057086945e+01 9.661493718740530312e-01
-1.618481450714170933e+00 -3.092657120525836945e+01 9.615259587881155312e-01
-1.406811528839170933e+00 -3.146526749432086945e+01 9.727106511709280312e-01
-1.153881841339170933e+00 -3.138543350994586945e+01 9.707727849599905312e-01
-2.859326177276670933e+00 -3.102764542400836945e+01 1.101296466600615531e+00
-2.128491216339170933e+00 -3.114556534588336945e+01 1.102608722459990531e+00
-1.910107427276670933e+00 -3.151519425213336945e+01 1.111825031053740531e+00
-1.616162114776670933e+00 -3.089117081463336945e+01 1.095360797655303031e+00
-1.402905278839170933e+00 -3.139898331463336945e+01 1.108132404100615531e+00
-1.152539067901670933e+00 -3.135479386150836945e+01 1.107384723436553031e+00
-3.327637258917093277e-02 -1.016485245525836945e+01 -1.923589289071969688e-01
3.801268991082906723e-02 -1.017303116619586945e+01 -1.924199640634469688e-01
1.094238227233290672e-01 -1.017730362713336945e+01 -1.924504816415719688e-01
1.812011664733290672e-01 -1.018157608807086945e+01 -1.924962580087594688e-01
2.527343695983290672e-01 -1.018584854900836945e+01 -1.925267755868844688e-01
3.246337836608290672e-01 -1.019012100994586945e+01 -1.925572931650094688e-01
3.962890570983290672e-01 -1.019439347088336945e+01 -1.925878107431344688e-01
4.679443305358290672e-01 -1.019475968182086945e+01 -1.925878107431344688e-01
-7.453613821417093277e-02 -1.094903214275836945e+01 -1.973332941415719688e-01
3.833002410829067230e-03 -1.094280655682086945e+01 -1.967382013681344688e-01
8.208007272332906723e-02 -1.093658097088336945e+01 -1.961431085946969688e-01
1.603271430358290672e-01 -1.093438370525836945e+01 -1.955480158212594688e-01
2.383300727233290672e-01 -1.092815811932086945e+01 -1.949529230478219688e-01
3.165771430358290672e-01 -1.091790421307086945e+01 -1.943578302743844688e-01
3.942138617858290672e-01 -1.091180069744586945e+01 -1.937627375009469688e-01
4.718505805358290672e-01 -1.090557511150836945e+01 -1.931676447275094688e-01
-1.182373100891709328e-01 -1.177911026775836945e+01 -1.974706232431344688e-01
-3.315430227667093277e-02 -1.177581436932086945e+01 -1.970433771493844688e-01
5.205077584832906723e-02 -1.176824600994586945e+01 -1.964025080087594688e-01
1.373779242858290672e-01 -1.176067765057086945e+01 -1.957463800790719688e-01
2.223388617858290672e-01 -1.175323136150836945e+01 -1.950902521493844688e-01
3.072997992858290672e-01 -1.174566300213336945e+01 -1.944493830087594688e-01
3.918945258483290672e-01 -1.173821671307086945e+01 -1.938085138681344688e-01
4.763671820983290672e-01 -1.173064835369586945e+01 -1.931523859384469688e-01
-1.630371147766709328e-01 -1.262908585369586945e+01 -1.911687433603219688e-01
-7.160645071417093277e-02 -1.264251358807086945e+01 -1.912755548837594688e-01
2.080077584832906723e-02 -1.263457901775836945e+01 -1.906346857431344688e-01
1.133300727233290672e-01 -1.262664444744586945e+01 -1.899938166025094688e-01
2.048828070983290672e-01 -1.265081436932086945e+01 -1.908635675790719688e-01
2.970458930358290672e-01 -1.267510636150836945e+01 -1.917638361337594688e-01
3.892089789733290672e-01 -1.269927628338336945e+01 -1.926488458993844688e-01
4.817382758483290672e-01 -1.271685440838336945e+01 -1.934880792978219688e-01
-2.460449272766709328e-01 -1.420318253338336945e+01 -2.080449640634469688e-01
-1.413085991516709328e-01 -1.421136124432086945e+01 -2.081059992196969688e-01
-3.632813040167093277e-02 -1.421966202557086945e+01 -2.081822931650094688e-01
6.901854928582906723e-02 -1.422796280682086945e+01 -2.082433283212594688e-01
1.739990180358290672e-01 -1.423626358807086945e+01 -2.083043634775094688e-01
2.795898383483290672e-01 -1.424456436932086945e+01 -2.083653986337594688e-01
3.848144477233290672e-01 -1.425286515057086945e+01 -2.084264337900094688e-01
4.902831977233290672e-01 -1.426116593182086945e+01 -2.084874689462594688e-01
-3.579834038391709328e-01 -1.632708390057086945e+01 -2.319554865243844688e-01
-2.361572319641709328e-01 -1.634942276775836945e+01 -2.321385919931344688e-01
-1.135986382141709328e-01 -1.636016495525836945e+01 -2.322148859384469688e-01
1.030272897332906723e-02 -1.634258683025836945e+01 -2.312078058603219688e-01
1.335937445983290672e-01 -1.632281143963336945e+01 -2.301244318368844688e-01
2.567626899108290672e-01 -1.630291397869586945e+01 -2.290257990243844688e-01
3.791992133483290672e-01 -1.628326065838336945e+01 -2.279424250009469688e-01
5.011474555358290672e-01 -1.625188858807086945e+01 -2.267674982431344688e-01
-4.752929741516709328e-01 -1.855279190838336945e+01 -2.394170343759469688e-01
-3.322265679016709328e-01 -1.851433975994586945e+01 -2.377538263681344688e-01
-1.905029350891709328e-01 -1.849309952557086945e+01 -2.366704523446969688e-01
-4.841309133917093277e-02 -1.845928604900836945e+01 -2.351598322275094688e-01
9.306640084832906723e-02 -1.840630753338336945e+01 -2.329930841806344688e-01
2.339355414733290672e-01 -1.835332901775836945e+01 -2.308415949228219688e-01
3.735839789733290672e-01 -1.830096085369586945e+01 -2.287206232431344688e-01
5.121337836608290672e-01 -1.824895890057086945e+01 -2.265996515634469688e-01
-6.002929741516709328e-01 -2.092498429119586945e+01 -2.311162531259469688e-01
-4.384277397766709328e-01 -2.090618546307086945e+01 -2.301702082040719688e-01
-2.772949272766709328e-01 -2.089812882244586945e+01 -2.290563166025094688e-01
-1.155517632141709328e-01 -2.087945206463336945e+01 -2.281102716806344688e-01
4.594726022332906723e-02 -2.082659561932086945e+01 -2.261724054696969688e-01
2.073242133483290672e-01 -2.075591690838336945e+01 -2.237004816415719688e-01
3.668701117858290672e-01 -2.066997940838336945e+01 -2.212743341806344688e-01
5.250732367858290672e-01 -2.060064347088336945e+01 -2.188481867196969688e-01
-7.234619194641709328e-01 -2.326141007244586945e+01 -1.996221125009469688e-01
-5.416992241516709328e-01 -2.323162491619586945e+01 -1.984471857431344688e-01
-3.604248100891709328e-01 -2.320196183025836945e+01 -1.973027765634469688e-01
-1.791503960266709328e-01 -2.317229874432086945e+01 -1.961431085946969688e-01
4.150336608290672302e-04 -2.316753800213336945e+01 -1.955937921884469688e-01
1.803466742858290672e-01 -2.318072159588336945e+01 -1.955022394540719688e-01
3.597900336608290672e-01 -2.315569718182086945e+01 -1.944646417978219688e-01
5.387451117858290672e-01 -2.311736710369586945e+01 -1.930913507821969688e-01
-9.126709038391709328e-01 -2.685052140057086945e+01 -1.724309503915719688e-01
-6.916015679016709328e-01 -2.660845597088336945e+01 -1.670903742196969688e-01
-4.748046929016709328e-01 -2.637115128338336945e+01 -1.618413507821969688e-01
-2.615478569641709328e-01 -2.613750870525836945e+01 -1.566686212900094688e-01
-5.292969290167093277e-02 -2.590911515057086945e+01 -1.516179621103219688e-01
1.523925727233290672e-01 -2.568426163494586945e+01 -1.466435968759469688e-01
3.531982367858290672e-01 -2.546429093182086945e+01 -1.417913019540719688e-01
5.502197211608290672e-01 -2.524078018963336945e+01 -1.368627130868844688e-01
-1.078320317901670933e+00 -2.999285538494586945e+01 -1.046666681650094688e-01
-8.230712944641709328e-01 -2.956914933025836945e+01 -9.757133125094696879e-02
-5.750244194641709328e-01 -2.914483292400836945e+01 -9.047599433688446879e-02
-3.286865288391709328e-01 -2.855511124432086945e+01 -8.084769843844696879e-02
-1.001709038391709328e-01 -2.833343155682086945e+01 -7.692618964938446879e-02
1.265136664733290672e-01 -2.800213272869586945e+01 -7.132621406344696879e-02
3.467285102233290672e-01 -2.770025284588336945e+01 -6.619926093844696879e-02
5.623046820983290672e-01 -2.745757706463336945e+01 -6.198783515719696879e-02
-1.043652349151670933e+00 -2.933196671307086945e+01 3.305916191311553121e-02
-9.320800835266709328e-01 -3.202154190838336945e+01 4.052203905303031206e-03
-6.560791069641709328e-01 -3.138604386150836945e+01 1.151375175686553121e-02
-3.965576225891709328e-01 -3.099334366619586945e+01 1.630501152249053121e-02
-1.447265679016709328e-01 -3.061248429119586945e+01 2.095894218655303121e-02
9.868163522332906723e-02 -3.049151261150836945e+01 2.277473808499053121e-02
3.309814399108290672e-01 -3.325811417400836945e+01 -6.827312696259468794e-03
7.567626899108290672e-01 -6.282378800213336945e+01 -3.272466242196969688e-01
-1.035961919464170933e+00 -2.918157608807086945e+01 1.621027410146780312e-01
-8.437011772766709328e-01 -3.002447159588336945e+01 1.571894109365530312e-01
-6.157959038391709328e-01 -3.026360733807086945e+01 1.554193914053030312e-01
-3.802002007141709328e-01 -3.039519913494586945e+01 1.550531804678030312e-01
-1.398437554016709328e-01 -3.034795792400836945e+01 1.558161199209280312e-01
1.041747992858290672e-01 -2.997246964275836945e+01 1.586389958974905312e-01
3.401367133483290672e-01 -2.988909561932086945e+01 1.603022039053030312e-01
5.842773383483290672e-01 -3.155254776775836945e+01 1.503687322256155312e-01
-1.085400396026670933e+00 -3.011675675213336945e+01 2.871332585928030312e-01
-8.438232475891709328e-01 -3.002190811932086945e+01 2.877283513662405312e-01
-6.035888725891709328e-01 -2.991875870525836945e+01 2.883387029287405312e-01
-3.811767632141709328e-01 -3.042522843182086945e+01 2.878961980459280312e-01
-1.381347710266709328e-01 -3.024773819744586945e+01 2.886286199209280312e-01
1.033203070983290672e-01 -3.002227433025836945e+01 2.894373357412405312e-01
3.378173774108290672e-01 -3.060210831463336945e+01 2.889032781240530312e-01
5.830566352233290672e-01 -3.140154679119586945e+01 2.880030095693655312e-01
-9.185302788391709328e-01 -2.694915421307086945e+01 4.097986638662405312e-01
-8.443115288391709328e-01 -3.003130753338336945e+01 4.182520330068655312e-01
-6.031005913391709328e-01 -2.990032608807086945e+01 4.182825505849905312e-01
-3.778808647766709328e-01 -3.029864151775836945e+01 4.198236882803030312e-01
-1.363037163391709328e-01 -3.014641983807086945e+01 4.197931707021780312e-01
9.794921334832906723e-02 -3.048431046307086945e+01 4.211817205068655312e-01
3.394042914733290672e-01 -2.996563370525836945e+01 4.200830876943655312e-01
5.819580024108290672e-01 -3.125872452557086945e+01 4.249811589834280312e-01
-9.157226616516709328e-01 -2.689165909588336945e+01 5.257959783193655312e-01
-6.942871147766709328e-01 -2.664580948650836945e+01 5.243006169912405312e-01
-4.771240288391709328e-01 -2.640472061932086945e+01 5.228357732412405312e-01
-2.635009819641709328e-01 -2.616741593182086945e+01 5.214014470693655312e-01
-5.463867727667093277e-02 -2.593560440838336945e+01 5.199823796865530312e-01
1.508056586608290672e-01 -2.570745499432086945e+01 5.186090886709280312e-01
3.517333930358290672e-01 -2.548431046307086945e+01 5.172510564443655312e-01
5.488769477233290672e-01 -2.526531632244586945e+01 5.159235417959280312e-01
-9.137695366516709328e-01 -2.685198624432086945e+01 6.420679509756155312e-01
-6.924560600891709328e-01 -2.660308487713336945e+01 6.387720525381155312e-01
-4.757812554016709328e-01 -2.636260636150836945e+01 6.361933171865530312e-01
-2.627685600891709328e-01 -2.613372452557086945e+01 6.337366521474905312e-01
-5.439453665167093277e-02 -2.590996964275836945e+01 6.313410222646780312e-01
1.508056586608290672e-01 -2.568951065838336945e+01 6.289759099599905312e-01
3.514892524108290672e-01 -2.547381241619586945e+01 6.266718328115530312e-01
5.486328070983290672e-01 -2.526141007244586945e+01 6.249781072256155312e-01
-1.133862310089170933e+00 -3.102361710369586945e+01 8.273249089834280312e-01
-8.925293022766709328e-01 -3.110345108807086945e+01 8.290033757803030312e-01
-6.387451225891709328e-01 -3.087286026775836945e+01 8.254938542959280312e-01
-3.919189507141709328e-01 -3.077618058025836945e+01 8.242273748037405312e-01
-1.574218804016709328e-01 -3.118926651775836945e+01 8.314447820303030312e-01
6.364745553582906723e-02 -3.349053604900836945e+01 8.701563298818655312e-01
3.291503852233290672e-01 -3.325799210369586945e+01 8.666468083974905312e-01
-1.153271489776670933e+00 -3.138885147869586945e+01 9.708338201162405312e-01
-8.872802788391709328e-01 -3.098089249432086945e+01 9.624872624990530312e-01
-3.915527397766709328e-01 -3.075640518963336945e+01 9.576197087881155312e-01
-1.465576225891709328e-01 -3.062163956463336945e+01 9.550714910146780312e-01
3.289062445983290672e-01 -3.321856339275836945e+01 1.011681598436553031e+00
-1.151928716339170933e+00 -3.135955460369586945e+01 1.107506793749053031e+00
3.285400336608290672e-01 -3.323125870525836945e+01 1.156914752733428031e+00
4.681884711608290672e-01 -1.019488175213336945e+01 -1.926030695321969688e-01
5.398437445983290672e-01 -1.019976456463336945e+01 -1.926335871103219688e-01
6.114990180358290672e-01 -1.019158585369586945e+01 -1.920842707040719688e-01
6.831542914733290672e-01 -1.018340714275836945e+01 -1.915349542978219688e-01
7.545654242858290672e-01 -1.017535050213336945e+01 -1.909856378915719688e-01
8.260986274108290672e-01 -1.016729386150836945e+01 -1.904515802743844688e-01
8.972656195983290672e-01 -1.015923722088336945e+01 -1.899022638681344688e-01
9.686767524108290672e-01 -1.015667374432086945e+01 -1.899022638681344688e-01
4.720947211608290672e-01 -1.090569718182086945e+01 -1.931676447275094688e-01
5.494872992858290672e-01 -1.089641983807086945e+01 -1.925725519540719688e-01
6.268798774108290672e-01 -1.088714249432086945e+01 -1.919927179696969688e-01
7.043945258483290672e-01 -1.088189347088336945e+01 -1.913976251962594688e-01
7.815429633483290672e-01 -1.087273819744586945e+01 -1.908025324228219688e-01
8.586914008483290672e-01 -1.085943253338336945e+01 -1.902226984384469688e-01
9.358398383483290672e-01 -1.085552628338336945e+01 -1.899327814462594688e-01
1.013354486785829067e+00 -1.085662491619586945e+01 -1.899327814462594688e-01
4.766113227233290672e-01 -1.173089249432086945e+01 -1.931676447275094688e-01
5.608398383483290672e-01 -1.172015030682086945e+01 -1.925267755868844688e-01
6.450683539733290672e-01 -1.170940811932086945e+01 -1.918859064462594688e-01
7.292968695983290672e-01 -1.169878800213336945e+01 -1.912450373056344688e-01
8.131591742858290672e-01 -1.168816788494586945e+01 -1.906041681650094688e-01
8.972656195983290672e-01 -1.167754776775836945e+01 -1.899632990243844688e-01
9.814941352233290672e-01 -1.167913468182086945e+01 -1.899632990243844688e-01
1.065844721160829067e+00 -1.168072159588336945e+01 -1.899632990243844688e-01
4.821044867858290672e-01 -1.271709854900836945e+01 -1.935033380868844688e-01
5.749999945983290672e-01 -1.274432022869586945e+01 -1.944188654306344688e-01
6.683837836608290672e-01 -1.276482804119586945e+01 -1.952886164071969688e-01
7.623779242858290672e-01 -1.278557999432086945e+01 -1.961583673837594688e-01
8.564941352233290672e-01 -1.280620987713336945e+01 -1.970433771493844688e-01
9.503662055358290672e-01 -1.280645401775836945e+01 -1.969365656259469688e-01
1.043139643035829067e+00 -1.279143936932086945e+01 -1.961125910165719688e-01
1.135302728973329067e+00 -1.276958878338336945e+01 -1.952428400400094688e-01
4.906494086608290672e-01 -1.426141007244586945e+01 -2.085027277353219688e-01
5.961181586608290672e-01 -1.426531632244586945e+01 -2.085332453134469688e-01
7.017089789733290672e-01 -1.426922257244586945e+01 -2.085637628915719688e-01
8.076660102233290672e-01 -1.427325089275836945e+01 -2.085942804696969688e-01
9.133789008483290672e-01 -1.427361710369586945e+01 -2.084722101571969688e-01
1.018603510223329067e+00 -1.425481827557086945e+01 -2.075261652353219688e-01
1.123217768035829067e+00 -1.423614151775836945e+01 -2.065801203134469688e-01
1.227587885223329067e+00 -1.421746475994586945e+01 -2.056493341806344688e-01
5.016357367858290672e-01 -1.625201065838336945e+01 -2.267827570321969688e-01
6.230956977233290672e-01 -1.621575577557086945e+01 -2.248448908212594688e-01
7.437011664733290672e-01 -1.617242081463336945e+01 -2.229985773446969688e-01
8.643066352233290672e-01 -1.612920792400836945e+01 -2.211522638681344688e-01
9.836914008483290672e-01 -1.608636124432086945e+01 -2.193364679696969688e-01
1.102954096160829067e+00 -1.604351456463336945e+01 -2.175206720712594688e-01
1.221118158660829067e+00 -1.600103409588336945e+01 -2.157048761728219688e-01
1.338061518035829067e+00 -1.594988663494586945e+01 -2.139195978525094688e-01
5.126220649108290672e-01 -1.824895890057086945e+01 -2.265996515634469688e-01
6.503173774108290672e-01 -1.819341690838336945e+01 -2.244939386728219688e-01
7.872802680358290672e-01 -1.813836319744586945e+01 -2.224034845712594688e-01
9.235107367858290672e-01 -1.807745011150836945e+01 -2.201146662118844688e-01
1.057543939910829067e+00 -1.799309952557086945e+01 -2.170476496103219688e-01
1.190722650848329067e+00 -1.790935929119586945e+01 -2.139958917978219688e-01
1.322436518035829067e+00 -1.783037979900836945e+01 -2.111119806650094688e-01
1.453662103973329067e+00 -1.776311905682086945e+01 -2.086247980478219688e-01
5.255615180358290672e-01 -2.060064347088336945e+01 -2.188481867196969688e-01
6.825439399108290672e-01 -2.052825577557086945e+01 -2.164525568368844688e-01
8.387939399108290672e-01 -2.047210343182086945e+01 -2.140721857431344688e-01
9.943115180358290672e-01 -2.040044815838336945e+01 -2.116918146493844688e-01
1.148120111785829067e+00 -2.032952530682086945e+01 -2.093419611337594688e-01
1.301440424285829067e+00 -2.025884659588336945e+01 -2.070073664071969688e-01
1.452197260223329067e+00 -2.017351944744586945e+01 -2.047032892587594688e-01
1.602832025848329067e+00 -2.010418350994586945e+01 -2.023992121103219688e-01
5.393554633483290672e-01 -2.311724503338336945e+01 -1.930913507821969688e-01
7.177001899108290672e-01 -2.307622940838336945e+01 -1.917333185556344688e-01
8.954345649108290672e-01 -2.303521378338336945e+01 -1.903752863290719688e-01
1.073168939910829067e+00 -2.299419815838336945e+01 -1.890172541025094688e-01
1.249682611785829067e+00 -2.295354874432086945e+01 -1.876744806650094688e-01
1.426318353973329067e+00 -2.291277725994586945e+01 -1.863164484384469688e-01
1.601367182098329067e+00 -2.286504776775836945e+01 -1.848058283212594688e-01
1.777148432098329067e+00 -2.284002335369586945e+01 -1.838445246103219688e-01
5.509521430358290672e-01 -2.523968155682086945e+01 -1.368321955087594688e-01
7.451660102233290672e-01 -2.507940323650836945e+01 -1.332158625009469688e-01
9.369384711608290672e-01 -2.492120011150836945e+01 -1.296300470712594688e-01
1.126879877410829067e+00 -2.476446183025836945e+01 -1.260900080087594688e-01
1.313769525848329067e+00 -2.461028702557086945e+01 -1.225957453134469688e-01
1.498828119598329067e+00 -2.445745499432086945e+01 -1.191472589853219688e-01
1.681079096160829067e+00 -2.430718643963336945e+01 -1.157445490243844688e-01
1.860888666473329067e+00 -2.415862686932086945e+01 -1.123876154306344688e-01
5.630371039733290672e-01 -2.745696671307086945e+01 -6.197257636813446879e-02
7.764160102233290672e-01 -2.735491593182086945e+01 -5.991263984469696879e-02
9.875976508483290672e-01 -2.722161515057086945e+01 -5.737968086032196879e-02
1.196215814910829067e+00 -2.704754288494586945e+01 -5.420585273532196879e-02
1.401293939910829067e+00 -2.687627823650836945e+01 -5.109305976657196879e-02
1.600756830535829067e+00 -2.662713272869586945e+01 -4.679008125094696879e-02
1.804492182098329067e+00 -2.653875382244586945e+01 -4.495902656344696879e-02
1.944750971160829067e+00 -2.547808487713336945e+01 -2.825065254000946879e-02
7.585937445983290672e-01 -6.281609757244586945e+01 -3.271703302743844688e-01
7.968017524108290672e-01 -2.884588272869586945e+01 4.215340019436553121e-02
1.531298822723329067e+00 -5.179790909588336945e+01 -2.055272638681344688e-01
1.944995111785829067e+00 -5.163421280682086945e+01 -2.027349054696969688e-01
1.469165033660829067e+00 -2.863421280682086945e+01 4.609016777249053121e-02
1.655322260223329067e+00 -2.778997452557086945e+01 5.571846367092803121e-02
1.807543939910829067e+00 -2.659978897869586945e+01 6.902412773342803121e-02
2.015185541473329067e+00 -2.658843643963336945e+01 6.964973808499053121e-02
5.851318305358290672e-01 -3.155425675213336945e+01 1.503534734365530312e-01
1.373095697723329067e+00 -7.055352433025836945e+01 -9.187980293063446879e-02
1.540332025848329067e+00 -5.223321183025836945e+01 2.207283378811553121e-02
1.954028314910829067e+00 -5.195037491619586945e+01 2.491096855374053121e-02
1.450732416473329067e+00 -2.816875870525836945e+01 1.731501042959280312e-01
1.693286127410829067e+00 -2.860528214275836945e+01 1.710291326162405312e-01
1.866870111785829067e+00 -2.767693741619586945e+01 1.779566228506155312e-01
2.017138666473329067e+00 -2.662408097088336945e+01 1.849451482412405312e-01
5.840331977233290672e-01 -3.140313370525836945e+01 2.880030095693655312e-01
1.574633783660829067e+00 -8.520342667400836945e+01 2.001734197256155312e-01
2.225390619598329067e+00 -8.323943741619586945e+01 2.052698552724905312e-01
1.977465814910829067e+00 -5.274139054119586945e+01 2.559137761709280312e-01
2.394946283660829067e+00 -5.253875382244586945e+01 2.574091374990530312e-01
1.641040033660829067e+00 -2.750347550213336945e+01 2.974634587881155312e-01
1.881030268035829067e+00 -2.794024308025836945e+01 2.973871648428030312e-01
2.019213861785829067e+00 -2.666448624432086945e+01 2.999201238271780312e-01
5.829345649108290672e-01 -3.126055558025836945e+01 4.249811589834280312e-01
1.634326166473329067e+00 -8.959722550213336945e+01 5.963068425771780312e-01
2.377246088348329067e+00 -9.015081436932086945e+01 6.000757634756155312e-01
3.140185541473329067e+00 -9.096673233807086945e+01 6.046534001943655312e-01
3.535571283660829067e+00 -8.199737198650836945e+01 5.798120916006155312e-01
1.665454096160829067e+00 -2.802972061932086945e+01 4.180536687490530312e-01
1.880175775848329067e+00 -2.793047745525836945e+01 4.183893621084280312e-01
2.022021478973329067e+00 -2.671270401775836945e+01 4.158869207021780312e-01
5.496093695983290672e-01 -2.526385147869586945e+01 5.159082830068655312e-01
7.438232367858290672e-01 -2.509307511150836945e+01 5.152216374990530312e-01
9.355956977233290672e-01 -2.493401749432086945e+01 5.146265447256155312e-01
1.125537103973329067e+00 -2.477642472088336945e+01 5.140161931631155312e-01
1.312304682098329067e+00 -2.462139542400836945e+01 5.134363591787405312e-01
1.497485346160829067e+00 -2.446795304119586945e+01 5.128412664053030312e-01
1.679614252410829067e+00 -2.431682999432086945e+01 5.122766912099905312e-01
1.859423822723329067e+00 -2.416753800213336945e+01 5.117121160146780312e-01
5.493652289733290672e-01 -2.525994522869586945e+01 6.249628484365530312e-01
7.435790961608290672e-01 -2.509270890057086945e+01 6.229944646474905312e-01
9.353515570983290672e-01 -2.493597061932086945e+01 6.217127263662405312e-01
1.125292963348329067e+00 -2.478069718182086945e+01 6.204462468740530312e-01
1.312304682098329067e+00 -2.462786515057086945e+01 6.192102849599905312e-01
1.497485346160829067e+00 -2.447637589275836945e+01 6.179743230459280312e-01
1.679858393035829067e+00 -2.432745011150836945e+01 6.167688787099905312e-01
1.859790033660829067e+00 -2.417974503338336945e+01 6.161127507803030312e-01
3.514697260223329067e+00 -5.747771866619586945e+01 1.280892413866240531e+00
3.997973627410829067e+00 -5.776018936932086945e+01 1.287240070116240531e+00
3.433276361785829067e+00 -5.602203018963336945e+01 1.507378619920928031e+00
3.990283197723329067e+00 -5.765313370525836945e+01 1.544076007616240531e+00
3.521044916473329067e+00 -5.762188370525836945e+01 1.798760455858428031e+00
9.689208930358290672e-01 -1.015655167400836945e+01 -1.899022638681344688e-01
1.040698236785829067e+00 -1.015789444744586945e+01 -1.899022638681344688e-01
1.112353510223329067e+00 -1.015569718182086945e+01 -1.899022638681344688e-01
1.184252924285829067e+00 -1.015349991619586945e+01 -1.899022638681344688e-01
1.256030268035829067e+00 -1.015130265057086945e+01 -1.899022638681344688e-01
1.328173822723329067e+00 -1.014922745525836945e+01 -1.899022638681344688e-01
1.400073236785829067e+00 -1.014703018963336945e+01 -1.899022638681344688e-01
1.471606439910829067e+00 -1.014141495525836945e+01 -1.899022638681344688e-01
1.013598627410829067e+00 -1.085662491619586945e+01 -1.899327814462594688e-01
1.090991205535829067e+00 -1.085467179119586945e+01 -1.899327814462594688e-01
1.168383783660829067e+00 -1.085271866619586945e+01 -1.899327814462594688e-01
1.246630853973329067e+00 -1.085479386150836945e+01 -1.899327814462594688e-01
1.324267572723329067e+00 -1.085284073650836945e+01 -1.899327814462594688e-01
1.401782221160829067e+00 -1.084685929119586945e+01 -1.899327814462594688e-01
1.479663080535829067e+00 -1.084490616619586945e+01 -1.899327814462594688e-01
1.557543939910829067e+00 -1.084295304119586945e+01 -1.899327814462594688e-01
1.066210932098329067e+00 -1.168059952557086945e+01 -1.899480402353219688e-01
1.150439447723329067e+00 -1.167901261150836945e+01 -1.899480402353219688e-01
1.234790033660829067e+00 -1.167730362713336945e+01 -1.899480402353219688e-01
1.319506830535829067e+00 -1.167571671307086945e+01 -1.899480402353219688e-01
1.404101557098329067e+00 -1.167412979900836945e+01 -1.899480402353219688e-01
1.489062494598329067e+00 -1.167242081463336945e+01 -1.899480402353219688e-01
1.573779291473329067e+00 -1.167083390057086945e+01 -1.899480402353219688e-01
1.658740228973329067e+00 -1.166924698650836945e+01 -1.899480402353219688e-01
1.135546869598329067e+00 -1.276958878338336945e+01 -1.952428400400094688e-01
1.228198236785829067e+00 -1.275738175213336945e+01 -1.944493830087594688e-01
1.320117182098329067e+00 -1.273846085369586945e+01 -1.935948908212594688e-01
1.412280268035829067e+00 -1.271953995525836945e+01 -1.927556574228219688e-01
1.503833002410829067e+00 -1.270061905682086945e+01 -1.919011652353219688e-01
1.595629877410829067e+00 -1.268169815838336945e+01 -1.910619318368844688e-01
1.686938471160829067e+00 -1.266289933025836945e+01 -1.902226984384469688e-01
1.778979486785829067e+00 -1.265130265057086945e+01 -1.899938166025094688e-01
1.227954096160829067e+00 -1.421734268963336945e+01 -2.056340753915719688e-01
1.331835932098329067e+00 -1.419451554119586945e+01 -2.046727716806344688e-01
1.435473627410829067e+00 -1.417156632244586945e+01 -2.036962091806344688e-01
1.539233393035829067e+00 -1.414873917400836945e+01 -2.027349054696969688e-01
1.642504877410829067e+00 -1.412603409588336945e+01 -2.017736017587594688e-01
1.745776361785829067e+00 -1.410320694744586945e+01 -2.008122980478219688e-01
1.848559564910829067e+00 -1.408050186932086945e+01 -1.998509943368844688e-01
1.951220697723329067e+00 -1.405791886150836945e+01 -1.989049494150094688e-01
1.338427728973329067e+00 -1.594952042400836945e+01 -2.139043390634469688e-01
1.455737299285829067e+00 -1.591289933025836945e+01 -2.121190607431344688e-01
1.571948236785829067e+00 -1.586748917400836945e+01 -2.103490412118844688e-01
1.687915033660829067e+00 -1.582207901775836945e+01 -2.085790216806344688e-01
1.803027338348329067e+00 -1.577715714275836945e+01 -2.068090021493844688e-01
1.917895502410829067e+00 -1.573223526775836945e+01 -2.050542414071969688e-01
2.031787103973329067e+00 -1.568767960369586945e+01 -2.033147394540719688e-01
2.144213861785829067e+00 -1.563457901775836945e+01 -2.016057550790719688e-01
1.454028314910829067e+00 -1.776263077557086945e+01 -2.086095392587594688e-01
1.584033197723329067e+00 -1.769292862713336945e+01 -2.061528742196969688e-01
1.713183588348329067e+00 -1.762371475994586945e+01 -2.037267267587594688e-01
1.841845697723329067e+00 -1.755474503338336945e+01 -2.013158380868844688e-01
1.971606439910829067e+00 -1.751250870525836945e+01 -1.997899591806344688e-01
2.103564447723329067e+00 -1.749041397869586945e+01 -1.989507257821969688e-01
2.234912103973329067e+00 -1.746844132244586945e+01 -1.981267511728219688e-01
2.366015619598329067e+00 -1.744646866619586945e+01 -1.972875177743844688e-01
1.603320307098329067e+00 -2.010357315838336945e+01 -2.023839533212594688e-01
1.752612299285829067e+00 -2.003130753338336945e+01 -2.000951349618844688e-01
1.902392572723329067e+00 -1.997564347088336945e+01 -1.978520929696969688e-01
2.053881830535829067e+00 -1.994182999432086945e+01 -1.966924250009469688e-01
2.204516596160829067e+00 -1.990826065838336945e+01 -1.955480158212594688e-01
2.355395502410829067e+00 -1.987456925213336945e+01 -1.943883478525094688e-01
2.503588861785829067e+00 -1.982610733807086945e+01 -1.932591974618844688e-01
2.653247064910829067e+00 -1.979278214275836945e+01 -1.921147882821969688e-01
1.777758783660829067e+00 -2.283990128338336945e+01 -1.838445246103219688e-01
1.952441400848329067e+00 -2.280376847088336945e+01 -1.826848566415719688e-01
2.135668939910829067e+00 -2.287664444744586945e+01 -1.841802179696969688e-01
2.318286127410829067e+00 -2.291875870525836945e+01 -1.849431574228219688e-01
2.501147455535829067e+00 -2.296087296307086945e+01 -1.856908380868844688e-01
2.685717768035829067e+00 -2.300347550213336945e+01 -1.864537775400094688e-01
2.870776361785829067e+00 -2.304607804119586945e+01 -1.872167169931344688e-01
3.053027338348329067e+00 -2.305852921307086945e+01 -1.872319757821969688e-01
1.861499018035829067e+00 -2.415777237713336945e+01 -1.123723566415719688e-01
2.039233393035829067e+00 -2.401104386150836945e+01 -1.090764582040719688e-01
2.224169916473329067e+00 -2.398052628338336945e+01 -1.080998957040719688e-01
2.505908197723329067e+00 -2.503350479900836945e+01 -1.286534845712594688e-01
2.698413080535829067e+00 -2.499261124432086945e+01 -1.274480402353219688e-01
2.740771478973329067e+00 -2.352752335369586945e+01 -9.799857734469696879e-02
3.073535150848329067e+00 -2.482708390057086945e+01 -1.233892023446969688e-01
3.240405268035829067e+00 -2.459185440838336945e+01 -1.183385431650094688e-01
1.945727533660829067e+00 -2.548235733807086945e+01 -2.832694648532196879e-02
2.157153314910829067e+00 -2.564922745525836945e+01 -3.040214179782196879e-02
2.332324213348329067e+00 -2.532830460369586945e+01 -2.501578925875946879e-02
2.548999018035829067e+00 -2.552300675213336945e+01 -2.750297187594696879e-02
2.762499994598329067e+00 -2.565508683025836945e+01 -2.902885078219696879e-02
2.740283197723329067e+00 -2.352715714275836945e+01 3.823322069365531206e-03
3.127368158660829067e+00 -2.530291397869586945e+01 -2.271171211032196879e-02
3.316455072723329067e+00 -2.521587784588336945e+01 -2.091117500094696879e-02
2.015917963348329067e+00 -2.658807022869586945e+01 6.966499687405303121e-02
2.154223627410829067e+00 -2.561529190838336945e+01 8.065132499905303121e-02
2.331958002410829067e+00 -2.532842667400836945e+01 8.428291679592803121e-02
2.573535150848329067e+00 -2.580389054119586945e+01 7.978157402249053121e-02
2.756396478973329067e+00 -2.559734757244586945e+01 8.254341484280303121e-02
2.739794916473329067e+00 -2.352666886150836945e+01 1.050653874990530312e-01
3.120043939910829067e+00 -2.524309952557086945e+01 8.744148613186553121e-02
3.266894525848329067e+00 -2.481512100994586945e+01 9.252266288967803121e-02
2.017749018035829067e+00 -2.662383683025836945e+01 1.849451482412405312e-01
2.145922846160829067e+00 -2.550530655682086945e+01 1.924219548818655312e-01
2.331591791473329067e+00 -2.532842667400836945e+01 1.935511052724905312e-01
2.540698236785829067e+00 -2.543975479900836945e+01 1.935358464834280312e-01
2.739062494598329067e+00 -2.542339737713336945e+01 1.942835271474905312e-01
2.739428705535829067e+00 -2.352630265057086945e+01 2.062921941396780312e-01
3.101000971160829067e+00 -2.507952530682086945e+01 1.982050359365530312e-01
3.262133783660829067e+00 -2.478033097088336945e+01 2.006311833974905312e-01
2.019946283660829067e+00 -2.666399796307086945e+01 2.999201238271780312e-01
2.137744135223329067e+00 -2.539654190838336945e+01 3.025598943349905312e-01
2.331103510223329067e+00 -2.532842667400836945e+01 3.033991277334280312e-01
2.520312494598329067e+00 -2.521429093182086945e+01 3.042841374990530312e-01
2.738085932098329067e+00 -2.541766007244586945e+01 3.047419011709280312e-01
2.738940424285829067e+00 -2.352593643963336945e+01 3.080377996084280312e-01
3.073779291473329067e+00 -2.484515030682086945e+01 3.069696843740530312e-01
3.422656244598329067e+00 -2.609502823650836945e+01 3.060694158193655312e-01
2.022631830535829067e+00 -2.671245987713336945e+01 4.158869207021780312e-01
2.208056635223329067e+00 -2.637676651775836945e+01 4.150782048818655312e-01
2.330737299285829067e+00 -2.532854874432086945e+01 4.126367986318655312e-01
2.561206049285829067e+00 -2.567913468182086945e+01 4.145594060537405312e-01
2.791430658660829067e+00 -2.597149308025836945e+01 4.163294255849905312e-01
2.738452143035829067e+00 -2.352544815838336945e+01 4.092188298818655312e-01
3.113330072723329067e+00 -2.519610245525836945e+01 4.154749333974905312e-01
3.324999994598329067e+00 -2.530205948650836945e+01 4.172296941396780312e-01
1.860034174285829067e+00 -2.416656143963336945e+01 5.116968572256155312e-01
2.037768549285829067e+00 -2.401946671307086945e+01 5.114069402334280312e-01
2.213427728973329067e+00 -2.387395890057086945e+01 5.111322820303030312e-01
2.387622064910829067e+00 -2.372967179119586945e+01 5.108576238271780312e-01
2.559374994598329067e+00 -2.358758194744586945e+01 5.105829656240530312e-01
2.729785150848329067e+00 -2.344646866619586945e+01 5.103083074209280312e-01
2.903979486785829067e+00 -2.336346085369586945e+01 5.104761541006155312e-01
3.074511713348329067e+00 -2.325933487713336945e+01 5.104761541006155312e-01
1.860400385223329067e+00 -2.417876847088336945e+01 6.160974919912405312e-01
2.038378900848329067e+00 -2.403350479900836945e+01 6.146936833974905312e-01
2.214282221160829067e+00 -2.388946183025836945e+01 6.138391912099905312e-01
2.388720697723329067e+00 -2.374651749432086945e+01 6.129999578115530312e-01
2.560717768035829067e+00 -2.360564835369586945e+01 6.121607244131155312e-01
2.731372064910829067e+00 -2.346575577557086945e+01 6.113367498037405312e-01
2.905444330535829067e+00 -2.337957413494586945e+01 6.111689031240530312e-01
3.075976557098329067e+00 -2.327471573650836945e+01 6.112909734365530312e-01
3.999560541473329067e+00 -5.776092179119586945e+01 1.287255328905303031e+00
2.042041010223329067e+00 -2.408929093182086945e+01 7.193384587881155312e-01
2.218066400848329067e+00 -2.394195206463336945e+01 7.178583562490530312e-01
2.392749018035829067e+00 -2.379583390057086945e+01 7.163782537099905312e-01
2.564868158660829067e+00 -2.365179093182086945e+01 7.149134099599905312e-01
2.735522455535829067e+00 -2.350896866619586945e+01 7.134790837881155312e-01
2.909594721160829067e+00 -2.342010147869586945e+01 7.129450261709280312e-01
3.080493158660829067e+00 -2.331499893963336945e+01 7.121210515615530312e-01
3.991625971160829067e+00 -5.764934952557086945e+01 1.543984454881865531e+00
4.443896478973329067e+00 -5.744292862713336945e+01 1.542260211717803031e+00
2.329150385223329067e+00 -2.532867081463336945e+01 8.511591374990530312e-01
2.737719721160829067e+00 -2.768719132244586945e+01 9.027491033193655312e-01
2.890429682098329067e+00 -2.700896866619586945e+01 8.893061101553030312e-01
2.996630853973329067e+00 -2.598675186932086945e+01 8.689508855459280312e-01
3.366870111785829067e+00 -2.743816788494586945e+01 9.017725408193655312e-01
3.493457025848329067e+00 -2.669439347088336945e+01 8.867884099599905312e-01
4.433154291473329067e+00 -5.730535538494586945e+01 1.795113605272490531e+00
2.328784174285829067e+00 -2.532867081463336945e+01 9.603052556631155312e-01
2.933886713348329067e+00 -2.990301163494586945e+01 1.081627887499053031e+00
5.833544916473329067e+00 -5.732378800213336945e+01 1.804314655077178031e+00
3.176074213348329067e+00 -2.769195206463336945e+01 1.026314777147490531e+00
3.298876947723329067e+00 -2.684490616619586945e+01 1.005318683397490531e+00
3.580981439910829067e+00 -2.741460831463336945e+01 1.022362750780303031e+00
1.471850580535829067e+00 -1.014129288494586945e+01 -1.899022638681344688e-01
1.543994135223329067e+00 -1.013958390057086945e+01 -1.899022638681344688e-01
1.615893549285829067e+00 -1.013445694744586945e+01 -1.899022638681344688e-01
1.688037103973329067e+00 -1.012932999432086945e+01 -1.899022638681344688e-01
1.759936518035829067e+00 -1.012408097088336945e+01 -1.899022638681344688e-01
1.832324213348329067e+00 -1.011895401775836945e+01 -1.899022638681344688e-01
1.904467768035829067e+00 -1.011370499432086945e+01 -1.899022638681344688e-01
1.976123041473329067e+00 -1.010503800213336945e+01 -1.899022638681344688e-01
1.557788080535829067e+00 -1.084283097088336945e+01 -1.899327814462594688e-01
1.635424799285829067e+00 -1.083782608807086945e+01 -1.899327814462594688e-01
1.713183588348329067e+00 -1.083269913494586945e+01 -1.899327814462594688e-01
1.791796869598329067e+00 -1.083160050213336945e+01 -1.899327814462594688e-01
1.869799799285829067e+00 -1.082659561932086945e+01 -1.899327814462594688e-01
1.947436518035829067e+00 -1.081744034588336945e+01 -1.899327814462594688e-01
2.025683588348329067e+00 -1.081231339275836945e+01 -1.899327814462594688e-01
2.103930658660829067e+00 -1.080718643963336945e+01 -1.899327814462594688e-01
1.658984369598329067e+00 -1.166924698650836945e+01 -1.899632990243844688e-01
1.743579096160829067e+00 -1.166436417400836945e+01 -1.899632990243844688e-01
1.828295893035829067e+00 -1.165948136150836945e+01 -1.899632990243844688e-01
1.913500971160829067e+00 -1.165459854900836945e+01 -1.899632990243844688e-01
1.998461908660829067e+00 -1.164971573650836945e+01 -1.899632990243844688e-01
2.083911127410829067e+00 -1.164471085369586945e+01 -1.899632990243844688e-01
2.169116205535829067e+00 -1.163982804119586945e+01 -1.899632990243844688e-01
2.254565424285829067e+00 -1.163494522869586945e+01 -1.899632990243844688e-01
1.779223627410829067e+00 -1.265130265057086945e+01 -1.899938166025094688e-01
1.872973627410829067e+00 -1.265252335369586945e+01 -1.899938166025094688e-01
1.966113275848329067e+00 -1.264800675213336945e+01 -1.899938166025094688e-01
2.059619135223329067e+00 -1.264349015057086945e+01 -1.899938166025094688e-01
2.153124994598329067e+00 -1.263897354900836945e+01 -1.899938166025094688e-01
2.246997064910829067e+00 -1.263433487713336945e+01 -1.899938166025094688e-01
2.340747064910829067e+00 -1.262981827557086945e+01 -1.899938166025094688e-01
2.433642572723329067e+00 -1.261944229900836945e+01 -1.899938166025094688e-01
1.951464838348329067e+00 -1.405779679119586945e+01 -1.988896906259469688e-01
2.053393549285829067e+00 -1.403094132244586945e+01 -1.979131281259469688e-01
2.155078119598329067e+00 -1.400420792400836945e+01 -1.969213068368844688e-01
2.256884760223329067e+00 -1.397735245525836945e+01 -1.959447443368844688e-01
2.358203119598329067e+00 -1.395074112713336945e+01 -1.949681818368844688e-01
2.459643549285829067e+00 -1.392400772869586945e+01 -1.939916193368844688e-01
2.560595697723329067e+00 -1.389739640057086945e+01 -1.930150568368844688e-01
2.661425775848329067e+00 -1.387090714275836945e+01 -1.920384943368844688e-01
2.144580072723329067e+00 -1.563433487713336945e+01 -2.015904962900094688e-01
2.258105463348329067e+00 -1.559527237713336945e+01 -1.998662531259469688e-01
2.370166010223329067e+00 -1.554790909588336945e+01 -1.981420099618844688e-01
2.481982416473329067e+00 -1.550042374432086945e+01 -1.964482843759469688e-01
2.593066400848329067e+00 -1.545342667400836945e+01 -1.947393000009469688e-01
2.704028314910829067e+00 -1.540630753338336945e+01 -1.930455744150094688e-01
2.814135736785829067e+00 -1.535967667400836945e+01 -1.913671076181344688e-01
2.924121088348329067e+00 -1.531463272869586945e+01 -1.901006281259469688e-01
2.366503900848329067e+00 -1.744634659588336945e+01 -1.972875177743844688e-01
2.496386713348329067e+00 -1.741607315838336945e+01 -1.962956964853219688e-01
2.622363275848329067e+00 -1.735808975994586945e+01 -1.943730890634469688e-01
2.748095697723329067e+00 -1.730022843182086945e+01 -1.924504816415719688e-01
2.872851557098329067e+00 -1.724273331463336945e+01 -1.905431330087594688e-01
3.004809564910829067e+00 -1.723052628338336945e+01 -1.901616632821969688e-01
3.138354486785829067e+00 -1.722967179119586945e+01 -1.901616632821969688e-01
3.272387689910829067e+00 -1.722869522869586945e+01 -1.901616632821969688e-01
2.653735346160829067e+00 -1.979253800213336945e+01 -1.921147882821969688e-01
2.802661127410829067e+00 -1.975591690838336945e+01 -1.909703791025094688e-01
2.955493158660829067e+00 -1.974883683025836945e+01 -1.902532160165719688e-01
3.110400385223329067e+00 -1.975140030682086945e+01 -1.902532160165719688e-01
3.265307611785829067e+00 -1.975384171307086945e+01 -1.902532160165719688e-01
3.421191400848329067e+00 -1.975640518963336945e+01 -1.902532160165719688e-01
3.574267572723329067e+00 -1.974334366619586945e+01 -1.902532160165719688e-01
3.730395502410829067e+00 -1.974578507244586945e+01 -1.902532160165719688e-01
3.053637689910829067e+00 -2.305865128338336945e+01 -1.872319757821969688e-01
3.235644525848329067e+00 -2.306390030682086945e+01 -1.871556818368844688e-01
3.414599603973329067e+00 -2.304473526775836945e+01 -1.864842951181344688e-01
3.582080072723329067e+00 -2.294219620525836945e+01 -1.837682306650094688e-01
3.747851557098329067e+00 -2.284075577557086945e+01 -1.810826837900094688e-01
3.913012689910829067e+00 -2.273968155682086945e+01 -1.784123957040719688e-01
4.076464838348329067e+00 -2.263970597088336945e+01 -1.757726251962594688e-01
4.238696283660829067e+00 -2.254034073650836945e+01 -1.731328546884469688e-01
3.240893549285829067e+00 -2.459026749432086945e+01 -1.183080255868844688e-01
3.404956049285829067e+00 -2.436016495525836945e+01 -1.133946955087594688e-01
3.590869135223329067e+00 -2.431231339275836945e+01 -1.120976984384469688e-01
3.777270502410829067e+00 -2.426446183025836945e+01 -1.107854425790719688e-01
3.962573236785829067e+00 -2.421685440838336945e+01 -1.095037042978219688e-01
4.148242182098329067e+00 -2.416912491619586945e+01 -1.081914484384469688e-01
4.333056635223329067e+00 -2.412163956463336945e+01 -1.069097101571969688e-01
4.517504877410829067e+00 -2.407427628338336945e+01 -1.056127130868844688e-01
3.318164057098329067e+00 -2.522417862713336945e+01 -2.103324531344696879e-02
3.538378900848329067e+00 -2.538323624432086945e+01 -2.292533515719696879e-02
3.723559564910829067e+00 -2.526714737713336945e+01 -2.066703437594696879e-02
3.910083002410829067e+00 -2.516656143963336945e+01 -1.863761543063446879e-02
4.141040033660829067e+00 -2.536101944744586945e+01 -2.106376289157196879e-02
4.377124018035829067e+00 -2.555987198650836945e+01 -2.353568671969696879e-02
4.457568353973329067e+00 -2.484246475994586945e+01 -1.222892402438446879e-02
4.640673822723329067e+00 -2.475396378338336945e+01 -1.039786933688446879e-02
3.267871088348329067e+00 -2.481805069744586945e+01 9.249214531155303121e-02
3.515063471160829067e+00 -2.520904190838336945e+01 8.901314140530303121e-02
3.815600580535829067e+00 -2.593108780682086945e+01 8.207039238186553121e-02
3.961108393035829067e+00 -2.551507218182086945e+01 8.710579277249053121e-02
4.144946283660829067e+00 -2.538970597088336945e+01 8.905891777249053121e-02
4.367968744598329067e+00 -2.550762589275836945e+01 8.849434257717803121e-02
4.650073236785829067e+00 -2.595586808025836945e+01 8.449653984280303121e-02
4.816455072723329067e+00 -2.572283585369586945e+01 8.757881523342803121e-02
3.262988275848329067e+00 -2.478142960369586945e+01 2.006159246084280312e-01
3.513598627410829067e+00 -2.520171768963336945e+01 1.989221990224905312e-01
3.704882807098329067e+00 -2.514056046307086945e+01 1.994715154287405312e-01
3.952929682098329067e+00 -2.546319229900836945e+01 1.983881414053030312e-01
4.164599603973329067e+00 -2.551897843182086945e+01 1.988459050771780312e-01
4.298510736785829067e+00 -2.508990128338336945e+01 2.021265447256155312e-01
4.677294916473329067e+00 -2.611602433025836945e+01 1.976404607412405312e-01
4.809130853973329067e+00 -2.568621475994586945e+01 2.009058416006155312e-01
3.423388666473329067e+00 -2.609576065838336945e+01 3.060846746084280312e-01
3.517260736785829067e+00 -2.523260147869586945e+01 3.081140935537405312e-01
3.704760736785829067e+00 -2.514324600994586945e+01 3.091364324209280312e-01
3.934863275848329067e+00 -2.534429581463336945e+01 3.098383367178030312e-01
4.184741205535829067e+00 -2.565093643963336945e+01 3.104181707021780312e-01
4.307543939910829067e+00 -2.514812882244586945e+01 3.119135320303030312e-01
4.633471674285829067e+00 -2.586687882244586945e+01 3.120813787099905312e-01
4.799853510223329067e+00 -2.563885147869586945e+01 3.132715642568655312e-01
3.325732416473329067e+00 -2.530193741619586945e+01 4.172296941396780312e-01
3.645434564910829067e+00 -2.621599991619586945e+01 4.207849919912405312e-01
3.737719721160829067e+00 -2.538384659588336945e+01 4.190454900381155312e-01
3.916186518035829067e+00 -2.522173722088336945e+01 4.195642888662405312e-01
4.185595697723329067e+00 -2.566021378338336945e+01 4.221582830068655312e-01
4.313037103973329067e+00 -2.518487198650836945e+01 4.215631902334280312e-01
4.625048822723329067e+00 -2.582159073650836945e+01 4.249201238271780312e-01
4.929614252410829067e+00 -2.635540421307086945e+01 4.285822332021780312e-01
3.075122064910829067e+00 -2.325872452557086945e+01 5.104761541006155312e-01
3.244433588348329067e+00 -2.315557511150836945e+01 5.107508123037405312e-01
3.412524408660829067e+00 -2.305328018963336945e+01 5.110254705068655312e-01
3.580126947723329067e+00 -2.295122940838336945e+01 5.112848699209280312e-01
3.745898432098329067e+00 -2.285027725994586945e+01 5.115442693349905312e-01
3.911059564910829067e+00 -2.274969132244586945e+01 5.118189275381155312e-01
4.074633783660829067e+00 -2.265008194744586945e+01 5.120783269521780312e-01
4.236987299285829067e+00 -2.255120499432086945e+01 5.123224675771780312e-01
3.076586908660829067e+00 -2.327410538494586945e+01 6.112909734365530312e-01
3.245898432098329067e+00 -2.317058975994586945e+01 6.106653630849905312e-01
3.414111322723329067e+00 -2.306744034588336945e+01 6.105738103506155312e-01
3.581591791473329067e+00 -2.296477921307086945e+01 6.104975164053030312e-01
3.747363275848329067e+00 -2.286297257244586945e+01 6.104059636709280312e-01
3.912524408660829067e+00 -2.276165421307086945e+01 6.103144109365530312e-01
4.076098627410829067e+00 -2.266143448650836945e+01 6.102228582021780312e-01
4.238330072723329067e+00 -2.256133683025836945e+01 6.106501042959280312e-01
3.081103510223329067e+00 -2.331438858807086945e+01 7.121210515615530312e-01
3.250659174285829067e+00 -2.321038468182086945e+01 7.116632878896780312e-01
3.419116205535829067e+00 -2.310711319744586945e+01 7.112207830068655312e-01
3.586962885223329067e+00 -2.300432999432086945e+01 7.107935369131155312e-01
3.753100580535829067e+00 -2.290252335369586945e+01 7.103510320303030312e-01
3.918627924285829067e+00 -2.280108292400836945e+01 7.099237859365530312e-01
4.082324213348329067e+00 -2.270074112713336945e+01 7.094812810537405312e-01
4.245043939910829067e+00 -2.260100968182086945e+01 7.090540349599905312e-01
3.589282221160829067e+00 -2.747088272869586945e+01 9.037714421865530312e-01
3.683032221160829067e+00 -2.651946671307086945e+01 8.846674382803030312e-01
3.860034174285829067e+00 -2.627703507244586945e+01 8.810511052724905312e-01
4.043872064910829067e+00 -2.610064347088336945e+01 8.782434880849905312e-01
3.581713861785829067e+00 -2.741375382244586945e+01 1.022347491991240531e+00
3.670458978973329067e+00 -2.642693741619586945e+01 9.974298894521780312e-01
4.117968744598329067e+00 -2.660613663494586945e+01 1.005898517381865531e+00
1.489360351022332907e+01 -2.233379776775836945e+01 9.995661199209280312e-01
1.533464354928582907e+01 -2.251519425213336945e+01 1.004662555467803031e+00
1.608049315866082907e+01 -2.330181534588336945e+01 1.022439044725615531e+00
1.874724120553582907e+01 -2.788616593182086945e+01 1.112923663866240531e+00
1.920109862741082907e+01 -2.795183975994586945e+01 1.116097491991240531e+00
1.461796874459832907e+01 -2.408184464275836945e+01 1.212807697069365531e+00
1.494597167428582907e+01 -2.400432999432086945e+01 1.212319415819365531e+00
1.465642089303582907e+01 -2.258221085369586945e+01 1.180230182420928031e+00
1.558281249459832907e+01 -2.379766495525836945e+01 1.212060016405303031e+00
1.587138671334832907e+01 -2.363091690838336945e+01 1.210396808397490531e+00
1.588896483834832907e+01 -2.291045792400836945e+01 1.195214313280303031e+00
1.639384765084832907e+01 -2.318877823650836945e+01 1.204400104295928031e+00
1.909025878366082907e+01 -2.773418839275836945e+01 1.319542926561553031e+00
1.457536620553582907e+01 -2.180242569744586945e+01 8.642511785146780312e-01
1.555693358834832907e+01 -2.312286026775836945e+01 8.860254705068655312e-01
1.610234374459832907e+01 -2.348089249432086945e+01 8.920984685537405312e-01
1.647575683053582907e+01 -2.347405655682086945e+01 8.935480535146780312e-01
1.658818358834832907e+01 -2.294341690838336945e+01 8.879175603506155312e-01
1.704057616647332907e+01 -2.308855850994586945e+01 8.917475164053030312e-01
1.709428710397332907e+01 -2.246575577557086945e+01 8.836298406240530312e-01
1.433049315866082907e+01 -2.203423722088336945e+01 1.044045490038115531e+00
1.478850097116082907e+01 -2.225945694744586945e+01 1.049874347459990531e+00
1.580791015084832907e+01 -2.364947159588336945e+01 1.080498737108428031e+00
1.595549315866082907e+01 -2.317779190838336945e+01 1.073159259569365531e+00
1.640751952584832907e+01 -2.333562882244586945e+01 1.078713458788115531e+00
3.746501464303582907e+01 -6.416350968182086945e+01 1.923577350389678031e+00
1.758537597116082907e+01 -2.414165909588336945e+01 1.100106281053740531e+00
1.998100585397332907e+01 -2.793804581463336945e+01 1.182503741991240531e+00
1.810527343209832907e+01 -2.706731827557086945e+01 1.105523151170928031e+00
1.672404784616082907e+01 -2.345782120525836945e+01 1.039834064256865531e+00
1.749272460397332907e+01 -2.420379288494586945e+01 1.056893390428740531e+00
1.718229979928582907e+01 -2.283904679119586945e+01 1.033577960741240531e+00
1.924956054147332907e+01 -2.599859268963336945e+01 1.097252887499053031e+00
2.019072265084832907e+01 -2.695074112713336945e+01 1.119866412889678031e+00
1.941459960397332907e+01 -2.581609757244586945e+01 1.143349689256865531e+00
1.979130858834832907e+01 -2.571490128338336945e+01 1.146386188280303031e+00
2.035930175241082907e+01 -2.595476944744586945e+01 1.157509845506865531e+00
2.082060546334832907e+01 -2.630865128338336945e+01 1.220131915819365531e+00
2.127263183053582907e+01 -2.630535538494586945e+01 1.227837604295928031e+00
2.367460936959832907e+01 -2.280584366619586945e+01 1.447518390428740531e+00
2.454985351022332907e+01 -2.334978897869586945e+01 1.467827838670928031e+00
2.291545409616082907e+01 -2.449639542400836945e+01 1.204781574022490531e+00
2.326579589303582907e+01 -2.422271378338336945e+01 1.204522174608428031e+00
2.155339354928582907e+01 -2.069182999432086945e+01 1.143349689256865531e+00
2.161259765084832907e+01 -2.002849991619586945e+01 1.135399860155303031e+00
2.386027831491082907e+01 -2.270928604900836945e+01 1.190621417772490531e+00
1.045390624459832907e+01 -1.890560463070869446e+00 7.993097722646780312e-01
1.032390136178582907e+01 -1.294246986508369446e+00 7.911158025381155312e-01
