-1.039939707145094872e+00 -9.810821995139122009e+00 -1.900832507235463709e-01
-9.713361915200948715e-01 -9.832184299826622009e+00 -1.906020495516713709e-01
-9.018781837075948715e-01 -9.850372776389122009e+00 -1.911361071688588709e-01
-8.310774024575948715e-01 -9.861359104514122009e+00 -1.912124011141713709e-01
-7.605207618325948715e-01 -9.872345432639122009e+00 -1.913039538485463709e-01
-6.897199805825948715e-01 -9.883331760764122009e+00 -1.913802477938588709e-01
-6.190412696450948715e-01 -9.894196018576622009e+00 -1.914718005282338709e-01
-5.479963477700948715e-01 -9.901276096701622009e+00 -1.915175768954213709e-01
-1.155174082145094872e+00 -1.048562668263912201e+01 -1.894881579501088709e-01
-1.079734629020094872e+00 -1.050137375295162201e+01 -1.897933337313588709e-01
-1.005027597770094872e+00 -1.052151535451412201e+01 -1.903731677157338709e-01
-9.304426368325948715e-01 -1.054580734670162201e+01 -1.909377429110463709e-01
-8.552473243325948715e-01 -1.056607101857662201e+01 -1.915023181063588709e-01
-7.793195899575948715e-01 -1.058255051076412201e+01 -1.920821520907338709e-01
-7.038801368325948715e-01 -1.060293625295162201e+01 -1.926619860751088709e-01
-6.283186133950948715e-01 -1.062344406545162201e+01 -1.932418200594838709e-01
-1.292503183707594872e+00 -1.129092453420162201e+01 -1.895186755282338709e-01
-1.209617441520094872e+00 -1.130215500295162201e+01 -1.895186755282338709e-01
-1.126609629020094872e+00 -1.131338547170162201e+01 -1.895186755282338709e-01
-1.044944589957594872e+00 -1.133535812795162201e+01 -1.900985095126088709e-01
-9.635236915200948715e-01 -1.135830734670162201e+01 -1.907088610751088709e-01
-8.816145118325948715e-01 -1.138137863576412201e+01 -1.913344714266713709e-01
-7.998274024575948715e-01 -1.140444992482662201e+01 -1.919600817782338709e-01
-7.179182227700948715e-01 -1.142764328420162201e+01 -1.925856921297963709e-01
-1.455467050895094872e+00 -1.224636887013912201e+01 -1.895491931063588709e-01
-1.365501230582594872e+00 -1.226419113576412201e+01 -1.895491931063588709e-01
-1.274558847770094872e+00 -1.227639816701412201e+01 -1.895491931063588709e-01
-1.183250254020094872e+00 -1.228860519826412201e+01 -1.895491931063588709e-01
-1.092307871207594872e+00 -1.230081222951412201e+01 -1.895491931063588709e-01
-1.000999277457594872e+00 -1.231301926076412201e+01 -1.895491931063588709e-01
-9.100568946450948715e-01 -1.232522629201412201e+01 -1.895491931063588709e-01
-8.185041602700948715e-01 -1.233181808888912201e+01 -1.895491931063588709e-01
-1.718406504020094872e+00 -1.378726242482662201e+01 -2.060439440829213709e-01
-1.615135019645094872e+00 -1.380410812795162201e+01 -2.061812731844838709e-01
-1.511741464957594872e+00 -1.382083176076412201e+01 -2.063033434969838709e-01
-1.407981699332594872e+00 -1.383767746388912201e+01 -2.064254138094838709e-01
-1.304588144645094872e+00 -1.385452316701412201e+01 -2.065627429110463709e-01
-1.200706308707594872e+00 -1.387136887013912201e+01 -2.066848132235463709e-01
-1.097190683707594872e+00 -1.388821457326412201e+01 -2.068221423251088709e-01
-9.936750587075948715e-01 -1.390506027638912201e+01 -2.069442126376088709e-01
-2.073631113395094872e+00 -1.586929367482662201e+01 -2.296492907626088709e-01
-1.954978769645094872e+00 -1.590066574513912201e+01 -2.298781725985463709e-01
-1.834251230582594872e+00 -1.592068527638912201e+01 -2.300307604891713709e-01
-1.713035410270094872e+00 -1.594082687795162201e+01 -2.301833483797963709e-01
-1.592307871207594872e+00 -1.596084640920162201e+01 -2.303359362704213709e-01
-1.470969980582594872e+00 -1.598086594045162201e+01 -2.304885241610463709e-01
-1.350120371207594872e+00 -1.600100754201412201e+01 -2.306411120516713709e-01
-1.227805918082594872e+00 -1.600943039357662201e+01 -2.307174059969838709e-01
-2.464256113395094872e+00 -1.815847824513912201e+01 -2.406051013094838709e-01
-2.328880136832594872e+00 -1.820706222951412201e+01 -2.416426989657338709e-01
-2.192893808707594872e+00 -1.825576828420162201e+01 -2.426802966219838709e-01
-2.053977793082594872e+00 -1.829031418263912201e+01 -2.432296130282338709e-01
-1.912986582145094872e+00 -1.830886887013912201e+01 -2.432296130282338709e-01
-1.772971933707594872e+00 -1.833792160451412201e+01 -2.435805651766713709e-01
-1.637351816520094872e+00 -1.840078781545162201e+01 -2.451064440829213709e-01
-1.500999277457594872e+00 -1.846402023732662201e+01 -2.466170642001088709e-01
-2.883811777457594872e+00 -2.061709640920162201e+01 -2.356765124422963709e-01
-2.722923105582594872e+00 -2.063809250295162201e+01 -2.356765124422963709e-01
-2.563377207145094872e+00 -2.066812179982662201e+01 -2.354628893954213709e-01
-2.401389902457594872e+00 -2.068484543263912201e+01 -2.353408190829213709e-01
-2.239890879020094872e+00 -2.070144699513912201e+01 -2.352187487704213709e-01
-2.076804941520094872e+00 -2.070913742482662201e+01 -2.348220202547963709e-01
-1.913596933707594872e+00 -2.070816086232662201e+01 -2.346541735751088709e-01
-1.752342050895094872e+00 -2.072183273732662201e+01 -2.344405505282338709e-01
-3.363181894645094872e+00 -2.342739914357662201e+01 -2.161910388094838709e-01
-3.171531504020094872e+00 -2.340628097951412201e+01 -2.150618884188588709e-01
-2.985008066520094872e+00 -2.341287277638912201e+01 -2.146346423251088709e-01
-2.796653574332594872e+00 -2.340982101857662201e+01 -2.139632556063588709e-01
-2.606956308707594872e+00 -2.338845871388912201e+01 -2.128493640047963709e-01
-2.417381113395094872e+00 -2.336709640920162201e+01 -2.117202136141713709e-01
-2.229392832145094872e+00 -2.334597824513912201e+01 -2.106063220126088709e-01
-2.042136972770094872e+00 -2.332486008107662201e+01 -2.095076892001088709e-01
-4.495384043082594872e+00 -3.006289719045162201e+01 -2.493331286532338709e-01
-4.222434824332594872e+00 -2.988906906545162201e+01 -2.451674792391713709e-01
-3.823264902457594872e+00 -2.887063644826412201e+01 -2.237593981844838709e-01
-3.564964121207594872e+00 -2.870608566701412201e+01 -2.198073718172963709e-01
-3.315696543082594872e+00 -2.857620285451412201e+01 -2.165877673251088709e-01
-3.070457285270094872e+00 -2.846304367482662201e+01 -2.137038561922963709e-01
-2.828635996207594872e+00 -2.835147140920162201e+01 -2.108657214266713709e-01
-2.589256113395094872e+00 -2.824111984670162201e+01 -2.080428454501088709e-01
-5.205955332145094872e+00 -3.422842453420162201e+01 -1.809127184969838709e-01
-1.263112623058259487e+01 -8.176223801076412201e+01 -9.302413317782338709e-01
-6.015159433707594872e+00 -4.314163254201412201e+01 -3.203322741610463709e-01
-3.986594980582594872e+00 -3.161221359670162201e+01 -1.381575915438588709e-01
-5.237205332145094872e+00 -4.264163254201412201e+01 -3.111464831454213709e-01
-4.271385019645094872e+00 -3.783596847951412201e+01 -2.349898669344838709e-01
-2.950095957145094872e+00 -2.936599777638912201e+01 -1.014754626376088709e-01
-2.701194589957594872e+00 -2.924636887013912201e+01 -9.915612670010887086e-02
-5.205833261832594872e+00 -3.422842453420162201e+01 -2.808068724698387086e-02
-4.329734629020094872e+00 -3.055239914357662201e+01 1.317907837801612914e-02
-4.246848886832594872e+00 -3.163015793263912201e+01 1.506104745203629136e-03
-3.986839121207594872e+00 -3.161441086232662201e+01 1.994385995203629136e-03
-3.413352793082594872e+00 -2.929202316701412201e+01 2.808691529207862914e-02
-3.190208261832594872e+00 -2.939810226857662201e+01 2.720190552645362914e-02
-2.932884043082594872e+00 -2.922268722951412201e+01 2.942968872957862914e-02
-2.687400644645094872e+00 -2.912149094045162201e+01 3.083349732332862914e-02
-5.205711191520094872e+00 -3.422854660451412201e+01 1.255295422452036291e-01
-4.345725839957594872e+00 -3.065139816701412201e+01 1.488297131436411291e-01
-3.964134043082594872e+00 -2.978970383107662201e+01 1.538345959561411291e-01
-3.744163339957594872e+00 -2.994204758107662201e+01 1.529801037686411291e-01
-3.414817636832594872e+00 -2.930264328420162201e+01 1.572678234952036291e-01
-3.174827402457594872e+00 -2.927810715138912201e+01 1.575577404873911291e-01
-2.920310800895094872e+00 -2.911746262013912201e+01 1.594193127530161291e-01
-2.639793222770094872e+00 -2.869351242482662201e+01 1.622879650967661291e-01
-5.205589121207594872e+00 -3.422854660451412201e+01 2.783157971280161291e-01
-4.332542246207594872e+00 -3.057107590138912201e+01 2.849686291592661291e-01
-3.951560800895094872e+00 -2.970828293263912201e+01 2.865250256436411291e-01
-3.736839121207594872e+00 -2.989151047170162201e+01 2.861740734952036291e-01
-3.416404550895094872e+00 -2.931460617482662201e+01 2.872116711514536291e-01
-3.196800058707594872e+00 -2.944961594045162201e+01 2.869522717373911291e-01
-3.039695566520094872e+00 -3.011465500295162201e+01 2.857315686123911291e-01
-2.682395761832594872e+00 -2.907693527638912201e+01 2.876083996670786291e-01
-5.159080332145094872e+00 -3.395632980763912201e+01 4.311173107998911291e-01
-4.713035410270094872e+00 -3.291897629201412201e+01 4.271805432217661291e-01
-4.070091074332594872e+00 -3.048001144826412201e+01 4.201309826748911291e-01
-3.725486582145094872e+00 -2.981387375295162201e+01 4.180863049405161291e-01
-3.501731699332594872e+00 -2.993936203420162201e+01 4.182846691983286291e-01
-3.272361582145094872e+00 -3.003933762013912201e+01 4.183914807217661291e-01
-2.953391855582594872e+00 -2.939382980763912201e+01 4.164230969327036291e-01
-2.684593027457594872e+00 -2.909585617482662201e+01 4.161179211514536291e-01
-5.164451425895094872e+00 -3.398843429982662201e+01 5.828201916592661291e-01
-4.713157480582594872e+00 -3.292044113576412201e+01 5.744583752530161291e-01
-4.017722910270094872e+00 -3.013955734670162201e+01 5.533096936123911291e-01
-3.798362558707594872e+00 -3.031655929982662201e+01 5.543015149014536291e-01
-3.489280527457594872e+00 -2.984878586232662201e+01 5.504868176358286291e-01
-3.201316660270094872e+00 -2.948538254201412201e+01 5.474655774014536291e-01
-2.948142832145094872e+00 -2.934939621388912201e+01 5.461380627530161291e-01
-2.686912363395094872e+00 -2.911697433888912201e+01 5.440933850186411291e-01
-6.690208261832594872e+00 -4.293264816701412201e+01 8.440354016202036291e-01
-6.333640879020094872e+00 -4.291885422170162201e+01 8.421280529873911291e-01
-4.124412363395094872e+00 -3.083523605763912201e+01 6.951248791592661291e-01
-3.895652597770094872e+00 -3.098794601857662201e+01 6.964829113858286291e-01
-3.552268808707594872e+00 -3.030972336232662201e+01 6.878006604092661291e-01
-3.261131113395094872e+00 -2.995230148732662201e+01 6.830094006436411291e-01
-2.984519785270094872e+00 -2.965335129201412201e+01 6.789200451748911291e-01
-2.687888925895094872e+00 -2.912515304982662201e+01 6.727860119717661291e-01
-6.673728769645094872e+00 -4.283657883107662201e+01 1.035517945565516129e+00
-6.332420175895094872e+00 -4.291201828420162201e+01 1.035868897713953629e+00
-3.619285410270094872e+00 -3.080093429982662201e+01 8.305771496670786291e-01
-3.274802988395094872e+00 -3.005935715138912201e+01 8.175308850186411291e-01
-3.062522714957594872e+00 -3.030508469045162201e+01 8.210098889248911291e-01
-2.802635019645094872e+00 -3.015542648732662201e+01 8.178818371670786291e-01
-6.694969004020094872e+00 -4.296206711232662201e+01 1.231868043221766129e+00
-6.326682871207594872e+00 -4.287759445607662201e+01 1.228907838143641129e+00
-4.601585214957594872e+00 -3.799185226857662201e+01 1.120158448495203629e+00
-4.271629160270094872e+00 -3.783828781545162201e+01 1.116770997323328629e+00
-3.061057871207594872e+00 -3.029251144826412201e+01 9.549362805264536291e-01
-2.905784433707594872e+00 -3.108169601857662201e+01 9.709427502530161291e-01
-6.624656504020094872e+00 -4.255105637013912201e+01 1.415339722909266129e+00
-6.324119394645094872e+00 -4.286270187795162201e+01 1.421077027596766129e+00
-4.586448496207594872e+00 -3.788089035451412201e+01 1.287486329354578629e+00
-4.258567636832594872e+00 -3.773623703420162201e+01 1.282511964120203629e+00
-2.876609629020094872e+00 -3.081961105763912201e+01 1.101786866463953629e+00
-5.477522071450948715e-01 -9.901398167014122009e+00 -1.915328356844838709e-01
-4.771955665200948715e-01 -9.912872776389122009e+00 -1.916091296297963709e-01
-4.060285743325948715e-01 -9.920563206076622009e+00 -1.916701647860463709e-01
-3.347395118325948715e-01 -9.928131565451622009e+00 -1.917311999422963709e-01
-2.636945899575948715e-01 -9.935821995139122009e+00 -1.917922350985463709e-01
-1.922834571450948715e-01 -9.943390354514122009e+00 -1.918532702547963709e-01
-1.211164649575948715e-01 -9.951080784201622009e+00 -1.918990466219838709e-01
-4.970533214509487152e-02 -9.954864963889122009e+00 -1.919295642001088709e-01
-6.280744727700948715e-01 -1.062356613576412201e+01 -1.932418200594838709e-01
-5.520246680825948715e-01 -1.064102219045162201e+01 -1.938369128329213709e-01
-4.758527930825948715e-01 -1.065847824513912201e+01 -1.944167468172963709e-01
-3.995588477700948715e-01 -1.068008469045162201e+01 -1.949965808016713709e-01
-3.228986915200948715e-01 -1.069766281545162201e+01 -1.955764147860463709e-01
-2.455061133950948715e-01 -1.071133469045162201e+01 -1.961715075594838709e-01
-1.686018165200948715e-01 -1.072903488576412201e+01 -1.967513415438588709e-01
-9.096509777009487152e-02 -1.073904465138912201e+01 -1.969191882235463709e-01
-7.175520118325948715e-01 -1.142776535451412201e+01 -1.926009509188588709e-01
-6.350324805825948715e-01 -1.144778488576412201e+01 -1.932265612704213709e-01
-5.522688087075948715e-01 -1.146780441701412201e+01 -1.938521716219838709e-01
-4.691389258950948715e-01 -1.148806808888912201e+01 -1.944930407626088709e-01
-3.858869727700948715e-01 -1.150820969045162201e+01 -1.951339099032338709e-01
-3.022688087075948715e-01 -1.152847336232662201e+01 -1.957595202547963709e-01
-2.186506446450948715e-01 -1.154873703420162201e+01 -1.964003893954213709e-01
-1.347883399575948715e-01 -1.156912277638912201e+01 -1.970412585360463709e-01
-8.182600196450948715e-01 -1.233194015920162201e+01 -1.895644518954213709e-01
-7.275617774575948715e-01 -1.234646652638912201e+01 -1.895644518954213709e-01
-6.362531837075948715e-01 -1.235537765920162201e+01 -1.895644518954213709e-01
-5.445783790200948715e-01 -1.236428879201412201e+01 -1.895644518954213709e-01
-4.531477149575948715e-01 -1.237319992482662201e+01 -1.895644518954213709e-01
-3.615949805825948715e-01 -1.238345383107662201e+01 -1.896254870516713709e-01
-2.707746680825948715e-01 -1.240371750295162201e+01 -1.901595446688588709e-01
-1.795881446450948715e-01 -1.241897629201412201e+01 -1.907393786532338709e-01
-9.933088477700948715e-01 -1.390518234670162201e+01 -2.069442126376088709e-01
-8.891828712075948715e-01 -1.391775558888912201e+01 -2.070510241610463709e-01
-7.850568946450948715e-01 -1.393032883107662201e+01 -2.071425768954213709e-01
-6.804426368325948715e-01 -1.394290207326412201e+01 -2.072341296297963709e-01
-5.761945899575948715e-01 -1.395547531545162201e+01 -2.073409411532338709e-01
-4.714582618325948715e-01 -1.396804855763912201e+01 -2.074324938876088709e-01
-3.670881446450948715e-01 -1.398062179982662201e+01 -2.075240466219838709e-01
-2.625959571450948715e-01 -1.399319504201412201e+01 -2.076155993563588709e-01
-1.227439707145094872e+00 -1.600967453420162201e+01 -2.307174059969838709e-01
-1.107200449332594872e+00 -1.603653000295162201e+01 -2.309310290438588709e-01
-9.854963477700948715e-01 -1.605191086232662201e+01 -2.310378405672963709e-01
-8.634260352700948715e-01 -1.606729172170162201e+01 -2.311599108797963709e-01
-7.415998633950948715e-01 -1.608267258107662201e+01 -2.312819811922963709e-01
-6.192854102700948715e-01 -1.609817551076412201e+01 -2.313887927157338709e-01
-4.972150977700948715e-01 -1.611355637013912201e+01 -2.315108630282338709e-01
-3.745344337075948715e-01 -1.611721847951412201e+01 -2.315413806063588709e-01
-1.500633066520094872e+00 -1.846426437795162201e+01 -2.466323229891713709e-01
-1.362937754020094872e+00 -1.852285812795162201e+01 -2.481276843172963709e-01
-1.224632089957594872e+00 -1.858181808888912201e+01 -2.496383044344838709e-01
-1.082298105582594872e+00 -1.860903976857662201e+01 -2.500655505282338709e-01
-9.327619727700948715e-01 -1.854177902638912201e+01 -2.472579333407338709e-01
-7.842024024575948715e-01 -1.847488449513912201e+01 -2.444808337313588709e-01
-6.373518165200948715e-01 -1.840884445607662201e+01 -2.417342517001088709e-01
-4.919660743325948715e-01 -1.834341476857662201e+01 -2.390181872469838709e-01
-1.751853769645094872e+00 -2.072195480763912201e+01 -2.344405505282338709e-01
-1.590476816520094872e+00 -2.073330734670162201e+01 -2.342727038485463709e-01
-1.430076425895094872e+00 -2.075540207326412201e+01 -2.339370104891713709e-01
-1.268089121207594872e+00 -2.076675461232662201e+01 -2.337539050204213709e-01
-1.106468027457594872e+00 -2.077566574513912201e+01 -2.335097643954213709e-01
-9.426496680825948715e-01 -2.075906418263912201e+01 -2.325179431063588709e-01
-7.791975196450948715e-01 -2.073184250295162201e+01 -2.316787097079213709e-01
-6.170881446450948715e-01 -2.071536301076412201e+01 -2.307021472079213709e-01
-2.041404550895094872e+00 -2.332486008107662201e+01 -2.095076892001088709e-01
-1.854759043082594872e+00 -2.330191086232662201e+01 -2.084243151766713709e-01
-1.668601816520094872e+00 -2.327908371388912201e+01 -2.073561999422963709e-01
-1.481956308707594872e+00 -2.324978683888912201e+01 -2.061202380282338709e-01
-1.293235605582594872e+00 -2.317642258107662201e+01 -2.037856433016713709e-01
-1.105613535270094872e+00 -2.310708664357662201e+01 -2.015578600985463709e-01
-9.226301368325948715e-01 -2.307937668263912201e+01 -2.003829333407338709e-01
-7.402570899575948715e-01 -2.305178879201412201e+01 -1.991927477938588709e-01
-2.588401621207594872e+00 -2.824038742482662201e+01 -2.080275866610463709e-01
-2.338645761832594872e+00 -2.800552414357662201e+01 -2.027327868563588709e-01
-2.088645761832594872e+00 -2.772427414357662201e+01 -1.964919421297963709e-01
-1.801658457145094872e+00 -2.696231125295162201e+01 -1.805312487704213709e-01
-1.588401621207594872e+00 -2.697232101857662201e+01 -1.802260729891713709e-01
-1.374534433707594872e+00 -2.698233078420162201e+01 -1.799208972079213709e-01
-1.155174082145094872e+00 -2.688931320607662201e+01 -1.775252673251088709e-01
-9.295881446450948715e-01 -2.664224289357662201e+01 -1.720473620516713709e-01
-2.700462168082594872e+00 -2.924710129201412201e+01 -9.915612670010887086e-02
-2.811179941520094872e+00 -3.259817551076412201e+01 -1.511885974032338709e-01
-2.183494394645094872e+00 -2.872720383107662201e+01 -9.009240599698387086e-02
-1.974510019645094872e+00 -2.896865890920162201e+01 -9.340356322354637086e-02
-1.901389902457594872e+00 -3.099722336232662201e+01 -1.246230456454213709e-01
-1.538474863395094872e+00 -2.934439133107662201e+01 -9.833215209073387086e-02
-1.164207285270094872e+00 -2.703494308888912201e+01 -6.189416380948387086e-02
-1.095481699332594872e+00 -2.978579758107662201e+01 -1.042830798251088709e-01
-2.686546152457594872e+00 -2.912112472951412201e+01 3.084875611239112914e-02
-2.440452402457594872e+00 -2.899356125295162201e+01 3.263403443270362914e-02
-2.209617441520094872e+00 -2.900296066701412201e+01 3.290869263582862914e-02
-1.973777597770094872e+00 -2.895999191701412201e+01 3.376318482332862914e-02
-1.736350839957594872e+00 -2.887368820607662201e+01 3.509069947176612914e-02
-1.530784433707594872e+00 -2.923074387013912201e+01 3.153540162020362914e-02
-1.164451425895094872e+00 -2.703604172170162201e+01 5.602575806551612914e-02
-1.060691660270094872e+00 -2.912283371388912201e+01 3.347326783114112914e-02
-2.639060800895094872e+00 -2.869448898732662201e+01 1.622879650967661291e-01
-2.415916269645094872e+00 -2.875491379201412201e+01 1.621811535733286291e-01
-2.209251230582594872e+00 -2.899819992482662201e+01 1.602280285733286291e-01
-1.970115488395094872e+00 -2.891580246388912201e+01 1.610520031827036291e-01
-1.735252207145094872e+00 -2.885708664357662201e+01 1.617233899014536291e-01
-1.518455332145094872e+00 -2.905130051076412201e+01 1.607620861905161291e-01
-1.164573496207594872e+00 -2.703701828420162201e+01 1.745560315030161291e-01
-1.052879160270094872e+00 -2.897122238576412201e+01 1.625321057217661291e-01
-2.681541269645094872e+00 -2.907632492482662201e+01 2.876083996670786291e-01
-2.423728769645094872e+00 -2.883071945607662201e+01 2.882645275967661291e-01
-2.208396738395094872e+00 -2.898782394826412201e+01 2.881729748623911291e-01
-1.968894785270094872e+00 -2.890090988576412201e+01 2.885391857998911291e-01
-1.771385019645094872e+00 -2.932083176076412201e+01 2.879898693936411291e-01
-1.503806894645094872e+00 -2.883975265920162201e+01 2.890579846280161291e-01
-1.164817636832594872e+00 -2.703811691701412201e+01 2.924606945889536291e-01
-1.102317636832594872e+00 -2.990713547170162201e+01 2.875626232998911291e-01
-2.683494394645094872e+00 -2.909317062795162201e+01 4.161026623623911291e-01
-2.412010019645094872e+00 -2.871621750295162201e+01 4.144852307217661291e-01
-2.147971933707594872e+00 -2.834854172170162201e+01 4.135697033780161291e-01
-1.890525644645094872e+00 -2.798989914357662201e+01 4.126846936123911291e-01
-1.641013925895094872e+00 -2.764236496388912201e+01 4.118302014248911291e-01
-1.397361582145094872e+00 -2.730313156545162201e+01 4.109909680264536291e-01
-1.161033457145094872e+00 -2.697403000295162201e+01 4.101669934170786291e-01
-9.355695899575948715e-01 -2.674087570607662201e+01 4.102432873623911291e-01
-2.685813730582594872e+00 -2.911428879201412201e+01 5.440781262295786291e-01
-2.414207285270094872e+00 -2.873709152638912201e+01 5.413162854092661291e-01
-2.148460214957594872e+00 -2.835220383107662201e+01 5.384781506436411291e-01
-1.889304941520094872e+00 -2.797512863576412201e+01 5.357163098233286291e-01
-1.638572519645094872e+00 -2.761013840138912201e+01 5.330307629483286291e-01
-1.394065683707594872e+00 -2.725442551076412201e+01 5.304215100186411291e-01
-1.158836191520094872e+00 -2.693496750295162201e+01 5.280716565030161291e-01
-9.326399024575948715e-01 -2.668350265920162201e+01 5.262406018155161291e-01
-2.686790293082594872e+00 -2.912222336232662201e+01 6.727554943936411291e-01
-2.412132089957594872e+00 -2.871633957326412201e+01 6.671250012295786291e-01
-2.145774668082594872e+00 -2.832388351857662201e+01 6.623642590420786291e-01
-1.886497324332594872e+00 -2.794168137013912201e+01 6.577103283780161291e-01
-1.635642832145094872e+00 -2.757193039357662201e+01 6.532089856045786291e-01
-1.391258066520094872e+00 -2.721170090138912201e+01 6.488297131436411291e-01
-1.156516855582594872e+00 -2.689651535451412201e+01 6.449997570889536291e-01
-9.306867774575948715e-01 -2.664382980763912201e+01 6.425278332608286291e-01
-2.801170175895094872e+00 -3.015029953420162201e+01 8.177902844327036291e-01
-2.506370371207594872e+00 -2.963247726857662201e+01 8.090164807217661291e-01
-2.325950449332594872e+00 -3.022866867482662201e+01 8.187973645108286291e-01
-2.105979746207594872e+00 -3.048928879201412201e+01 8.229782727139536291e-01
-1.870628183707594872e+00 -3.059219406545162201e+01 8.245346691983286291e-01
-1.631004160270094872e+00 -3.066519211232662201e+01 8.256027844327036291e-01
-1.390159433707594872e+00 -3.071890304982662201e+01 8.263352063077036291e-01
-1.166282480582594872e+00 -3.110562179982662201e+01 8.326218274014536291e-01
-2.904929941520094872e+00 -3.108181808888912201e+01 9.709427502530161291e-01
-2.592429941520094872e+00 -3.046792648732662201e+01 9.576370861905161291e-01
-2.396751230582594872e+00 -3.097769211232662201e+01 9.682419445889536291e-01
-2.105125254020094872e+00 -3.047720383107662201e+01 9.566300061123911291e-01
-1.899192636832594872e+00 -3.095694015920162201e+01 9.665787365811411291e-01
-1.634666269645094872e+00 -3.071658371388912201e+01 9.619553234952036291e-01
-1.422996347770094872e+00 -3.125528000295162201e+01 9.731400158780161291e-01
-1.170066660270094872e+00 -3.117544601857662201e+01 9.712021496670786291e-01
-2.875510996207594872e+00 -3.081765793263912201e+01 1.101725831307703629e+00
-2.144676035270094872e+00 -3.093557785451412201e+01 1.103038087167078629e+00
-1.926292246207594872e+00 -3.130520676076412201e+01 1.112254395760828629e+00
-1.632346933707594872e+00 -3.068118332326412201e+01 1.095790162362391129e+00
-1.419090097770094872e+00 -3.118899582326412201e+01 1.108561768807703629e+00
-1.168723886832594872e+00 -3.114480637013912201e+01 1.107814088143641129e+00
-4.946119152009487152e-02 -9.954864963889122009e+00 -1.919295642001088709e-01
2.182787097990512848e-02 -9.963043674826622009e+00 -1.919905993563588709e-01
9.323900379240512848e-02 -9.967316135764122009e+00 -1.920211169344838709e-01
1.650163475424051285e-01 -9.971588596701622009e+00 -1.920668933016713709e-01
2.365495506674051285e-01 -9.975861057639122009e+00 -1.920974108797963709e-01
3.084489647299051285e-01 -9.980133518576622009e+00 -1.921279284579213709e-01
3.801042381674051285e-01 -9.984405979514122009e+00 -1.921584460360463709e-01
4.517595116049051285e-01 -9.984772190451622009e+00 -1.921584460360463709e-01
-9.072095714509487152e-02 -1.073904465138912201e+01 -1.969039294344838709e-01
-1.235181652009487152e-02 -1.073281906545162201e+01 -1.963088366610463709e-01
6.589525379240512848e-02 -1.072659347951412201e+01 -1.957137438876088709e-01
1.441423241049051285e-01 -1.072439621388912201e+01 -1.951186511141713709e-01
2.221452537924051285e-01 -1.071817062795162201e+01 -1.945235583407338709e-01
3.003923241049051285e-01 -1.070791672170162201e+01 -1.939284655672963709e-01
3.780290428549051285e-01 -1.070181320607662201e+01 -1.933333727938588709e-01
4.556657616049051285e-01 -1.069558762013912201e+01 -1.927382800204213709e-01
-1.344221290200948715e-01 -1.156912277638912201e+01 -1.970412585360463709e-01
-4.933912120759487152e-02 -1.156582687795162201e+01 -1.966140124422963709e-01
3.586595691740512848e-02 -1.155825851857662201e+01 -1.959731433016713709e-01
1.211931053549051285e-01 -1.155069015920162201e+01 -1.953170153719838709e-01
2.061540428549051285e-01 -1.154324387013912201e+01 -1.946608874422963709e-01
2.911149803549051285e-01 -1.153567551076412201e+01 -1.940200183016713709e-01
3.757097069174051285e-01 -1.152822922170162201e+01 -1.933791491610463709e-01
4.601823631674051285e-01 -1.152066086232662201e+01 -1.927230212313588709e-01
-1.792219337075948715e-01 -1.241909836232662201e+01 -1.907393786532338709e-01
-8.779126964509487152e-02 -1.243252609670162201e+01 -1.908461901766713709e-01
4.615956917405128479e-03 -1.242459152638912201e+01 -1.902053210360463709e-01
9.714525379240512848e-02 -1.241665695607662201e+01 -1.895644518954213709e-01
1.886979881674051285e-01 -1.244082687795162201e+01 -1.904342028719838709e-01
2.808610741049051285e-01 -1.246511887013912201e+01 -1.913344714266713709e-01
3.730241600424051285e-01 -1.248928879201412201e+01 -1.922194811922963709e-01
4.655534569174051285e-01 -1.250686691701412201e+01 -1.930587145907338709e-01
-2.622297462075948715e-01 -1.399319504201412201e+01 -2.076155993563588709e-01
-1.574934180825948715e-01 -1.400137375295162201e+01 -2.076766345126088709e-01
-5.251294933259487152e-02 -1.400967453420162201e+01 -2.077529284579213709e-01
5.283373035490512848e-02 -1.401797531545162201e+01 -2.078139636141713709e-01
1.578141991049051285e-01 -1.402627609670162201e+01 -2.078749987704213709e-01
2.634050194174051285e-01 -1.403457687795162201e+01 -2.079360339266713709e-01
3.686296287924051285e-01 -1.404287765920162201e+01 -2.079970690829213709e-01
4.740983787924051285e-01 -1.405117844045162201e+01 -2.080581042391713709e-01
-3.741682227700948715e-01 -1.611709640920162201e+01 -2.315261218172963709e-01
-2.523420508950948715e-01 -1.613943527638912201e+01 -2.317092272860463709e-01
-1.297834571450948715e-01 -1.615017746388912201e+01 -2.317855212313588709e-01
-5.882089957594871521e-03 -1.613259933888912201e+01 -2.307784411532338709e-01
1.174089256674051285e-01 -1.611282394826412201e+01 -2.296950671297963709e-01
2.405778709799051285e-01 -1.609292648732662201e+01 -2.285964343172963709e-01
3.630143944174051285e-01 -1.607327316701412201e+01 -2.275130602938588709e-01
4.849626366049051285e-01 -1.604190109670162201e+01 -2.263381335360463709e-01
-4.914777930825948715e-01 -1.834280441701412201e+01 -2.389876696688588709e-01
-3.484113868325948715e-01 -1.830435226857662201e+01 -2.373244616610463709e-01
-2.066877540200948715e-01 -1.828311203420162201e+01 -2.362410876376088709e-01
-6.459791027009487152e-02 -1.824929855763912201e+01 -2.347304675204213709e-01
7.688158191740512848e-02 -1.819632004201412201e+01 -2.325637194735463709e-01
2.177507225424051285e-01 -1.814334152638912201e+01 -2.304122302157338709e-01
3.573991600424051285e-01 -1.809097336232662201e+01 -2.282912585360463709e-01
4.959489647299051285e-01 -1.803897140920162201e+01 -2.261702868563588709e-01
-6.164777930825948715e-01 -2.071499679982662201e+01 -2.306868884188588709e-01
-4.546125587075948715e-01 -2.069619797170162201e+01 -2.297408434969838709e-01
-2.934797462075948715e-01 -2.068814133107662201e+01 -2.286269518954213709e-01
-1.317365821450948715e-01 -2.066946457326412201e+01 -2.276809069735463709e-01
2.976244129240512848e-02 -2.061660812795162201e+01 -2.257430407626088709e-01
1.911393944174051285e-01 -2.054592941701412201e+01 -2.232711169344838709e-01
3.506852928549051285e-01 -2.045999191701412201e+01 -2.208449694735463709e-01
5.088884178549051285e-01 -2.039065597951412201e+01 -2.184188220126088709e-01
-7.396467383950948715e-01 -2.305142258107662201e+01 -1.991927477938588709e-01
-5.578840430825948715e-01 -2.302163742482662201e+01 -1.980178210360463709e-01
-3.766096290200948715e-01 -2.299197433888912201e+01 -1.968734118563588709e-01
-1.953352149575948715e-01 -2.296231125295162201e+01 -1.957137438876088709e-01
-1.576978527009487152e-02 -2.295755051076412201e+01 -1.951644274813588709e-01
1.641618553549051285e-01 -2.297073410451412201e+01 -1.950728747469838709e-01
3.436052147299051285e-01 -2.294570969045162201e+01 -1.940352770907338709e-01
5.225602928549051285e-01 -2.290737961232662201e+01 -1.926619860751088709e-01
-9.288557227700948715e-01 -2.664053390920162201e+01 -1.720015856844838709e-01
-7.077863868325948715e-01 -2.639846847951412201e+01 -1.666610095126088709e-01
-4.909895118325948715e-01 -2.616116379201412201e+01 -1.614119860751088709e-01
-2.777326758950948715e-01 -2.592752121388912201e+01 -1.562392565829213709e-01
-6.911451183259487152e-02 -2.569912765920162201e+01 -1.511885974032338709e-01
1.362077537924051285e-01 -2.547427414357662201e+01 -1.462142321688588709e-01
3.370134178549051285e-01 -2.525430344045162201e+01 -1.413619372469838709e-01
5.340349022299051285e-01 -2.503079269826412201e+01 -1.364333483797963709e-01
-1.094505136832594872e+00 -2.978286789357662201e+01 -1.042373034579213709e-01
-8.392561133950948715e-01 -2.935916183888912201e+01 -9.714196654385887086e-02
-5.912092383950948715e-01 -2.893484543263912201e+01 -9.004662962979637086e-02
-3.448713477700948715e-01 -2.834512375295162201e+01 -8.041833373135887086e-02
-1.163557227700948715e-01 -2.812344406545162201e+01 -7.649682494229637086e-02
1.103288475424051285e-01 -2.779214523732662201e+01 -7.089684935635887086e-02
3.305436912924051285e-01 -2.749026535451412201e+01 -6.576989623135887086e-02
5.461198631674051285e-01 -2.724758957326412201e+01 -6.155847045010887086e-02
-1.059837168082594872e+00 -2.912197922170162201e+01 3.348852662020362914e-02
-9.482649024575948715e-01 -3.181155441701412201e+01 4.481568612391129136e-03
-6.722639258950948715e-01 -3.117605637013912201e+01 1.194311646395362914e-02
-4.127424415200948715e-01 -3.078335617482662201e+01 1.673437622957862914e-02
-1.609113868325948715e-01 -3.040249679982662201e+01 2.138830689364112914e-02
8.249681629240512848e-02 -3.028152512013912201e+01 2.320410279207862914e-02
3.147966209799051285e-01 -3.304812668263912201e+01 -6.397947989171370864e-03
7.405778709799051285e-01 -6.261380051076412201e+01 -3.268172595126088709e-01
-1.052146738395094872e+00 -2.897158859670162201e+01 1.625321057217661291e-01
-8.598859962075948715e-01 -2.981448410451412201e+01 1.576187756436411291e-01
-6.319807227700948715e-01 -3.005361984670162201e+01 1.558487561123911291e-01
-3.963850196450948715e-01 -3.018521164357662201e+01 1.554825451748911291e-01
-1.560285743325948715e-01 -3.013797043263912201e+01 1.562454846280161291e-01
8.798998035490512848e-02 -2.976248215138912201e+01 1.590683606045786291e-01
3.239518944174051285e-01 -2.967910812795162201e+01 1.607315686123911291e-01
5.680925194174051285e-01 -3.134256027638912201e+01 1.507980969327036291e-01
-1.101585214957594872e+00 -2.990676926076412201e+01 2.875626232998911291e-01
-8.600080665200948715e-01 -2.981192062795162201e+01 2.881577160733286291e-01
-6.197736915200948715e-01 -2.970877121388912201e+01 2.887680676358286291e-01
-3.973615821450948715e-01 -3.021524094045162201e+01 2.883255627530161291e-01
-1.543195899575948715e-01 -3.003775070607662201e+01 2.890579846280161291e-01
8.713548816740512848e-02 -2.981228683888912201e+01 2.898667004483286291e-01
3.216325584799051285e-01 -3.039212082326412201e+01 2.893326428311411291e-01
5.668718162924051285e-01 -3.119155929982662201e+01 2.884323742764536291e-01
-9.347150977700948715e-01 -2.673916672170162201e+01 4.102280285733286291e-01
-8.604963477700948715e-01 -2.982132004201412201e+01 4.186813977139536291e-01
-6.192854102700948715e-01 -2.969033859670162201e+01 4.187119152920786291e-01
-3.940656837075948715e-01 -3.008865402638912201e+01 4.202530529873911291e-01
-1.524885352700948715e-01 -2.993643234670162201e+01 4.202225354092661291e-01
8.176439441740512848e-02 -3.027432297170162201e+01 4.216110852139536291e-01
3.232194725424051285e-01 -2.975564621388912201e+01 4.205124524014536291e-01
5.657731834799051285e-01 -3.104873703420162201e+01 4.254105236905161291e-01
-9.319074805825948715e-01 -2.668167160451412201e+01 5.262253430264536291e-01
-7.104719337075948715e-01 -2.643582199513912201e+01 5.247299816983286291e-01
-4.933088477700948715e-01 -2.619473312795162201e+01 5.232651379483286291e-01
-2.796858008950948715e-01 -2.595742844045162201e+01 5.218308117764536291e-01
-7.082349620759487152e-02 -2.572561691701412201e+01 5.204117443936411291e-01
1.346208397299051285e-01 -2.549746750295162201e+01 5.190384533780161291e-01
3.355485741049051285e-01 -2.527432297170162201e+01 5.176804211514536291e-01
5.326921287924051285e-01 -2.505532883107662201e+01 5.163529065030161291e-01
-9.299543555825948715e-01 -2.664199875295162201e+01 6.424973156827036291e-01
-7.086408790200948715e-01 -2.639309738576412201e+01 6.392014172452036291e-01
-4.919660743325948715e-01 -2.615261887013912201e+01 6.366226818936411291e-01
-2.789533790200948715e-01 -2.592373703420162201e+01 6.341660168545786291e-01
-7.057935558259487152e-02 -2.569998215138912201e+01 6.317703869717661291e-01
1.346208397299051285e-01 -2.547952316701412201e+01 6.294052746670786291e-01
3.353044334799051285e-01 -2.526382492482662201e+01 6.271011975186411291e-01
5.324479881674051285e-01 -2.505142258107662201e+01 6.254074719327036291e-01
-1.150047129020094872e+00 -3.081362961232662201e+01 8.277542736905161291e-01
-9.087141212075948715e-01 -3.089346359670162201e+01 8.294327404873911291e-01
-6.549299415200948715e-01 -3.066287277638912201e+01 8.259232190030161291e-01
-4.081037696450948715e-01 -3.056619308888912201e+01 8.246567395108286291e-01
-1.736066993325948715e-01 -3.097927902638912201e+01 8.318741467373911291e-01
4.746263660490512848e-02 -3.328054855763912201e+01 8.705856945889536291e-01
3.129655662924051285e-01 -3.304800461232662201e+01 8.670761731045786291e-01
-1.169456308707594872e+00 -3.117886398732662201e+01 9.712631848233286291e-01
-9.034650977700948715e-01 -3.077090500295162201e+01 9.629166272061411291e-01
-4.077375587075948715e-01 -3.054641769826412201e+01 9.580490734952036291e-01
-1.627424415200948715e-01 -3.041165207326412201e+01 9.555008557217661291e-01
3.127214256674051285e-01 -3.300857590138912201e+01 1.012110963143641129e+00
-1.168113535270094872e+00 -3.114956711232662201e+01 1.107936158456141129e+00
3.123552147299051285e-01 -3.302127121388912201e+01 1.157344117440516129e+00
4.520036522299051285e-01 -9.984894260764122009e+00 -1.921737048251088709e-01
5.236589256674051285e-01 -9.989777073264122009e+00 -1.922042224032338709e-01
5.953141991049051285e-01 -9.981598362326622009e+00 -1.916549059969838709e-01
6.669694725424051285e-01 -9.973419651389122009e+00 -1.911055895907338709e-01
7.383806053549051285e-01 -9.965363010764122009e+00 -1.905562731844838709e-01
8.099138084799051285e-01 -9.957306370139122009e+00 -1.900222155672963709e-01
8.810808006674051285e-01 -9.949249729514122009e+00 -1.894728991610463709e-01
9.524919334799051285e-01 -9.946686252951622009e+00 -1.894728991610463709e-01
4.559099022299051285e-01 -1.069570969045162201e+01 -1.927382800204213709e-01
5.333024803549051285e-01 -1.068643234670162201e+01 -1.921431872469838709e-01
6.106950584799051285e-01 -1.067715500295162201e+01 -1.915633532626088709e-01
6.882097069174051285e-01 -1.067190597951412201e+01 -1.909682604891713709e-01
7.653581444174051285e-01 -1.066275070607662201e+01 -1.903731677157338709e-01
8.425065819174051285e-01 -1.064944504201412201e+01 -1.897933337313588709e-01
9.196550194174051285e-01 -1.064553879201412201e+01 -1.895034167391713709e-01
9.971696678549051285e-01 -1.064663742482662201e+01 -1.895034167391713709e-01
4.604265037924051285e-01 -1.152090500295162201e+01 -1.927382800204213709e-01
5.446550194174051285e-01 -1.151016281545162201e+01 -1.920974108797963709e-01
6.288835350424051285e-01 -1.149942062795162201e+01 -1.914565417391713709e-01
7.131120506674051285e-01 -1.148880051076412201e+01 -1.908156725985463709e-01
7.969743553549051285e-01 -1.147818039357662201e+01 -1.901748034579213709e-01
8.810808006674051285e-01 -1.146756027638912201e+01 -1.895339343172963709e-01
9.653093162924051285e-01 -1.146914719045162201e+01 -1.895339343172963709e-01
1.049659902229905128e+00 -1.147073410451412201e+01 -1.895339343172963709e-01
4.659196678549051285e-01 -1.250711105763912201e+01 -1.930739733797963709e-01
5.588151756674051285e-01 -1.253433273732662201e+01 -1.939895007235463709e-01
6.521989647299051285e-01 -1.255484054982662201e+01 -1.948592517001088709e-01
7.461931053549051285e-01 -1.257559250295162201e+01 -1.957290026766713709e-01
8.403093162924051285e-01 -1.259622238576412201e+01 -1.966140124422963709e-01
9.341813866049051285e-01 -1.259646652638912201e+01 -1.965072009188588709e-01
1.026954824104905128e+00 -1.258145187795162201e+01 -1.956832263094838709e-01
1.119117910042405128e+00 -1.255960129201412201e+01 -1.948134753329213709e-01
4.744645897299051285e-01 -1.405142258107662201e+01 -2.080733630282338709e-01
5.799333397299051285e-01 -1.405532883107662201e+01 -2.081038806063588709e-01
6.855241600424051285e-01 -1.405923508107662201e+01 -2.081343981844838709e-01
7.914811912924051285e-01 -1.406326340138912201e+01 -2.081649157626088709e-01
8.971940819174051285e-01 -1.406362961232662201e+01 -2.080428454501088709e-01
1.002418691292405128e+00 -1.404483078420162201e+01 -2.070968005282338709e-01
1.107032949104905128e+00 -1.402615402638912201e+01 -2.061507556063588709e-01
1.211403066292405128e+00 -1.400747726857662201e+01 -2.052199694735463709e-01
4.854509178549051285e-01 -1.604202316701412201e+01 -2.263533923251088709e-01
6.069108787924051285e-01 -1.600576828420162201e+01 -2.244155261141713709e-01
7.275163475424051285e-01 -1.596243332326412201e+01 -2.225692126376088709e-01
8.481218162924051285e-01 -1.591922043263912201e+01 -2.207228991610463709e-01
9.675065819174051285e-01 -1.587637375295162201e+01 -2.189071032626088709e-01
1.086769277229905128e+00 -1.583352707326412201e+01 -2.170913073641713709e-01
1.204933339729905128e+00 -1.579104660451412201e+01 -2.152755114657338709e-01
1.321876699104905128e+00 -1.573989914357662201e+01 -2.134902331454213709e-01
4.964372459799051285e-01 -1.803897140920162201e+01 -2.261702868563588709e-01
6.341325584799051285e-01 -1.798342941701412201e+01 -2.240645739657338709e-01
7.710954491049051285e-01 -1.792837570607662201e+01 -2.219741198641713709e-01
9.073259178549051285e-01 -1.786746262013912201e+01 -2.196853015047963709e-01
1.041359120979905128e+00 -1.778311203420162201e+01 -2.166182849032338709e-01
1.174537831917405128e+00 -1.769937179982662201e+01 -2.135665270907338709e-01
1.306251699104905128e+00 -1.762039230763912201e+01 -2.106826159579213709e-01
1.437477285042405128e+00 -1.755313156545162201e+01 -2.081954333407338709e-01
5.093766991049051285e-01 -2.039065597951412201e+01 -2.184188220126088709e-01
6.663591209799051285e-01 -2.031826828420162201e+01 -2.160231921297963709e-01
8.226091209799051285e-01 -2.026211594045162201e+01 -2.136428210360463709e-01
9.781266991049051285e-01 -2.019046066701412201e+01 -2.112624499422963709e-01
1.131935292854905128e+00 -2.011953781545162201e+01 -2.089125964266713709e-01
1.285255605354905128e+00 -2.004885910451412201e+01 -2.065780017001088709e-01
1.436012441292405128e+00 -1.996353195607662201e+01 -2.042739245516713709e-01
1.586647206917405128e+00 -1.989419601857662201e+01 -2.019698474032338709e-01
5.231706444174051285e-01 -2.290725754201412201e+01 -1.926619860751088709e-01
7.015153709799051285e-01 -2.286624191701412201e+01 -1.913039538485463709e-01
8.792497459799051285e-01 -2.282522629201412201e+01 -1.899459216219838709e-01
1.056984120979905128e+00 -2.278421066701412201e+01 -1.885878893954213709e-01
1.233497792854905128e+00 -2.274356125295162201e+01 -1.872451159579213709e-01
1.410133535042405128e+00 -2.270278976857662201e+01 -1.858870837313588709e-01
1.585182363167405128e+00 -2.265506027638912201e+01 -1.843764636141713709e-01
1.760963613167405128e+00 -2.263003586232662201e+01 -1.834151599032338709e-01
5.347673241049051285e-01 -2.502969406545162201e+01 -1.364028308016713709e-01
7.289811912924051285e-01 -2.486941574513912201e+01 -1.327864977938588709e-01
9.207536522299051285e-01 -2.471121262013912201e+01 -1.292006823641713709e-01
1.110695058479905128e+00 -2.455447433888912201e+01 -1.256606433016713709e-01
1.297584706917405128e+00 -2.440029953420162201e+01 -1.221663806063588709e-01
1.482643300667405128e+00 -2.424746750295162201e+01 -1.187178942782338709e-01
1.664894277229905128e+00 -2.409719894826412201e+01 -1.153151843172963709e-01
1.844703847542405128e+00 -2.394863937795162201e+01 -1.119582507235463709e-01
5.468522850424051285e-01 -2.724697922170162201e+01 -6.154321166104637086e-02
7.602311912924051285e-01 -2.714492844045162201e+01 -5.948327513760887086e-02
9.714128319174051285e-01 -2.701162765920162201e+01 -5.695031615323387086e-02
1.180030995979905128e+00 -2.683755539357662201e+01 -5.377648802823387086e-02
1.385109120979905128e+00 -2.666629074513912201e+01 -5.066369505948387086e-02
1.584572011604905128e+00 -2.641714523732662201e+01 -4.636071654385887086e-02
1.788307363167405128e+00 -2.632876633107662201e+01 -4.452966185635887086e-02
1.928566152229905128e+00 -2.526809738576412201e+01 -2.782128783292137086e-02
7.424089256674051285e-01 -6.260611008107662201e+01 -3.267409655672963709e-01
7.806169334799051285e-01 -2.863589523732662201e+01 4.258276490145362914e-02
1.515114003792405128e+00 -5.158792160451412201e+01 -2.050978991610463709e-01
1.928810292854905128e+00 -5.142422531545162201e+01 -2.023055407626088709e-01
1.452980214729905128e+00 -2.842422531545162201e+01 4.651953247957862914e-02
1.639137441292405128e+00 -2.757998703420162201e+01 5.614782837801612914e-02
1.791359120979905128e+00 -2.638980148732662201e+01 6.945349244051612914e-02
1.999000722542405128e+00 -2.637844894826412201e+01 7.007910279207862914e-02
5.689470116049051285e-01 -3.134426926076412201e+01 1.507828381436411291e-01
1.356910878792405128e+00 -7.034353683888912201e+01 -9.145043822354637086e-02
1.524147206917405128e+00 -5.202322433888912201e+01 2.250219849520362914e-02
1.937843495979905128e+00 -5.174038742482662201e+01 2.534033326082862914e-02
1.434547597542405128e+00 -2.795877121388912201e+01 1.735794690030161291e-01
1.677101308479905128e+00 -2.839529465138912201e+01 1.714584973233286291e-01
1.850685292854905128e+00 -2.746694992482662201e+01 1.783859875577036291e-01
2.000953847542405128e+00 -2.641409347951412201e+01 1.853745129483286291e-01
5.678483787924051285e-01 -3.119314621388912201e+01 2.884323742764536291e-01
1.558448964729905128e+00 -8.499343918263912201e+01 2.006027844327036291e-01
2.209205800667405128e+00 -8.302944992482662201e+01 2.056992199795786291e-01
1.961280995979905128e+00 -5.253140304982662201e+01 2.563431408780161291e-01
2.378761464729905128e+00 -5.232876633107662201e+01 2.578385022061411291e-01
1.624855214729905128e+00 -2.729348801076412201e+01 2.978928234952036291e-01
1.864845449104905128e+00 -2.773025558888912201e+01 2.978165295498911291e-01
2.003029042854905128e+00 -2.645449875295162201e+01 3.003494885342661291e-01
5.667497459799051285e-01 -3.105056808888912201e+01 4.254105236905161291e-01
1.618141347542405128e+00 -8.938723801076412201e+01 5.967362072842661291e-01
2.361061269417405128e+00 -8.994082687795162201e+01 6.005051281827036291e-01
3.124000722542405128e+00 -9.075674484670162201e+01 6.050827649014536291e-01
3.519386464729905128e+00 -8.178738449513912201e+01 5.802414563077036291e-01
1.649269277229905128e+00 -2.781973312795162201e+01 4.184830334561411291e-01
1.863990956917405128e+00 -2.772048996388912201e+01 4.188187268155161291e-01
2.005836660042405128e+00 -2.650271652638912201e+01 4.163162854092661291e-01
5.334245506674051285e-01 -2.505386398732662201e+01 5.163376477139536291e-01
7.276384178549051285e-01 -2.488308762013912201e+01 5.156510022061411291e-01
9.194108787924051285e-01 -2.472403000295162201e+01 5.150559094327036291e-01
1.109352285042405128e+00 -2.456643722951412201e+01 5.144455578702036291e-01
1.296119863167405128e+00 -2.441140793263912201e+01 5.138657238858286291e-01
1.481300527229905128e+00 -2.425796554982662201e+01 5.132706311123911291e-01
1.663429433479905128e+00 -2.410684250295162201e+01 5.127060559170786291e-01
1.843239003792405128e+00 -2.395755051076412201e+01 5.121414807217661291e-01
5.331804100424051285e-01 -2.504995773732662201e+01 6.253922131436411291e-01
7.273942772299051285e-01 -2.488272140920162201e+01 6.234238293545786291e-01
9.191667381674051285e-01 -2.472598312795162201e+01 6.221420910733286291e-01
1.109108144417405128e+00 -2.457070969045162201e+01 6.208756115811411291e-01
1.296119863167405128e+00 -2.441787765920162201e+01 6.196396496670786291e-01
1.481300527229905128e+00 -2.426638840138912201e+01 6.184036877530161291e-01
1.663673574104905128e+00 -2.411746262013912201e+01 6.171982434170786291e-01
1.843605214729905128e+00 -2.396975754201412201e+01 6.165421154873911291e-01
3.498512441292405128e+00 -5.726773117482662201e+01 1.281321778573328629e+00
3.981788808479905128e+00 -5.755020187795162201e+01 1.287669434823328629e+00
3.417091542854905128e+00 -5.581204269826412201e+01 1.507807984628016129e+00
3.974098378792405128e+00 -5.744314621388912201e+01 1.544505372323328629e+00
3.504860097542405128e+00 -5.741189621388912201e+01 1.799189820565516129e+00
9.527360741049051285e-01 -9.946564182639122009e+00 -1.894728991610463709e-01
1.024513417854905128e+00 -9.947906956076622009e+00 -1.894728991610463709e-01
1.096168691292405128e+00 -9.945709690451622009e+00 -1.894728991610463709e-01
1.168068105354905128e+00 -9.943512424826622009e+00 -1.894728991610463709e-01
1.239845449104905128e+00 -9.941315159201622009e+00 -1.894728991610463709e-01
1.311989003792405128e+00 -9.939239963889122009e+00 -1.894728991610463709e-01
1.383888417854905128e+00 -9.937042698264122009e+00 -1.894728991610463709e-01
1.455421620979905128e+00 -9.931427463889122009e+00 -1.894728991610463709e-01
9.974138084799051285e-01 -1.064663742482662201e+01 -1.895034167391713709e-01
1.074806386604905128e+00 -1.064468429982662201e+01 -1.895034167391713709e-01
1.152198964729905128e+00 -1.064273117482662201e+01 -1.895034167391713709e-01
1.230446035042405128e+00 -1.064480637013912201e+01 -1.895034167391713709e-01
1.308082753792405128e+00 -1.064285324513912201e+01 -1.895034167391713709e-01
1.385597402229905128e+00 -1.063687179982662201e+01 -1.895034167391713709e-01
1.463478261604905128e+00 -1.063491867482662201e+01 -1.895034167391713709e-01
1.541359120979905128e+00 -1.063296554982662201e+01 -1.895034167391713709e-01
1.050026113167405128e+00 -1.147061203420162201e+01 -1.895186755282338709e-01
1.134254628792405128e+00 -1.146902512013912201e+01 -1.895186755282338709e-01
1.218605214729905128e+00 -1.146731613576412201e+01 -1.895186755282338709e-01
1.303322011604905128e+00 -1.146572922170162201e+01 -1.895186755282338709e-01
1.387916738167405128e+00 -1.146414230763912201e+01 -1.895186755282338709e-01
1.472877675667405128e+00 -1.146243332326412201e+01 -1.895186755282338709e-01
1.557594472542405128e+00 -1.146084640920162201e+01 -1.895186755282338709e-01
1.642555410042405128e+00 -1.145925949513912201e+01 -1.895186755282338709e-01
1.119362050667405128e+00 -1.255960129201412201e+01 -1.948134753329213709e-01
1.212013417854905128e+00 -1.254739426076412201e+01 -1.940200183016713709e-01
1.303932363167405128e+00 -1.252847336232662201e+01 -1.931655261141713709e-01
1.396095449104905128e+00 -1.250955246388912201e+01 -1.923262927157338709e-01
1.487648183479905128e+00 -1.249063156545162201e+01 -1.914718005282338709e-01
1.579445058479905128e+00 -1.247171066701412201e+01 -1.906325671297963709e-01
1.670753652229905128e+00 -1.245291183888912201e+01 -1.897933337313588709e-01
1.762794667854905128e+00 -1.244131515920162201e+01 -1.895644518954213709e-01
1.211769277229905128e+00 -1.400735519826412201e+01 -2.052047106844838709e-01
1.315651113167405128e+00 -1.398452804982662201e+01 -2.042434069735463709e-01
1.419288808479905128e+00 -1.396157883107662201e+01 -2.032668444735463709e-01
1.523048574104905128e+00 -1.393875168263912201e+01 -2.023055407626088709e-01
1.626320058479905128e+00 -1.391604660451412201e+01 -2.013442370516713709e-01
1.729591542854905128e+00 -1.389321945607662201e+01 -2.003829333407338709e-01
1.832374745979905128e+00 -1.387051437795162201e+01 -1.994216296297963709e-01
1.935035878792405128e+00 -1.384793137013912201e+01 -1.984755847079213709e-01
1.322242910042405128e+00 -1.573953293263912201e+01 -2.134749743563588709e-01
1.439552480354905128e+00 -1.570291183888912201e+01 -2.116896960360463709e-01
1.555763417854905128e+00 -1.565750168263912201e+01 -2.099196765047963709e-01
1.671730214729905128e+00 -1.561209152638912201e+01 -2.081496569735463709e-01
1.786842519417405128e+00 -1.556716965138912201e+01 -2.063796374422963709e-01
1.901710683479905128e+00 -1.552224777638912201e+01 -2.046248767001088709e-01
2.015602285042405128e+00 -1.547769211232662201e+01 -2.028853747469838709e-01
2.128029042854905128e+00 -1.542459152638912201e+01 -2.011763903719838709e-01
1.437843495979905128e+00 -1.755264328420162201e+01 -2.081801745516713709e-01
1.567848378792405128e+00 -1.748294113576412201e+01 -2.057235095126088709e-01
1.696998769417405128e+00 -1.741372726857662201e+01 -2.032973620516713709e-01
1.825660878792405128e+00 -1.734475754201412201e+01 -2.008864733797963709e-01
1.955421620979905128e+00 -1.730252121388912201e+01 -1.993605944735463709e-01
2.087379628792405128e+00 -1.728042648732662201e+01 -1.985213610751088709e-01
2.218727285042405128e+00 -1.725845383107662201e+01 -1.976973864657338709e-01
2.349830800667405128e+00 -1.723648117482662201e+01 -1.968581530672963709e-01
1.587135488167405128e+00 -1.989358566701412201e+01 -2.019545886141713709e-01
1.736427480354905128e+00 -1.982132004201412201e+01 -1.996657702547963709e-01
1.886207753792405128e+00 -1.976565597951412201e+01 -1.974227282626088709e-01
2.037697011604905128e+00 -1.973184250295162201e+01 -1.962630602938588709e-01
2.188331777229905128e+00 -1.969827316701412201e+01 -1.951186511141713709e-01
2.339210683479905128e+00 -1.966458176076412201e+01 -1.939589831454213709e-01
2.487404042854905128e+00 -1.961611984670162201e+01 -1.928298327547963709e-01
2.637062245979905128e+00 -1.958279465138912201e+01 -1.916854235751088709e-01
1.761573964729905128e+00 -2.262991379201412201e+01 -1.834151599032338709e-01
1.936256581917405128e+00 -2.259378097951412201e+01 -1.822554919344838709e-01
2.119484120979905128e+00 -2.266665695607662201e+01 -1.837508532626088709e-01
2.302101308479905128e+00 -2.270877121388912201e+01 -1.845137927157338709e-01
2.484962636604905128e+00 -2.275088547170162201e+01 -1.852614733797963709e-01
2.669532949104905128e+00 -2.279348801076412201e+01 -1.860244128329213709e-01
2.854591542854905128e+00 -2.283609054982662201e+01 -1.867873522860463709e-01
3.036842519417405128e+00 -2.284854172170162201e+01 -1.868026110751088709e-01
1.845314199104905128e+00 -2.394778488576412201e+01 -1.119429919344838709e-01
2.023048574104905128e+00 -2.380105637013912201e+01 -1.086470934969838709e-01
2.207985097542405128e+00 -2.377053879201412201e+01 -1.076705309969838709e-01
2.489723378792405128e+00 -2.482351730763912201e+01 -1.282241198641713709e-01
2.682228261604905128e+00 -2.478262375295162201e+01 -1.270186755282338709e-01
2.724586660042405128e+00 -2.331753586232662201e+01 -9.756921263760887086e-02
3.057350331917405128e+00 -2.461709640920162201e+01 -1.229598376376088709e-01
3.224220449104905128e+00 -2.438186691701412201e+01 -1.179091784579213709e-01
1.929542714729905128e+00 -2.527236984670162201e+01 -2.789758177823387086e-02
2.140968495979905128e+00 -2.543923996388912201e+01 -2.997277709073387086e-02
2.316139394417405128e+00 -2.511831711232662201e+01 -2.458642455167137086e-02
2.532814199104905128e+00 -2.531301926076412201e+01 -2.707360716885887086e-02
2.746315175667405128e+00 -2.544509933888912201e+01 -2.859948607510887086e-02
2.724098378792405128e+00 -2.331716965138912201e+01 4.252686776453629136e-03
3.111183339729905128e+00 -2.509292648732662201e+01 -2.228234740323387086e-02
3.300270253792405128e+00 -2.500589035451412201e+01 -2.048181029385887086e-02
1.999733144417405128e+00 -2.637808273732662201e+01 7.009436158114112914e-02
2.138038808479905128e+00 -2.540530441701412201e+01 8.108068970614112914e-02
2.315773183479905128e+00 -2.511843918263912201e+01 8.471228150301612914e-02
2.557350331917405128e+00 -2.559390304982662201e+01 8.021093872957862914e-02
2.740211660042405128e+00 -2.538736008107662201e+01 8.297277954989112914e-02
2.723610097542405128e+00 -2.331668137013912201e+01 1.054947522061411291e-01
3.103859120979905128e+00 -2.503311203420162201e+01 8.787085083895362914e-02
3.250709706917405128e+00 -2.460513351857662201e+01 9.295202759676612914e-02
2.001564199104905128e+00 -2.641384933888912201e+01 1.853745129483286291e-01
2.129738027229905128e+00 -2.529531906545162201e+01 1.928513195889536291e-01
2.315406972542405128e+00 -2.511843918263912201e+01 1.939804699795786291e-01
2.524513417854905128e+00 -2.522976730763912201e+01 1.939652111905161291e-01
2.722877675667405128e+00 -2.521340988576412201e+01 1.947128918545786291e-01
2.723243886604905128e+00 -2.331631515920162201e+01 2.067215588467661291e-01
3.084816152229905128e+00 -2.486953781545162201e+01 1.986344006436411291e-01
3.245948964729905128e+00 -2.457034347951412201e+01 2.010605481045786291e-01
2.003761464729905128e+00 -2.645401047170162201e+01 3.003494885342661291e-01
2.121559316292405128e+00 -2.518655441701412201e+01 3.029892590420786291e-01
2.314918691292405128e+00 -2.511843918263912201e+01 3.038284924405161291e-01
2.504127675667405128e+00 -2.500430344045162201e+01 3.047135022061411291e-01
2.721901113167405128e+00 -2.520767258107662201e+01 3.051712658780161291e-01
2.722755605354905128e+00 -2.331594894826412201e+01 3.084671643155161291e-01
3.057594472542405128e+00 -2.463516281545162201e+01 3.073990490811411291e-01
3.406471425667405128e+00 -2.588504074513912201e+01 3.064987805264536291e-01
2.006447011604905128e+00 -2.650247238576412201e+01 4.163162854092661291e-01
2.191871816292405128e+00 -2.616677902638912201e+01 4.155075695889536291e-01
2.314552480354905128e+00 -2.511856125295162201e+01 4.130661633389536291e-01
2.545021230354905128e+00 -2.546914719045162201e+01 4.149887707608286291e-01
2.775245839729905128e+00 -2.576150558888912201e+01 4.167587902920786291e-01
2.722267324104905128e+00 -2.331546066701412201e+01 4.096481945889536291e-01
3.097145253792405128e+00 -2.498611496388912201e+01 4.159042981045786291e-01
3.308815175667405128e+00 -2.509207199513912201e+01 4.176590588467661291e-01
1.843849355354905128e+00 -2.395657394826412201e+01 5.121262219327036291e-01
2.021583730354905128e+00 -2.380947922170162201e+01 5.118363049405161291e-01
2.197242910042405128e+00 -2.366397140920162201e+01 5.115616467373911291e-01
2.371437245979905128e+00 -2.351968429982662201e+01 5.112869885342661291e-01
2.543190175667405128e+00 -2.337759445607662201e+01 5.110123303311411291e-01
2.713600331917405128e+00 -2.323648117482662201e+01 5.107376721280161291e-01
2.887794667854905128e+00 -2.315347336232662201e+01 5.109055188077036291e-01
3.058326894417405128e+00 -2.304934738576412201e+01 5.109055188077036291e-01
1.844215566292405128e+00 -2.396878097951412201e+01 6.165268566983286291e-01
2.022194081917405128e+00 -2.382351730763912201e+01 6.151230481045786291e-01
2.198097402229905128e+00 -2.367947433888912201e+01 6.142685559170786291e-01
2.372535878792405128e+00 -2.353653000295162201e+01 6.134293225186411291e-01
2.544532949104905128e+00 -2.339566086232662201e+01 6.125900891202036291e-01
2.715187245979905128e+00 -2.325576828420162201e+01 6.117661145108286291e-01
2.889259511604905128e+00 -2.316958664357662201e+01 6.115982678311411291e-01
3.059791738167405128e+00 -2.306472824513912201e+01 6.117203381436411291e-01
3.983375722542405128e+00 -5.755093429982662201e+01 1.287684693612391129e+00
2.025856191292405128e+00 -2.387930344045162201e+01 7.197678234952036291e-01
2.201881581917405128e+00 -2.373196457326412201e+01 7.182877209561411291e-01
2.376564199104905128e+00 -2.358584640920162201e+01 7.168076184170786291e-01
2.548683339729905128e+00 -2.344180344045162201e+01 7.153427746670786291e-01
2.719337636604905128e+00 -2.329898117482662201e+01 7.139084484952036291e-01
2.893409902229905128e+00 -2.321011398732662201e+01 7.133743908780161291e-01
3.064308339729905128e+00 -2.310501144826412201e+01 7.125504162686411291e-01
3.975441152229905128e+00 -5.743936203420162201e+01 1.544413819588953629e+00
4.427711660042405128e+00 -5.723294113576412201e+01 1.542689576424891129e+00
2.312965566292405128e+00 -2.511868332326412201e+01 8.515885022061411291e-01
2.721534902229905128e+00 -2.747720383107662201e+01 9.031784680264536291e-01
2.874244863167405128e+00 -2.679898117482662201e+01 8.897354748623911291e-01
2.980446035042405128e+00 -2.577676437795162201e+01 8.693802502530161291e-01
3.350685292854905128e+00 -2.722818039357662201e+01 9.022019055264536291e-01
3.477272206917405128e+00 -2.648440597951412201e+01 8.872177746670786291e-01
4.416969472542405128e+00 -5.709536789357662201e+01 1.795542969979578629e+00
2.312599355354905128e+00 -2.511868332326412201e+01 9.607346203702036291e-01
2.917701894417405128e+00 -2.969302414357662201e+01 1.082057252206141129e+00
5.817360097542405128e+00 -5.711380051076412201e+01 1.804744019784266129e+00
3.159889394417405128e+00 -2.748196457326412201e+01 1.026744141854578629e+00
3.282692128792405128e+00 -2.663491867482662201e+01 1.005748048104578629e+00
3.564796620979905128e+00 -2.720462082326412201e+01 1.022792115487391129e+00
1.455665761604905128e+00 -9.931305393576622009e+00 -1.894728991610463709e-01
1.527809316292405128e+00 -9.929596409201622009e+00 -1.894728991610463709e-01
1.599708730354905128e+00 -9.924469456076622009e+00 -1.894728991610463709e-01
1.671852285042405128e+00 -9.919342502951622009e+00 -1.894728991610463709e-01
1.743751699104905128e+00 -9.914093479514122009e+00 -1.894728991610463709e-01
1.816139394417405128e+00 -9.908966526389122009e+00 -1.894728991610463709e-01
1.888282949104905128e+00 -9.903717502951622009e+00 -1.894728991610463709e-01
1.959938222542405128e+00 -9.895050510764122009e+00 -1.894728991610463709e-01
1.541603261604905128e+00 -1.063284347951412201e+01 -1.895034167391713709e-01
1.619239980354905128e+00 -1.062783859670162201e+01 -1.895034167391713709e-01
1.696998769417405128e+00 -1.062271164357662201e+01 -1.895034167391713709e-01
1.775612050667405128e+00 -1.062161301076412201e+01 -1.895034167391713709e-01
1.853614980354905128e+00 -1.061660812795162201e+01 -1.895034167391713709e-01
1.931251699104905128e+00 -1.060745285451412201e+01 -1.895034167391713709e-01
2.009498769417405128e+00 -1.060232590138912201e+01 -1.895034167391713709e-01
2.087745839729905128e+00 -1.059719894826412201e+01 -1.895034167391713709e-01
1.642799550667405128e+00 -1.145925949513912201e+01 -1.895339343172963709e-01
1.727394277229905128e+00 -1.145437668263912201e+01 -1.895339343172963709e-01
1.812111074104905128e+00 -1.144949387013912201e+01 -1.895339343172963709e-01
1.897316152229905128e+00 -1.144461105763912201e+01 -1.895339343172963709e-01
1.982277089729905128e+00 -1.143972824513912201e+01 -1.895339343172963709e-01
2.067726308479905128e+00 -1.143472336232662201e+01 -1.895339343172963709e-01
2.152931386604905128e+00 -1.142984054982662201e+01 -1.895339343172963709e-01
2.238380605354905128e+00 -1.142495773732662201e+01 -1.895339343172963709e-01
1.763038808479905128e+00 -1.244131515920162201e+01 -1.895644518954213709e-01
1.856788808479905128e+00 -1.244253586232662201e+01 -1.895644518954213709e-01
1.949928456917405128e+00 -1.243801926076412201e+01 -1.895644518954213709e-01
2.043434316292405128e+00 -1.243350265920162201e+01 -1.895644518954213709e-01
2.136940175667405128e+00 -1.242898605763912201e+01 -1.895644518954213709e-01
2.230812245979905128e+00 -1.242434738576412201e+01 -1.895644518954213709e-01
2.324562245979905128e+00 -1.241983078420162201e+01 -1.895644518954213709e-01
2.417457753792405128e+00 -1.240945480763912201e+01 -1.895644518954213709e-01
1.935280019417405128e+00 -1.384780929982662201e+01 -1.984603259188588709e-01
2.037208730354905128e+00 -1.382095383107662201e+01 -1.974837634188588709e-01
2.138893300667405128e+00 -1.379422043263912201e+01 -1.964919421297963709e-01
2.240699941292405128e+00 -1.376736496388912201e+01 -1.955153796297963709e-01
2.342018300667405128e+00 -1.374075363576412201e+01 -1.945388171297963709e-01
2.443458730354905128e+00 -1.371402023732662201e+01 -1.935622546297963709e-01
2.544410878792405128e+00 -1.368740890920162201e+01 -1.925856921297963709e-01
2.645240956917405128e+00 -1.366091965138912201e+01 -1.916091296297963709e-01
2.128395253792405128e+00 -1.542434738576412201e+01 -2.011611315829213709e-01
2.241920644417405128e+00 -1.538528488576412201e+01 -1.994368884188588709e-01
2.353981191292405128e+00 -1.533792160451412201e+01 -1.977126452547963709e-01
2.465797597542405128e+00 -1.529043625295162201e+01 -1.960189196688588709e-01
2.576881581917405128e+00 -1.524343918263912201e+01 -1.943099352938588709e-01
2.687843495979905128e+00 -1.519632004201412201e+01 -1.926162097079213709e-01
2.797950917854905128e+00 -1.514968918263912201e+01 -1.909377429110463709e-01
2.907936269417405128e+00 -1.510464523732662201e+01 -1.896712634188588709e-01
2.350319081917405128e+00 -1.723635910451412201e+01 -1.968581530672963709e-01
2.480201894417405128e+00 -1.720608566701412201e+01 -1.958663317782338709e-01
2.606178456917405128e+00 -1.714810226857662201e+01 -1.939437243563588709e-01
2.731910878792405128e+00 -1.709024094045162201e+01 -1.920211169344838709e-01
2.856666738167405128e+00 -1.703274582326412201e+01 -1.901137683016713709e-01
2.988624745979905128e+00 -1.702053879201412201e+01 -1.897322985751088709e-01
3.122169667854905128e+00 -1.701968429982662201e+01 -1.897322985751088709e-01
3.256202870979905128e+00 -1.701870773732662201e+01 -1.897322985751088709e-01
2.637550527229905128e+00 -1.958255051076412201e+01 -1.916854235751088709e-01
2.786476308479905128e+00 -1.954592941701412201e+01 -1.905410143954213709e-01
2.939308339729905128e+00 -1.953884933888912201e+01 -1.898238513094838709e-01
3.094215566292405128e+00 -1.954141281545162201e+01 -1.898238513094838709e-01
3.249122792854905128e+00 -1.954385422170162201e+01 -1.898238513094838709e-01
3.405006581917405128e+00 -1.954641769826412201e+01 -1.898238513094838709e-01
3.558082753792405128e+00 -1.953335617482662201e+01 -1.898238513094838709e-01
3.714210683479905128e+00 -1.953579758107662201e+01 -1.898238513094838709e-01
3.037452870979905128e+00 -2.284866379201412201e+01 -1.868026110751088709e-01
3.219459706917405128e+00 -2.285391281545162201e+01 -1.867263171297963709e-01
3.398414785042405128e+00 -2.283474777638912201e+01 -1.860549304110463709e-01
3.565895253792405128e+00 -2.273220871388912201e+01 -1.833388659579213709e-01
3.731666738167405128e+00 -2.263076828420162201e+01 -1.806533190829213709e-01
3.896827870979905128e+00 -2.252969406545162201e+01 -1.779830309969838709e-01
4.060280019417405128e+00 -2.242971847951412201e+01 -1.753432604891713709e-01
4.222511464729905128e+00 -2.233035324513912201e+01 -1.727034899813588709e-01
3.224708730354905128e+00 -2.438028000295162201e+01 -1.178786608797963709e-01
3.388771230354905128e+00 -2.415017746388912201e+01 -1.129653308016713709e-01
3.574684316292405128e+00 -2.410232590138912201e+01 -1.116683337313588709e-01
3.761085683479905128e+00 -2.405447433888912201e+01 -1.103560778719838709e-01
3.946388417854905128e+00 -2.400686691701412201e+01 -1.090743395907338709e-01
4.132057363167405128e+00 -2.395913742482662201e+01 -1.077620837313588709e-01
4.316871816292405128e+00 -2.391165207326412201e+01 -1.064803454501088709e-01
4.501320058479905128e+00 -2.386428879201412201e+01 -1.051833483797963709e-01
3.301979238167405128e+00 -2.501419113576412201e+01 -2.060388060635887086e-02
3.522194081917405128e+00 -2.517324875295162201e+01 -2.249597045010887086e-02
3.707374745979905128e+00 -2.505715988576412201e+01 -2.023766966885887086e-02
3.893898183479905128e+00 -2.495657394826412201e+01 -1.820825072354637086e-02
4.124855214729905128e+00 -2.515103195607662201e+01 -2.063439818448387086e-02
4.360939199104905128e+00 -2.534988449513912201e+01 -2.310632201260887086e-02
4.441383535042405128e+00 -2.463247726857662201e+01 -1.179955931729637086e-02
4.624489003792405128e+00 -2.454397629201412201e+01 -9.968504629796370864e-03
3.251686269417405128e+00 -2.460806320607662201e+01 9.292151001864112914e-02
3.498878652229905128e+00 -2.499905441701412201e+01 8.944250611239112914e-02
3.799415761604905128e+00 -2.572110031545162201e+01 8.249975708895362914e-02
3.944923574104905128e+00 -2.530508469045162201e+01 8.753515747957862914e-02
4.128761464729905128e+00 -2.517971847951412201e+01 8.948828247957862914e-02
4.351783925667405128e+00 -2.529763840138912201e+01 8.892370728426612914e-02
4.633888417854905128e+00 -2.574588058888912201e+01 8.492590454989112914e-02
4.800270253792405128e+00 -2.551284836232662201e+01 8.800817994051612914e-02
3.246803456917405128e+00 -2.457144211232662201e+01 2.010452893155161291e-01
3.497413808479905128e+00 -2.499173019826412201e+01 1.993515637295786291e-01
3.688697988167405128e+00 -2.493057297170162201e+01 1.999008801358286291e-01
3.936744863167405128e+00 -2.525320480763912201e+01 1.988175061123911291e-01
4.148414785042405128e+00 -2.530899094045162201e+01 1.992752697842661291e-01
4.282325917854905128e+00 -2.487991379201412201e+01 2.025559094327036291e-01
4.661110097542405128e+00 -2.590603683888912201e+01 1.980698254483286291e-01
4.792946035042405128e+00 -2.547622726857662201e+01 2.013352063077036291e-01
3.407203847542405128e+00 -2.588577316701412201e+01 3.065140393155161291e-01
3.501075917854905128e+00 -2.502261398732662201e+01 3.085434582608286291e-01
3.688575917854905128e+00 -2.493325851857662201e+01 3.095657971280161291e-01
3.918678456917405128e+00 -2.513430832326412201e+01 3.102677014248911291e-01
4.168556386604905128e+00 -2.544094894826412201e+01 3.108475354092661291e-01
4.291359120979905128e+00 -2.493814133107662201e+01 3.123428967373911291e-01
4.617286855354905128e+00 -2.565689133107662201e+01 3.125107434170786291e-01
4.783668691292405128e+00 -2.542886398732662201e+01 3.137009289639536291e-01
3.309547597542405128e+00 -2.509194992482662201e+01 4.176590588467661291e-01
3.629249745979905128e+00 -2.600601242482662201e+01 4.212143566983286291e-01
3.721534902229905128e+00 -2.517385910451412201e+01 4.194748547452036291e-01
3.900001699104905128e+00 -2.501174972951412201e+01 4.199936535733286291e-01
4.169410878792405128e+00 -2.545022629201412201e+01 4.225876477139536291e-01
4.296852285042405128e+00 -2.497488449513912201e+01 4.219925549405161291e-01
4.608864003792405128e+00 -2.561160324513912201e+01 4.253494885342661291e-01
4.913429433479905128e+00 -2.614541672170162201e+01 4.290115979092661291e-01
3.058937245979905128e+00 -2.304873703420162201e+01 5.109055188077036291e-01
3.228248769417405128e+00 -2.294558762013912201e+01 5.111801770108286291e-01
3.396339589729905128e+00 -2.284329269826412201e+01 5.114548352139536291e-01
3.563942128792405128e+00 -2.274124191701412201e+01 5.117142346280161291e-01
3.729713613167405128e+00 -2.264028976857662201e+01 5.119736340420786291e-01
3.894874745979905128e+00 -2.253970383107662201e+01 5.122482922452036291e-01
4.058448964729905128e+00 -2.244009445607662201e+01 5.125076916592661291e-01
4.220802480354905128e+00 -2.234121750295162201e+01 5.127518322842661291e-01
3.060402089729905128e+00 -2.306411789357662201e+01 6.117203381436411291e-01
3.229713613167405128e+00 -2.296060226857662201e+01 6.110947277920786291e-01
3.397926503792405128e+00 -2.285745285451412201e+01 6.110031750577036291e-01
3.565406972542405128e+00 -2.275479172170162201e+01 6.109268811123911291e-01
3.731178456917405128e+00 -2.265298508107662201e+01 6.108353283780161291e-01
3.896339589729905128e+00 -2.255166672170162201e+01 6.107437756436411291e-01
4.059913808479905128e+00 -2.245144699513912201e+01 6.106522229092661291e-01
4.222145253792405128e+00 -2.235134933888912201e+01 6.110794690030161291e-01
3.064918691292405128e+00 -2.310440109670162201e+01 7.125504162686411291e-01
3.234474355354905128e+00 -2.300039719045162201e+01 7.120926525967661291e-01
3.402931386604905128e+00 -2.289712570607662201e+01 7.116501477139536291e-01
3.570778066292405128e+00 -2.279434250295162201e+01 7.112229016202036291e-01
3.736915761604905128e+00 -2.269253586232662201e+01 7.107803967373911291e-01
3.902443105354905128e+00 -2.259109543263912201e+01 7.103531506436411291e-01
4.066139394417405128e+00 -2.249075363576412201e+01 7.099106457608286291e-01
4.228859120979905128e+00 -2.239102219045162201e+01 7.094833996670786291e-01
3.573097402229905128e+00 -2.726089523732662201e+01 9.042008068936411291e-01
3.666847402229905128e+00 -2.630947922170162201e+01 8.850968029873911291e-01
3.843849355354905128e+00 -2.606704758107662201e+01 8.814804699795786291e-01
4.027687245979905128e+00 -2.589065597951412201e+01 8.786728527920786291e-01
3.565529042854905128e+00 -2.720376633107662201e+01 1.022776856698328629e+00
3.654274160042405128e+00 -2.621694992482662201e+01 9.978592541592661291e-01
4.101783925667405128e+00 -2.639614914357662201e+01 1.006327882088953629e+00
1.487741869129240513e+01 -2.212381027638912201e+01 9.999954846280161291e-01
1.531845873035490513e+01 -2.230520676076412201e+01 1.005091920174891129e+00
1.606430833972990513e+01 -2.309182785451412201e+01 1.022868409432703629e+00
1.873105638660490513e+01 -2.767617844045162201e+01 1.113353028573328629e+00
1.918491380847990513e+01 -2.774185226857662201e+01 1.116526856698328629e+00
1.460178392566740513e+01 -2.387185715138912201e+01 1.213237061776453629e+00
1.492978685535490513e+01 -2.379434250295162201e+01 1.212748780526453629e+00
1.464023607410490513e+01 -2.237222336232662201e+01 1.180659547128016129e+00
1.556662767566740513e+01 -2.358767746388912201e+01 1.212489381112391129e+00
1.585520189441740513e+01 -2.342092941701412201e+01 1.210826173104578629e+00
1.587278001941740513e+01 -2.270047043263912201e+01 1.195643677987391129e+00
1.637766283191740513e+01 -2.297879074513912201e+01 1.204829469003016129e+00
1.907407396472990513e+01 -2.752420090138912201e+01 1.319972291268641129e+00
1.455918138660490513e+01 -2.159243820607662201e+01 8.646805432217661291e-01
1.554074876941740513e+01 -2.291287277638912201e+01 8.864548352139536291e-01
1.608615892566740513e+01 -2.327090500295162201e+01 8.925278332608286291e-01
1.645957201160490513e+01 -2.326406906545162201e+01 8.939774182217661291e-01
1.657199876941740513e+01 -2.273342941701412201e+01 8.883469250577036291e-01
1.702439134754240513e+01 -2.287857101857662201e+01 8.921768811123911291e-01
1.707810228504240513e+01 -2.225576828420162201e+01 8.840592053311411291e-01
1.431430833972990513e+01 -2.182424972951412201e+01 1.044474854745203629e+00
1.477231615222990513e+01 -2.204946945607662201e+01 1.050303712167078629e+00
1.579172533191740513e+01 -2.343948410451412201e+01 1.080928101815516129e+00
1.593930833972990513e+01 -2.296780441701412201e+01 1.073588624276453629e+00
1.639133470691740513e+01 -2.312564133107662201e+01 1.079142823495203629e+00
3.744882982410490513e+01 -6.395352219045162201e+01 1.924006715096766129e+00
1.756919115222990513e+01 -2.393167160451412201e+01 1.100535645760828629e+00
1.996482103504240513e+01 -2.772805832326412201e+01 1.182933106698328629e+00
1.808908861316740513e+01 -2.685733078420162201e+01 1.105952515878016129e+00
1.670786302722990513e+01 -2.324783371388912201e+01 1.040263428963953629e+00
1.747653978504240513e+01 -2.399380539357662201e+01 1.057322755135828629e+00
1.716611498035490513e+01 -2.262905929982662201e+01 1.034007325448328629e+00
1.923337572254240513e+01 -2.578860519826412201e+01 1.097682252206141129e+00
2.017453783191740513e+01 -2.674075363576412201e+01 1.120295777596766129e+00
1.939841478504240513e+01 -2.560611008107662201e+01 1.143779053963953629e+00
1.977512376941740513e+01 -2.550491379201412201e+01 1.146815552987391129e+00
2.034311693347990513e+01 -2.574478195607662201e+01 1.157939210213953629e+00
2.080442064441740513e+01 -2.609866379201412201e+01 1.220561280526453629e+00
2.125644701160490513e+01 -2.609536789357662201e+01 1.228266969003016129e+00
2.365842455066740513e+01 -2.259585617482662201e+01 1.447947755135828629e+00
2.453366869129240513e+01 -2.313980148732662201e+01 1.468257203378016129e+00
2.289926927722990513e+01 -2.428640793263912201e+01 1.205210938729578629e+00
2.324961107410490513e+01 -2.401272629201412201e+01 1.204951539315516129e+00
2.153720873035490513e+01 -2.048184250295162201e+01 1.143779053963953629e+00
2.159641283191740513e+01 -1.981851242482662201e+01 1.135829224862391129e+00
2.384409349597990513e+01 -2.249929855763912201e+01 1.191050782479578629e+00
1.043772142566740513e+01 -1.680572971701622009e+00 7.997391369717661291e-01
1.030771654285490513e+01 -1.084259495139122009e+00 7.915451672452036291e-01
