1.607043302059173584e+01 -3.087153941392898560e+01 -9.334956523030939479e-01
1.614489591121673584e+01 -3.020112925767898560e+01 -9.334651347249689479e-01
1.619897305965423584e+01 -2.951411753892898560e+01 -9.334346171468439479e-01
1.625121915340423584e+01 -2.884749156236648560e+01 -9.334040995687189479e-01
1.630175626277923584e+01 -2.820466929674148560e+01 -9.333735819905939479e-01
1.635070645809173584e+01 -2.758235484361648560e+01 -9.333583232015314479e-01
1.639831387996673584e+01 -2.697737437486648560e+01 -9.333278056234064479e-01
1.642712247371673584e+01 -2.636238414049148560e+01 -9.333125468343439479e-01
1.656542813777923584e+01 -3.192244273424148560e+01 -7.865992899984064479e-01
1.900890958309173584e+01 -3.618806773424148560e+01 -8.759852763265314479e-01
1.906945645809173584e+01 -3.536458140611648560e+01 -8.780146952718439479e-01
1.916113126277923584e+01 -3.463142710924148560e+01 -8.821650858968439479e-01
1.928918302059173584e+01 -3.399861460924148560e+01 -8.876277323812189479e-01
1.944079434871673584e+01 -3.343196421861648560e+01 -8.939143534749689479e-01
1.960717618465423584e+01 -3.290828257799148560e+01 -9.016963358968439479e-01
1.979150235652923584e+01 -3.243574839830398560e+01 -9.091273661702814479e-01
1.628368985652923584e+01 -3.130354624986648560e+01 -6.093074198812189479e-01
2.820165860652923584e+01 -5.542341929674148560e+01 -9.184657450765314479e-01
2.089086759090423584e+01 -3.906856089830398560e+01 -7.365962382405939479e-01
2.058618009090423584e+01 -3.745466929674148560e+01 -7.336665507405939479e-01
2.055566251277923584e+01 -3.644502574205398560e+01 -7.376033183187189479e-01
2.060973966121673584e+01 -3.563484507799148560e+01 -7.436000224202814479e-01
2.071215665340423584e+01 -3.494038707017898560e+01 -7.507563944905939479e-01
2.085436856746673584e+01 -3.434431773424148560e+01 -7.588435526937189479e-01
1.627368009090423584e+01 -3.126887828111648560e+01 -4.430476542562189479e-01
2.863134610652923584e+01 -5.630000621080398560e+01 -6.340113993734064479e-01
2.922204434871673584e+01 -5.605452281236648560e+01 -6.562892314046564479e-01
2.978808438777923584e+01 -5.575325328111648560e+01 -6.782466288655939479e-01
3.069457852840423584e+01 -5.611799937486648560e+01 -7.056819315999689479e-01
3.157324063777923584e+01 -5.639900523424148560e+01 -7.329646464437189479e-01
2.223925626277923584e+01 -3.775178843736648560e+01 -5.857020732015314479e-01
2.209326016902923584e+01 -3.656929332017898560e+01 -5.925685282796564479e-01
1.628918302059173584e+01 -3.128901988267898560e+01 -2.762843485921564479e-01
2.824609220027923584e+01 -5.547066050767898560e+01 -3.386012431234064479e-01
2.942346036434173584e+01 -5.644270640611648560e+01 -3.633052226155939479e-01
2.985644376277923584e+01 -5.586665660142898560e+01 -3.846827860921564479e-01
3.082653653621673584e+01 -5.635176402330398560e+01 -4.092036601155939479e-01
3.349682462215423584e+01 -6.002083140611648560e+01 -4.459468241780939479e-01
3.530932462215423584e+01 -6.191060191392898560e+01 -4.787837382405939479e-01
2.368823087215423584e+01 -3.943587046861648560e+01 -4.046870585530939479e-01
1.634814298152923584e+01 -3.140230113267898560e+01 -1.098262187093439479e-01
2.825744473934173584e+01 -5.547175914049148560e+01 -4.743303023278144792e-02
2.888378751277923584e+01 -5.531917124986648560e+01 -6.871904097496894792e-02
2.951672208309173584e+01 -5.516853648424148560e+01 -9.017289839684394792e-02
3.015051114559173584e+01 -5.501765757799148560e+01 -1.116420146077814479e-01
3.080016934871673584e+01 -5.489009410142898560e+01 -1.331874247640314479e-01
3.147558438777923584e+01 -5.479829722642898560e+01 -1.548854228109064479e-01
3.214501798152923584e+01 -5.469087535142898560e+01 -1.782618876546564479e-01
1.637670743465423584e+01 -3.145039683580398560e+01 5.817304886878105208e-02
2.963146817684173584e+01 -5.832161265611648560e+01 2.654484394937810521e-01
2.986681973934173584e+01 -5.730073863267898560e+01 2.370976094156560521e-01
3.117040860652923584e+01 -5.843367320299148560e+01 2.252262715250310521e-01
3.241418302059173584e+01 -5.938606578111648560e+01 2.111424092203435521e-01
3.282043302059173584e+01 -5.869295054674148560e+01 1.850651387125310521e-01
3.526806485652923584e+01 -6.178547984361648560e+01 1.833866719156560521e-01
3.592846524715423584e+01 -6.149849253892898560e+01 1.589573506265935521e-01
3.057031095027923584e+01 -6.187422496080398560e+01 6.364353779703435521e-01
3.050964200496673584e+01 -6.013325816392898560e+01 5.936649922281560521e-01
3.109936368465423584e+01 -5.978865367174148560e+01 5.714634541422185521e-01
3.338952481746673584e+01 -6.281990367174148560e+01 5.900791767984685521e-01
3.226098477840423584e+01 -5.906538707017898560e+01 5.232914570719060521e-01
3.354662930965423584e+01 -6.004378062486648560e+01 5.153111103922185521e-01
3.529833829402923584e+01 -6.181734019517898560e+01 5.138920430094060521e-01
3.610656583309173584e+01 -6.179597789049148560e+01 4.926518086344060521e-01
3.083642423152923584e+01 -6.079109507799148560e+01 9.209965351969060521e-01
3.114819180965423584e+01 -5.986397105455398560e+01 8.862522725015935521e-01
3.175512540340423584e+01 -5.954805308580398560e+01 8.626316670328435521e-01
3.316222989559173584e+01 -6.078853160142898560e+01 8.662174824625310521e-01
3.356262052059173584e+01 -6.005025035142898560e+01 8.349674824625310521e-01
3.453014981746673584e+01 -6.037434703111648560e+01 8.217991475015935521e-01
3.640710294246673584e+01 -6.231367808580398560e+01 8.349980000406560521e-01
3.148010098934173584e+01 -6.377241832017898560e+01 1.324866164103156052e+00
3.077038419246673584e+01 -6.062837535142898560e+01 1.234259474650031052e+00
3.146276700496673584e+01 -6.048005992174148560e+01 1.214423048868781052e+00
3.349731290340423584e+01 -6.298335582017898560e+01 1.255072462931281052e+00
3.353967130184173584e+01 -5.998311167955398560e+01 1.153174269571906052e+00
3.536828458309173584e+01 -6.189790660142898560e+01 1.178427565470343552e+00
3.639306485652923584e+01 -6.226423960924148560e+01 1.168784010782843552e+00
3.137780606746673584e+01 -6.352705699205398560e+01 1.650275099650031052e+00
3.140917813777923584e+01 -6.193709117174148560e+01 1.589606154337531052e+00
3.184264981746673584e+01 -6.122871714830398560e+01 1.554465163126593552e+00
3.349438321590423584e+01 -6.295234996080398560e+01 1.587622511759406052e+00
3.312280118465423584e+01 -6.066377574205398560e+01 1.508353102579718552e+00
3.361096036434173584e+01 -6.009407359361648560e+01 1.477393019571906052e+00
3.524243009090423584e+01 -6.164119273424148560e+01 1.504279005900031052e+00
3.025915372371673584e+01 -6.110591441392898560e+01 1.898001540079718552e+00
3.134643399715423584e+01 -6.178084117174148560e+01 1.907477248087531052e+00
3.187866055965423584e+01 -6.127717906236648560e+01 1.877203810587531052e+00
3.233044278621673584e+01 -6.061775523424148560e+01 1.841803419962531052e+00
3.309020841121673584e+01 -6.057637339830398560e+01 1.826956618204718552e+00
3.367260587215423584e+01 -6.018672496080398560e+01 1.800589430704718552e+00
3.534277188777923584e+01 -6.180208140611648560e+01 1.839392531290656052e+00
3.156860196590423584e+01 -6.388301402330398560e+01 2.325110304728156052e+00
3.110265958309173584e+01 -6.124702769517898560e+01 2.210989821329718552e+00
3.164465177059173584e+01 -6.077656871080398560e+01 2.179434645548468552e+00
3.220666348934173584e+01 -6.034797984361648560e+01 2.151205885782843552e+00
3.294970548152923584e+01 -6.028035289049148560e+01 2.136816847696906052e+00
3.368676602840423584e+01 -6.018977671861648560e+01 2.121466505900031052e+00
3.601745450496673584e+01 -6.302193003892898560e+01 2.218054640665656052e+00
3.654223477840423584e+01 -6.245991832017898560e+01 2.184256422892218552e+00
3.032617032527923584e+01 -6.119880992174148560e+01 2.538733351603156052e+00
3.136547696590423584e+01 -6.177009898424148560e+01 2.553748000040656052e+00
3.352245938777923584e+01 -6.456892710924148560e+01 2.665655959025031052e+00
3.274816739559173584e+01 -6.139705210924148560e+01 2.516974318400031052e+00
3.301501309871673584e+01 -6.038264781236648560e+01 2.462683546915656052e+00
3.368005216121673584e+01 -6.015315562486648560e+01 2.442496168985968552e+00
3.549609220027923584e+01 -6.203609019517898560e+01 2.513022292032843552e+00
3.664562833309173584e+01 -6.262166148424148560e+01 2.527304518595343552e+00
3.097668302059173584e+01 -6.256465464830398560e+01 2.925558913126593552e+00
3.088500821590423584e+01 -6.074348765611648560e+01 2.826178419962531052e+00
3.166686856746673584e+01 -6.077241832017898560e+01 2.819144118204718552e+00
3.340795743465423584e+01 -6.267988902330398560e+01 2.903311598673468552e+00
3.286486661434173584e+01 -6.006819468736648560e+01 2.767828810587531052e+00
3.354553067684173584e+01 -5.987568980455398560e+01 2.749914992228156052e+00
3.044225919246673584e+01 -6.139656382799148560e+01 3.187506544962531052e+00
3.114367520809173584e+01 -6.125740367174148560e+01 3.173148024454718552e+00
3.180309903621673584e+01 -6.102437144517898560e+01 3.153693068400031052e+00
3.263952481746673584e+01 -6.113252574205398560e+01 3.152548659220343552e+00
3.271142423152923584e+01 -5.974776011705398560e+01 3.071204054728156052e+00
3.342040860652923584e+01 -5.961568003892898560e+01 3.057196486368781052e+00
3.485095059871673584e+01 -6.079927378892898560e+01 3.113440382853156052e+00
3.047326505184173584e+01 -6.143733531236648560e+01 3.510992873087531052e+00
3.120495450496673584e+01 -6.136018687486648560e+01 3.499472487345343552e+00
3.209081876277923584e+01 -6.158381968736648560e+01 3.507376540079718552e+00
3.270385587215423584e+01 -6.123555308580398560e+01 3.481482375040656052e+00
3.291039884090423584e+01 -6.010823374986648560e+01 3.409750807657843552e+00
3.345068204402923584e+01 -5.964924937486648560e+01 3.377432692423468552e+00
3.502453458309173584e+01 -6.109492808580398560e+01 3.456885207071906052e+00
3.064965665340423584e+01 -6.178877574205398560e+01 3.853262770548468552e+00
3.121264493465423584e+01 -6.135090953111648560e+01 3.821493971720343552e+00
3.175353848934173584e+01 -6.087434703111648560e+01 3.787237990275031052e+00
3.250805509090423584e+01 -6.082307749986648560e+01 3.780264723673468552e+00
3.321826016902923584e+01 -6.067879039049148560e+01 3.767325270548468552e+00
3.357897794246673584e+01 -5.986738902330398560e+01 3.711661208048468552e+00
3.074706876277923584e+01 -6.197114878892898560e+01 4.189200270548468552e+00
3.124658048152923584e+01 -6.139631968736648560e+01 4.147299635782843552e+00
3.182971036434173584e+01 -6.100422984361648560e+01 4.116370070353156052e+00
3.217651212215423584e+01 -6.014290171861648560e+01 4.054663527384406052e+00
3.292748868465423584e+01 -6.009334117174148560e+01 4.049185622110968552e+00
3.356774747371673584e+01 -5.982271128892898560e+01 4.028387892618781052e+00
3.560839688777923584e+01 -6.212092906236648560e+01 4.187018263712531052e+00
3.138635098934173584e+01 -6.330989390611648560e+01 4.613272536173468552e+00
3.100707852840423584e+01 -6.087324839830398560e+01 4.429678786173468552e+00
3.179235684871673584e+01 -6.090376597642898560e+01 4.431525099650031052e+00
3.222497403621673584e+01 -6.021443492174148560e+01 4.379797804728156052e+00
3.293688809871673584e+01 -6.008748179674148560e+01 4.369925368204718552e+00
3.371166837215423584e+01 -6.006990367174148560e+01 4.368201125040656052e+00
1.642651212215423584e+01 -2.635896617174148560e+01 -9.332667704671564479e-01
1.646728360652923584e+01 -2.578609019517898560e+01 -9.332515116780939479e-01
1.649047696590423584e+01 -2.520149546861648560e+01 -9.332362528890314479e-01
1.651293790340423584e+01 -2.463289195299148560e+01 -9.332057353109064479e-01
1.653442227840423584e+01 -2.408296519517898560e+01 -9.331904765218439479e-01
1.655541837215423584e+01 -2.354963999986648560e+01 -9.331599589437189479e-01
1.657604825496673584e+01 -2.303035289049148560e+01 -9.331599589437189479e-01
1.652416837215423584e+01 -2.241707164049148560e+01 -9.305812235921564479e-01
1.979162442684173584e+01 -3.243330699205398560e+01 -9.091426249593439479e-01
1.998058927059173584e+01 -3.198225718736648560e+01 -9.177943583577814479e-01
2.018420255184173584e+01 -3.156795054674148560e+01 -9.260035868734064479e-01
2.034460294246673584e+01 -3.108809214830398560e+01 -9.335719462484064479e-01
2.029968106746673584e+01 -3.028450328111648560e+01 -9.335414286702814479e-01
2.025634610652923584e+01 -2.951057749986648560e+01 -9.335109110921564479e-01
2.019079434871673584e+01 -2.872456675767898560e+01 -9.334803935140314479e-01
2.019897305965423584e+01 -2.808076792955398560e+01 -9.352351542562189479e-01
2.085412442684173584e+01 -3.434102183580398560e+01 -7.588588114827814479e-01
2.101952970027923584e+01 -3.380440074205398560e+01 -7.684565898030939479e-01
2.119750821590423584e+01 -3.330415660142898560e+01 -7.783290263265314479e-01
2.135156095027923584e+01 -3.277412730455398560e+01 -7.874690409749689479e-01
2.148290860652923584e+01 -3.222383433580398560e+01 -7.958613749593439479e-01
2.162182462215423584e+01 -3.170088511705398560e+01 -8.043757792562189479e-01
2.177892911434173584e+01 -3.121834117174148560e+01 -8.133326884359064479e-01
2.193517911434173584e+01 -3.074885874986648560e+01 -8.221827860921564479e-01
2.209216153621673584e+01 -3.656428843736648560e+01 -5.925685282796564479e-01
2.212328946590423584e+01 -3.573933726549148560e+01 -6.009608622640314479e-01
2.228076016902923584e+01 -3.515974742174148560e+01 -6.124507304280939479e-01
2.239233243465423584e+01 -3.451594859361648560e+01 -6.229335185140314479e-01
2.230639493465423584e+01 -3.356856089830398560e+01 -6.294337626546564479e-01
2.199621427059173584e+01 -3.229207164049148560e+01 -6.312342997640314479e-01
2.221093595027923584e+01 -3.188728648424148560e+01 -6.430140849202814479e-01
2.243810880184173584e+01 -3.151289683580398560e+01 -6.558925028890314479e-01
2.368066251277923584e+01 -3.941890269517898560e+01 -4.046565409749689479e-01
2.302892911434173584e+01 -3.732307749986648560e+01 -4.123011942952814479e-01
2.290246427059173584e+01 -3.621773082017898560e+01 -4.235926982015314479e-01
2.295727384090423584e+01 -3.545454722642898560e+01 -4.361354228109064479e-01
2.307934415340423584e+01 -3.482918101549148560e+01 -4.489833232015314479e-01
2.324120938777923584e+01 -3.428572398424148560e+01 -4.620143290609064479e-01
2.338012540340423584e+01 -3.371773082017898560e+01 -4.746333476155939479e-01
2.358666837215423584e+01 -3.327180796861648560e+01 -4.878016825765314479e-01
3.214770352840423584e+01 -5.469111949205398560e+01 -1.783229228109064479e-01
3.281054532527923584e+01 -5.456257945299148560e+01 -1.996394511312189479e-01
3.346874845027923584e+01 -5.441682749986648560e+01 -2.226802226155939479e-01
3.411376798152923584e+01 -5.423640757799148560e+01 -2.459498759359064479e-01
2.453515470027923584e+01 -3.721358042955398560e+01 -2.548457499593439479e-01
2.423327481746673584e+01 -3.587044078111648560e+01 -2.696315165609064479e-01
2.435070645809173584e+01 -3.523372203111648560e+01 -2.847224589437189479e-01
2.428967130184173584e+01 -3.434248667955398560e+01 -2.999202128499689479e-01
3.640905606746673584e+01 -6.236067515611648560e+01 1.640843037515935521e-01
3.717419278621673584e+01 -6.223555308580398560e+01 1.394108418375310521e-01
3.768920743465423584e+01 -6.166817027330398560e+01 1.122044209390935521e-01
3.559667813777923584e+01 -5.671297007799148560e+01 6.358991898596855208e-02
3.611096036434173584e+01 -5.625911265611648560e+01 3.890119828284355208e-02
3.633154141902923584e+01 -5.533723765611648560e+01 1.236616410315605208e-02
3.719030606746673584e+01 -5.544099742174148560e+01 -9.972703084343947921e-03
2.620068204402923584e+01 -3.727376109361648560e+01 -9.304155074059394792e-02
3.610729825496673584e+01 -6.179194957017898560e+01 4.925449971109685521e-01
3.701635587215423584e+01 -6.193330699205398560e+01 4.722660664469060521e-01
3.758190762996673584e+01 -6.145943003892898560e+01 4.469212178140935521e-01
3.684313809871673584e+01 -5.878938609361648560e+01 3.972843769937810521e-01
3.799670255184173584e+01 -5.934138804674148560e+01 3.812168721109685521e-01
3.685571134090423584e+01 -5.615974742174148560e+01 3.289097432047185521e-01
3.723412930965423584e+01 -5.548921519517898560e+01 2.999485615640935521e-01
3.952868497371673584e+01 -5.778792124986648560e+01 2.990025166422185521e-01
3.641454923152923584e+01 -6.232185679674148560e+01 8.350742939859685521e-01
2.653991544246673584e+01 -4.345039683580398560e+01 5.090244892984685521e-01
3.747534024715423584e+01 -6.125215464830398560e+01 7.777927998453435521e-01
3.685082852840423584e+01 -5.877986460924148560e+01 7.190617207437810521e-01
2.219714200496673584e+01 -3.332356578111648560e+01 3.111485127359685521e-01
3.930712735652923584e+01 -6.008259898424148560e+01 6.990879658609685521e-01
3.960583341121673584e+01 -5.920039683580398560e+01 6.656407002359685521e-01
4.018639981746673584e+01 -5.877876597642898560e+01 6.391667012125310521e-01
3.639684903621673584e+01 -6.226582652330398560e+01 1.168753493204718552e+00
2.655383145809173584e+01 -4.345796519517898560e+01 7.466038350015935521e-01
3.810558927059173584e+01 -6.231343394517898560e+01 1.133490431681281052e+00
3.685949552059173584e+01 -5.877193003892898560e+01 1.040900099650031052e+00
2.220104825496673584e+01 -3.331685191392898560e+01 4.983891133219060521e-01
4.001489102840423584e+01 -5.982161265611648560e+01 1.008215773478156052e+00
4.074108731746673584e+01 -5.961030894517898560e+01 9.854191426187810521e-01
3.807263028621673584e+01 -6.223262339830398560e+01 1.472113478556281052e+00
3.687048184871673584e+01 -5.876765757799148560e+01 1.364584792032843552e+00
2.220483243465423584e+01 -3.331013804674148560e+01 6.866062764078435521e-01
3.974291837215423584e+01 -5.937105113267898560e+01 1.332175124064093552e+00
4.066125333309173584e+01 -5.946504527330398560e+01 1.318076002970343552e+00
3.688342130184173584e+01 -5.876704722642898560e+01 1.686743605509406052e+00
2.220861661434173584e+01 -3.330354624986648560e+01 8.738316182047185521e-01
3.996679532527923584e+01 -5.970076304674148560e+01 1.673682082071906052e+00
3.654723966121673584e+01 -6.246382457017898560e+01 2.184347975626593552e+00
3.680322110652923584e+01 -5.860969859361648560e+01 2.003241408243781052e+00
3.664623868465423584e+01 -6.261751109361648560e+01 2.527090895548468552e+00
3.683556973934173584e+01 -5.864155894517898560e+01 2.327887404337531052e+00
3.686779630184173584e+01 -5.867317515611648560e+01 2.651266920939093552e+00
3.690307462215423584e+01 -5.870967417955398560e+01 2.977103102579718552e+00
3.693285977840423584e+01 -5.873726207017898560e+01 3.301199782267218552e+00
3.693334805965423584e+01 -5.871528941392898560e+01 3.624274123087531052e+00
3.698937833309173584e+01 -5.878682261705398560e+01 3.951987135782843552e+00
3.675683438777923584e+01 -5.837434703111648560e+01 4.246252882853156052e+00
1.652306973934173584e+01 -2.241353160142898560e+01 -9.305201884359064479e-01
1.647277677059173584e+01 -2.182234507799148560e+01 -9.274989482015314479e-01
1.631762540340423584e+01 -2.109407359361648560e+01 -9.203883524984064479e-01
1.630969083309173584e+01 -2.060139781236648560e+01 -9.199916239827814479e-01
1.641589200496673584e+01 -2.028621226549148560e+01 -9.247981425374689479e-01
1.653307950496673584e+01 -1.999312144517898560e+01 -9.301082011312189479e-01
1.625463712215423584e+01 -1.916646128892898560e+01 -9.173976298421564479e-01
1.608605802059173584e+01 -1.851546031236648560e+01 -9.103175517171564479e-01
2.019872891902923584e+01 -2.807808238267898560e+01 -9.352198954671564479e-01
2.012634122371673584e+01 -2.733198863267898560e+01 -9.348689433187189479e-01
2.004760587215423584e+01 -2.659968882799148560e+01 -9.333735819905939479e-01
1.998779141902923584e+01 -2.591524058580398560e+01 -9.333430644124689479e-01
1.993005216121673584e+01 -2.525630503892898560e+01 -9.333125468343439479e-01
1.987426602840423584e+01 -2.461970835924148560e+01 -9.332972880452814479e-01
1.979968106746673584e+01 -2.397420054674148560e+01 -9.332667704671564479e-01
1.974804532527923584e+01 -2.337996226549148560e+01 -9.332515116780939479e-01
2.193517911434173584e+01 -3.074653941392898560e+01 -8.221980448812189479e-01
2.210095059871673584e+01 -3.030269175767898560e+01 -8.321620341390314479e-01
2.226428067684173584e+01 -2.986494761705398560e+01 -8.419886942952814479e-01
2.244250333309173584e+01 -2.945564585924148560e+01 -8.521968241780939479e-01
2.261962735652923584e+01 -2.905525523424148560e+01 -8.622981425374689479e-01
2.284667813777923584e+01 -2.873152476549148560e+01 -8.738337870687189479e-01
2.310619962215423584e+01 -2.845454722642898560e+01 -8.863307353109064479e-01
2.338061368465423584e+01 -2.820186167955398560e+01 -8.992244120687189479e-01
2.243859708309173584e+01 -3.151106578111648560e+01 -6.559230204671564479e-01
2.267492520809173584e+01 -3.115742808580398560e+01 -6.677943583577814479e-01
2.292211759090423584e+01 -3.082527476549148560e+01 -6.807948466390314479e-01
2.319335782527923584e+01 -3.052998667955398560e+01 -6.942836161702814479e-01
2.347668302059173584e+01 -3.025715953111648560e+01 -7.079860087484064479e-01
2.376415860652923584e+01 -2.999238902330398560e+01 -7.217494364827814479e-01
2.406933438777923584e+01 -2.975081187486648560e+01 -7.359095927327814479e-01
2.437377774715423584e+01 -2.951155406236648560e+01 -7.509700175374689479e-01
2.358691251277923584e+01 -3.326936656236648560e+01 -4.878322001546564479e-01
2.379443204402923584e+01 -3.283443003892898560e+01 -5.015956278890314479e-01
2.403881680965423584e+01 -3.246235972642898560e+01 -5.156947489827814479e-01
2.429089200496673584e+01 -3.210457164049148560e+01 -5.298549052327814479e-01
2.454260098934173584e+01 -3.175410777330398560e+01 -5.438929911702814479e-01
2.481335294246673584e+01 -3.143464976549148560e+01 -5.581294413655939479e-01
2.510693204402923584e+01 -3.114741832017898560e+01 -5.726710673421564479e-01
2.539855802059173584e+01 -3.086213999986648560e+01 -5.871363993734064479e-01
2.428808438777923584e+01 -3.433735972642898560e+01 -2.999507304280939479e-01
2.442077481746673584e+01 -3.376643687486648560e+01 -3.138972636312189479e-01
2.464221036434173584e+01 -3.334053355455398560e+01 -3.290339823812189479e-01
2.486108243465423584e+01 -3.291621714830398560e+01 -3.440486308187189479e-01
2.512975919246673584e+01 -3.257234507799148560e+01 -3.591700907796564479e-01
2.540124356746673584e+01 -3.223689585924148560e+01 -3.742305155843439479e-01
2.563769376277923584e+01 -3.185530406236648560e+01 -3.890010233968439479e-01
2.594067227840423584e+01 -3.157063609361648560e+01 -4.051448222249689479e-01
2.620336759090423584e+01 -3.727485972642898560e+01 -9.308732710778144792e-02
2.608654630184173584e+01 -3.626497203111648560e+01 -1.123744364827814479e-01
2.637634122371673584e+01 -3.588667613267898560e+01 -1.294795390218439479e-01
2.621838223934173584e+01 -3.486397105455398560e+01 -1.478511210530939479e-01
2.645410001277923584e+01 -3.443269664049148560e+01 -1.645442362874689479e-01
2.734826505184173584e+01 -3.492048960924148560e+01 -1.800319071859064479e-01
2.747375333309173584e+01 -3.433284312486648560e+01 -1.969844218343439479e-01
2.770812833309173584e+01 -3.390571910142898560e+01 -2.135554667562189479e-01
3.953478848934173584e+01 -5.779292613267898560e+01 2.989719990640935521e-01
2.607470548152923584e+01 -3.623323374986648560e+01 9.548078812659355208e-02
2.613049161434173584e+01 -3.551033335924148560e+01 7.607160843909355208e-02
2.621642911434173584e+01 -3.484785777330398560e+01 5.632673539221855208e-02
2.654699552059173584e+01 -3.455073863267898560e+01 3.958784379065605208e-02
2.687084805965423584e+01 -3.424641734361648560e+01 2.284895218909355208e-02
2.759631192684173584e+01 -3.448591929674148560e+01 8.475172892218552079e-03
2.827929532527923584e+01 -3.465120249986648560e+01 -5.608689412468947921e-03
4.019116055965423584e+01 -5.878157359361648560e+01 6.391514424234685521e-01
2.711938321590423584e+01 -3.779317027330398560e+01 3.263157490640935521e-01
2.688525235652923584e+01 -3.660969859361648560e+01 2.964237812906560521e-01
2.640673673152923584e+01 -3.510921031236648560e+01 2.629612568765935521e-01
2.667407071590423584e+01 -3.471724253892898560e+01 2.446659687906560521e-01
2.712658536434173584e+01 -3.458723765611648560e+01 2.297428730875310521e-01
2.727844083309173584e+01 -3.404207164049148560e+01 2.096623066812810521e-01
2.857372891902923584e+01 -3.502876597642898560e+01 2.078007344156560521e-01
4.074352872371673584e+01 -5.960945445299148560e+01 9.853428486734685521e-01
4.115514981746673584e+01 -5.891658335924148560e+01 9.529636982828435521e-01
2.710400235652923584e+01 -3.691817027330398560e+01 5.139378193765935521e-01
2.638793790340423584e+01 -3.506880503892898560e+01 4.669254902750310521e-01
2.743151700496673584e+01 -3.577400523424148560e+01 4.681309346109685521e-01
2.761474454402923584e+01 -3.524934703111648560e+01 4.464024189859685521e-01
2.770312345027923584e+01 -3.460444957017898560e+01 4.226750019937810521e-01
2.863061368465423584e+01 -3.509114390611648560e+01 4.189976338297185521e-01
4.066699063777923584e+01 -5.946919566392898560e+01 1.318121779337531052e+00
4.124999845027923584e+01 -5.903718882799148560e+01 1.290762770548468552e+00
4.026220548152923584e+01 -5.629146128892898560e+01 1.206351149454718552e+00
2.753954923152923584e+01 -3.671626597642898560e+01 7.127903584390935521e-01
2.783910977840423584e+01 -3.633589488267898560e+01 6.927708271890935521e-01
2.888903653621673584e+01 -3.699763804674148560e+01 6.976383809000310521e-01
2.903967130184173584e+01 -3.640083628892898560e+01 6.723240498453435521e-01
2.893652188777923584e+01 -3.548347789049148560e+01 6.397923115640935521e-01
4.117077481746673584e+01 -5.889570933580398560e+01 1.620261061564093552e+00
4.028088223934173584e+01 -5.629793101549148560e+01 1.527426588907843552e+00
2.779430997371673584e+01 -3.625886851549148560e+01 9.037083271890935521e-01
2.935583341121673584e+01 -3.681502085924148560e+01 9.010380391031560521e-01
2.921996915340423584e+01 -3.584578257799148560e+01 8.631809834390935521e-01
4.018310391902923584e+01 -5.613289195299148560e+01 1.842566359415656052e+00
2.934313809871673584e+01 -3.678389292955398560e+01 1.120200026407843552e+00
2.951232755184173584e+01 -3.621968394517898560e+01 1.092383253946906052e+00
4.035400235652923584e+01 -5.636323863267898560e+01 2.174048293009406052e+00
2.933703458309173584e+01 -3.676179820299148560e+01 1.338278639689093552e+00
3.977111661434173584e+01 -5.672542124986648560e+01 2.519873488321906052e+00
2.934106290340423584e+01 -3.675337535142898560e+01 1.556830275431281052e+00
3.980712735652923584e+01 -5.675813609361648560e+01 2.844900954142218552e+00
4.029064786434173584e+01 -5.622786265611648560e+01 2.812125075235968552e+00
2.906909024715423584e+01 -3.717634898424148560e+01 1.802512038126593552e+00
2.934509122371673584e+01 -3.674495249986648560e+01 1.776541579142218552e+00
3.995617520809173584e+01 -5.571504527330398560e+01 3.103537428751593552e+00
2.937609708309173584e+01 -3.677302867174148560e+01 1.997183668985968552e+00
3.972668302059173584e+01 -5.659468394517898560e+01 3.480124342814093552e+00
4.031945645809173584e+01 -5.622786265611648560e+01 3.456290114298468552e+00
2.941747891902923584e+01 -3.681502085924148560e+01 2.220297682657843552e+00
3.941088712215423584e+01 -5.609932261705398560e+01 3.768820631876593552e+00
4.030639493465423584e+01 -5.618757945299148560e+01 3.774939406290656052e+00
2.902941739559173584e+01 -3.707966929674148560e+01 2.457022536173468552e+00
2.944030606746673584e+01 -3.683198863267898560e+01 2.442252028360968552e+00
3.944860684871673584e+01 -5.613472300767898560e+01 4.090094435587531052e+00
4.037634122371673584e+01 -5.626924449205398560e+01 4.104071486368781052e+00
2.946325528621673584e+01 -3.684895640611648560e+01 2.663321364298468552e+00
1.608544766902923584e+01 -1.851314097642898560e+01 -9.102870341390314479e-01
1.616222989559173584e+01 -1.820222789049148560e+01 -9.138881083577814479e-01
1.625659024715423584e+01 -1.792012339830398560e+01 -9.189082499593439479e-01
1.626586759090423584e+01 -1.753535777330398560e+01 -9.200374003499689479e-01
1.617663419246673584e+01 -1.704024058580398560e+01 -9.166346903890314479e-01
1.611706387996673584e+01 -1.659456187486648560e+01 -9.145594950765314479e-01
1.605407559871673584e+01 -1.615547496080398560e+01 -9.123317118734064479e-01
1.602270352840423584e+01 -1.576558238267898560e+01 -9.120723124593439479e-01
1.974670255184173584e+01 -2.337642222642898560e+01 -9.332057353109064479e-01
1.967480313777923584e+01 -2.277241832017898560e+01 -9.331904765218439479e-01
1.962438809871673584e+01 -2.221248179674148560e+01 -9.331599589437189479e-01
1.955615079402923584e+01 -2.164351207017898560e+01 -9.331447001546564479e-01
1.949047696590423584e+01 -2.109468394517898560e+01 -9.331141825765314479e-01
1.954565274715423584e+01 -2.070540171861648560e+01 -9.376765605062189479e-01
1.949511563777923584e+01 -2.019856578111648560e+01 -9.388209696859064479e-01
1.945739591121673584e+01 -1.972078257799148560e+01 -9.396602030843439479e-01
2.338146817684173584e+01 -2.820088511705398560e+01 -8.992701884359064479e-01
2.367468106746673584e+01 -2.797395640611648560e+01 -9.136287089437189479e-01
2.414782559871673584e+01 -2.797651988267898560e+01 -9.335261698812189479e-01
2.397387540340423584e+01 -2.715840464830398560e+01 -9.334956523030939479e-01
2.380724942684173584e+01 -2.637471324205398560e+01 -9.334651347249689479e-01
2.364697110652923584e+01 -2.562080699205398560e+01 -9.334346171468439479e-01
2.349206387996673584e+01 -2.489265757799148560e+01 -9.334040995687189479e-01
2.334350430965423584e+01 -2.419368296861648560e+01 -9.333735819905939479e-01
2.437499845027923584e+01 -2.951082164049148560e+01 -7.510310526937189479e-01
2.470153653621673584e+01 -2.930049449205398560e+01 -7.654963847249689479e-01
2.502831876277923584e+01 -2.908906871080398560e+01 -7.809382792562189479e-01
2.525683438777923584e+01 -2.875142222642898560e+01 -7.941218730062189479e-01
2.547094571590423584e+01 -2.840193492174148560e+01 -8.068629618734064479e-01
2.568932950496673584e+01 -2.806196910142898560e+01 -8.196803446859064479e-01
2.591833341121673584e+01 -2.773628550767898560e+01 -8.327113505452814479e-01
2.613635098934173584e+01 -2.740327769517898560e+01 -8.463527079671564479e-01
2.539965665340423584e+01 -3.086128550767898560e+01 -5.871821757405939479e-01
2.572717130184173584e+01 -3.062434703111648560e+01 -6.028682108968439479e-01
2.606298673152923584e+01 -3.039754039049148560e+01 -6.187068339437189479e-01
2.607763516902923584e+01 -2.976594859361648560e+01 -6.293727274984064479e-01
2.590270841121673584e+01 -2.891975718736648560e+01 -6.366053935140314479e-01
2.626074063777923584e+01 -2.873677378892898560e+01 -6.525508280843439479e-01
2.662243497371673584e+01 -2.855342417955398560e+01 -6.686183329671564479e-01
2.701721036434173584e+01 -2.840767222642898560e+01 -6.852809306234064479e-01
2.594201505184173584e+01 -3.157002574205398560e+01 -4.052058573812189479e-01
2.628332364559173584e+01 -3.133650523424148560e+01 -4.201594706624689479e-01
2.659484708309173584e+01 -3.106392222642898560e+01 -4.359217997640314479e-01
2.692614591121673584e+01 -3.081428843736648560e+01 -4.518824931234064479e-01
2.731310880184173584e+01 -3.063472300767898560e+01 -4.683467265218439479e-01
2.770422208309173584e+01 -3.045686656236648560e+01 -4.849025126546564479e-01
2.812548673152923584e+01 -3.030891734361648560e+01 -5.018702860921564479e-01
2.855615079402923584e+01 -3.016926890611648560e+01 -5.200282450765314479e-01
2.770739591121673584e+01 -3.390217906236648560e+01 -2.136165019124689479e-01
2.779406583309173584e+01 -3.328975230455398560e+01 -2.304622050374689479e-01
2.788537442684173584e+01 -3.269673472642898560e+01 -2.470179911702814479e-01
2.787853848934173584e+01 -3.199165660142898560e+01 -2.631617899984064479e-01
2.817675626277923584e+01 -3.167964488267898560e+01 -2.795039530843439479e-01
2.861132657527923584e+01 -3.153267222642898560e+01 -2.961818095296564479e-01
2.905810391902923584e+01 -3.139290171861648560e+01 -3.130427714437189479e-01
2.953918302059173584e+01 -3.128963023424148560e+01 -3.301326151937189479e-01
2.827978360652923584e+01 -3.464924937486648560e+01 -5.669724568718947921e-03
2.858056485652923584e+01 -3.429988414049148560e+01 -2.333940230309394792e-02
2.923449552059173584e+01 -3.440291148424148560e+01 -3.751481734215644792e-02
2.978930509090423584e+01 -3.436421519517898560e+01 -5.387223921715644792e-02
3.074450528621673584e+01 -3.480757457017898560e+01 -6.836808882653144792e-02
3.166638028621673584e+01 -3.518159800767898560e+01 -8.380998335778144792e-02
3.188879239559173584e+01 -3.470503550767898560e+01 -1.038752909749689479e-01
4.396533048152923584e+01 -4.788057261705398560e+01 -8.481706343590644792e-02
2.857385098934173584e+01 -3.502632457017898560e+01 2.077091816812810521e-01
2.860998380184173584e+01 -3.432503062486648560e+01 1.855381611734685521e-01
2.944116055965423584e+01 -3.465315562486648560e+01 1.749485615640935521e-01
2.991198575496673584e+01 -3.450435191392898560e+01 1.587895039469060521e-01
3.095641934871673584e+01 -3.505354624986648560e+01 1.496342305094060521e-01
3.151049649715423584e+01 -3.498164683580398560e+01 1.337498310953435521e-01
3.250671231746673584e+01 -3.541731578111648560e+01 1.223362568765935521e-01
5.383740079402923584e+01 -5.922029429674148560e+01 3.174656514078435521e-01
2.862927091121673584e+01 -3.508662730455398560e+01 4.188755635172185521e-01
2.872216641902923584e+01 -3.445796519517898560e+01 3.955143574625310521e-01
2.944494473934173584e+01 -3.464497691392898560e+01 3.860691670328435521e-01
3.057763516902923584e+01 -3.532161265611648560e+01 3.842991475015935521e-01
3.076940762996673584e+01 -3.481184703111648560e+01 3.628147725015935521e-01
3.152502286434173584e+01 -3.498604136705398560e+01 3.522251728922185521e-01
3.254748380184173584e+01 -3.545186167955398560e+01 3.456944111734685521e-01
5.692394864559173584e+01 -6.274824839830398560e+01 7.392643574625310521e-01
2.893871915340423584e+01 -3.548372203111648560e+01 6.397617939859685521e-01
2.902526700496673584e+01 -3.483858042955398560e+01 6.139286641031560521e-01
2.966576993465423584e+01 -3.491292124986648560e+01 6.045750264078435521e-01
3.077014005184173584e+01 -3.554817515611648560e+01 6.074894551187810521e-01
3.091393887996673584e+01 -3.497529917955398560e+01 5.832890156656560521e-01
3.186828458309173584e+01 -3.538362437486648560e+01 5.805271748453435521e-01
4.542700040340423584e+01 -5.054622203111648560e+01 8.924778584390935521e-01
5.739330899715423584e+01 -6.326460582017898560e+01 1.142920363321906052e+00
2.922082364559173584e+01 -3.584419566392898560e+01 8.631046894937810521e-01
2.986547696590423584e+01 -3.591646128892898560e+01 8.557194355875310521e-01
3.108813321590423584e+01 -3.670894175767898560e+01 8.686588887125310521e-01
5.794555509090423584e+01 -6.797017222642898560e+01 1.721670973673468552e+00
5.828588712215423584e+01 -6.698128062486648560e+01 1.675589430704718552e+00
4.544213712215423584e+01 -5.054524546861648560e+01 1.206610548868781052e+00
5.763891446590423584e+01 -6.352351695299148560e+01 1.543951857462531052e+00
2.951342618465423584e+01 -3.621846324205398560e+01 1.092306960001593552e+00
4.544738614559173584e+01 -5.053255015611648560e+01 1.522147047892218552e+00
4.549047696590423584e+01 -5.056441050767898560e+01 1.837744582071906052e+00
4.551818692684173584e+01 -5.057808238267898560e+01 2.153036940470343552e+00
4.551305997371673584e+01 -5.055330210924148560e+01 2.468329298868781052e+00
4.534875333309173584e+01 -5.034236460924148560e+01 2.771048415079718552e+00
4.478759610652923584e+01 -5.071626597642898560e+01 3.109076369181281052e+00
4.541357266902923584e+01 -5.039937144517898560e+01 3.090094435587531052e+00
4.482995450496673584e+01 -5.074800425767898560e+01 3.424826491251593552e+00
4.542577970027923584e+01 -5.039485484361648560e+01 3.405661452189093552e+00
4.524181973934173584e+01 -5.122066050767898560e+01 3.776129591837531052e+00
4.543859708309173584e+01 -5.039119273424148560e+01 3.719717848673468552e+00
1.602221524715423584e+01 -1.576387339830398560e+01 -9.120570536702814479e-01
1.591357266902923584e+01 -1.529609996080398560e+01 -9.077998515218439479e-01
1.578539884090423584e+01 -1.481904917955398560e+01 -9.031611796468439479e-01
1.573766934871673584e+01 -1.444124156236648560e+01 -9.021846171468439479e-01
1.569860684871673584e+01 -1.408272105455398560e+01 -9.015742655843439479e-01
1.565844571590423584e+01 -1.373128062486648560e+01 -9.008876200765314479e-01
1.550915372371673584e+01 -1.327534800767898560e+01 -8.951045390218439479e-01
1.540710294246673584e+01 -1.287996226549148560e+01 -8.919764872640314479e-01
1.945641934871673584e+01 -1.971821910142898560e+01 -9.396296855062189479e-01
1.940746915340423584e+01 -1.923958140611648560e+01 -9.407435771077814479e-01
1.931835782527923584e+01 -1.872761851549148560e+01 -9.395228739827814479e-01
1.926537930965423584e+01 -1.826643687486648560e+01 -9.403163310140314479e-01
1.921386563777923584e+01 -1.781917124986648560e+01 -9.410792704671564479e-01
1.916369473934173584e+01 -1.738362437486648560e+01 -9.418269511312189479e-01
1.901855313777923584e+01 -1.685969859361648560e+01 -9.393702860921564479e-01
1.894543302059173584e+01 -1.642280894517898560e+01 -9.390345927327814479e-01
2.334179532527923584e+01 -2.418989878892898560e+01 -9.333278056234064479e-01
2.317333829402923584e+01 -2.348726207017898560e+01 -9.332972880452814479e-01
2.301110684871673584e+01 -2.281026011705398560e+01 -9.332820292562189479e-01
2.285375821590423584e+01 -2.215486460924148560e+01 -9.332515116780939479e-01
2.270263516902923584e+01 -2.152461558580398560e+01 -9.332209940999689479e-01
2.255688321590423584e+01 -2.091633921861648560e+01 -9.332057353109064479e-01
2.241552579402923584e+01 -2.032637339830398560e+01 -9.331752177327814479e-01
2.227917325496673584e+01 -1.975789195299148560e+01 -9.331599589437189479e-01
2.613696134090423584e+01 -2.740193492174148560e+01 -8.463984843343439479e-01
2.637170255184173584e+01 -2.709102183580398560e+01 -8.593379374593439479e-01
2.666784512996673584e+01 -2.685017710924148560e+01 -8.747340556234064479e-01
2.702636563777923584e+01 -2.667439585924148560e+01 -8.917933817952814479e-01
2.743859708309173584e+01 -2.655415660142898560e+01 -9.102565165609064479e-01
2.784167325496673584e+01 -2.641902476549148560e+01 -9.285670634359064479e-01
2.773290860652923584e+01 -2.575361949205398560e+01 -9.333583232015314479e-01
2.739440762996673584e+01 -2.487581187486648560e+01 -9.326411601155939479e-01
2.701904141902923584e+01 -2.840767222642898560e+01 -6.853572245687189479e-01
2.743932950496673584e+01 -2.828633433580398560e+01 -7.032557841390314479e-01
2.789648282527923584e+01 -2.819990855455398560e+01 -7.219478007405939479e-01
2.836926114559173584e+01 -2.812092906236648560e+01 -7.410975810140314479e-01
2.888146817684173584e+01 -2.807832652330398560e+01 -7.611171122640314479e-01
2.942809903621673584e+01 -2.806257945299148560e+01 -7.819606181234064479e-01
2.974499356746673584e+01 -2.779963999986648560e+01 -7.984095927327814479e-01
3.005431973934173584e+01 -2.753035289049148560e+01 -8.146754618734064479e-01
2.855798184871673584e+01 -3.016914683580398560e+01 -5.200892802327814479e-01
2.903149259090423584e+01 -3.007258921861648560e+01 -5.373774882405939479e-01
2.955114591121673584e+01 -3.001973277330398560e+01 -5.563899394124689479e-01
3.011669766902923584e+01 -3.000520640611648560e+01 -5.761958476155939479e-01
3.071508634090423584e+01 -3.001668101549148560e+01 -5.965968485921564479e-01
3.158117520809173584e+01 -3.029536753892898560e+01 -6.207362528890314479e-01
3.125829923152923584e+01 -2.933455210924148560e+01 -6.293727274984064479e-01
3.102209317684173584e+01 -2.848884898424148560e+01 -6.396724101155939479e-01
2.954138028621673584e+01 -3.128975230455398560e+01 -3.301936503499689479e-01
3.003906095027923584e+01 -3.119819957017898560e+01 -3.479853983968439479e-01
3.063097989559173584e+01 -3.120259410142898560e+01 -3.664485331624689479e-01
3.145971524715423584e+01 -3.144966441392898560e+01 -3.865290995687189479e-01
3.250720059871673584e+01 -3.190962535142898560e+01 -4.083644267171564479e-01
5.012817227840423584e+01 -4.960298472642898560e+01 -5.373927470296564479e-01
5.035253751277923584e+01 -4.881929332017898560e+01 -5.631801005452814479e-01
4.907763516902923584e+01 -4.655012828111648560e+01 -5.775233622640314479e-01
4.396630704402923584e+01 -4.787837535142898560e+01 -8.490861617028144792e-02
4.435888516902923584e+01 -4.733833628892898560e+01 -1.107264872640314479e-01
4.474474942684173584e+01 -4.679475718736648560e+01 -1.348658915609064479e-01
4.508556973934173584e+01 -4.620308238267898560e+01 -1.606379862874689479e-01
4.542321622371673584e+01 -4.561702281236648560e+01 -1.861811991780939479e-01
4.573535001277923584e+01 -4.501033335924148560e+01 -2.115565653890314479e-01
4.599072110652923584e+01 -4.434907847642898560e+01 -2.384120341390314479e-01
4.620605313777923584e+01 -4.365950328111648560e+01 -2.633143778890314479e-01
5.383605802059173584e+01 -5.921455699205398560e+01 3.173130635172185521e-01
5.396423184871673584e+01 -5.815108042955398560e+01 2.814854267984685521e-01
5.412951505184173584e+01 -5.714924937486648560e+01 2.466190937906560521e-01
5.430663907527923584e+01 -5.617463999986648560e+01 2.122715596109685521e-01
5.184179532527923584e+01 -5.241560679674148560e+01 1.588200215250310521e-01
5.218102872371673584e+01 -5.170259410142898560e+01 1.284397725015935521e-01
5.271423184871673584e+01 -5.119234019517898560e+01 9.941755570471855208e-02
4.912353360652923584e+01 -4.656111460924148560e+01 4.746137894690605208e-02
5.692211759090423584e+01 -6.274165660142898560e+01 7.390812519937810521e-01
5.690905606746673584e+01 -6.144893199205398560e+01 6.953800801187810521e-01
5.688036954402923584e+01 -6.016731578111648560e+01 6.523960713297185521e-01
5.686083829402923584e+01 -5.891963511705398560e+01 6.103733662515935521e-01
5.169531095027923584e+01 -5.224055796861648560e+01 4.965427998453435521e-01
5.228124845027923584e+01 -5.178767710924148560e+01 4.682682637125310521e-01
5.725585782527923584e+01 -5.580525523424148560e+01 4.957188252359685521e-01
4.913952481746673584e+01 -4.655952769517898560e+01 3.593510273844060521e-01
5.739745938777923584e+01 -6.326472789049148560e+01 1.142844069376593552e+00
5.787914884090423584e+01 -6.251924449205398560e+01 1.105887282267218552e+00
5.831884610652923584e+01 -6.173359996080398560e+01 1.068243849650031052e+00
5.956054532527923584e+01 -6.182002574205398560e+01 1.048102248087531052e+00
6.002990567684173584e+01 -6.106477671861648560e+01 1.011023390665656052e+00
5.262121427059173584e+01 -5.212190562486648560e+01 8.159397725015935521e-01
6.010998380184173584e+01 -5.869441539049148560e+01 9.208592060953435521e-01
4.915539395809173584e+01 -4.655781871080398560e+01 6.730412129312810521e-01
5.776647794246673584e+01 -6.366548472642898560e+01 1.547720778360968552e+00
5.806396329402923584e+01 -6.270430308580398560e+01 1.503882277384406052e+00
5.916760098934173584e+01 -6.264790660142898560e+01 1.484274733439093552e+00
5.965746915340423584e+01 -6.190205699205398560e+01 1.446188795939093552e+00
6.389904630184173584e+01 -6.514607554674148560e+01 1.511877882853156052e+00
6.370800626277923584e+01 -6.362996226549148560e+01 1.453070509806281052e+00
6.347961270809173584e+01 -6.210664683580398560e+01 1.394568312540656052e+00
4.917370450496673584e+01 -4.655855113267898560e+01 9.852512959390935521e-01
6.795544278621673584e+01 -6.942293101549148560e+01 2.070669997110968552e+00
6.778759610652923584e+01 -6.784663707017898560e+01 2.003226149454718552e+00
6.750659024715423584e+01 -6.618623667955398560e+01 1.935843336954718552e+00
4.912866055965423584e+01 -4.649605113267898560e+01 1.297278273478156052e+00
4.904321134090423584e+01 -4.639326792955398560e+01 1.605444777384406052e+00
4.923632657527923584e+01 -4.656843882799148560e+01 1.926474440470343552e+00
4.904101407527923584e+01 -4.730220347642898560e+01 2.594534743204718552e+00
4.896691739559173584e+01 -4.626472789049148560e+01 2.536459792032843552e+00
4.905883634090423584e+01 -4.633882457017898560e+01 2.852362501993781052e+00
4.898681485652923584e+01 -4.624959117174148560e+01 3.159491408243781052e+00
4.904467618465423584e+01 -4.628975230455398560e+01 3.475607741251593552e+00
7.193090665340423584e+01 -5.165523082017898560e+01 2.102270949259406052e+00
6.972631680965423584e+01 -4.873030406236648560e+01 1.933935988321906052e+00
4.909972989559173584e+01 -3.821040660142898560e+01 2.048102248087531052e+00
6.869555509090423584e+01 -5.396834117174148560e+01 2.841742384806281052e+00
5.263586270809173584e+01 -3.930220347642898560e+01 2.042517531290656052e+00
5.267126309871673584e+01 -3.929463511705398560e+01 2.386999953165656052e+00
5.256811368465423584e+01 -4.015315562486648560e+01 2.815085280314093552e+00
5.270043790340423584e+01 -3.928157359361648560e+01 2.733160841837531052e+00
3.713708341121673584e+01 -2.483137828111648560e+01 -8.067256327718439479e-01
4.594079434871673584e+01 -3.105549937486648560e+01 -9.339839335530939479e-01
4.039660489559173584e+01 -2.596492320299148560e+01 -9.337092753499689479e-01
2.837817227840423584e+01 -1.618257457017898560e+01 -8.476954814046564479e-01
4.796984708309173584e+01 -3.709016734361648560e+01 -3.209926005452814479e-01
3.571948087215423584e+01 -2.573909312486648560e+01 -4.045802470296564479e-01
3.588354337215423584e+01 -2.517463999986648560e+01 -4.557582255452814479e-01
1.985046231746673584e+01 -1.137300425767898560e+01 -4.896174784749689479e-01
3.690258634090423584e+01 -2.461397105455398560e+01 -5.558558817952814479e-01
4.951611173152923584e+01 -3.382661753892898560e+01 -6.462184306234064479e-01
5.406799161434173584e+01 -3.644624644517898560e+01 -7.271052714437189479e-01
5.121447598934173584e+01 -3.336213999986648560e+01 -7.778865214437189479e-01
5.791161954402923584e+01 -4.567622691392898560e+01 8.945356644690605208e-02
3.585302579402923584e+01 -2.582246714830398560e+01 -1.558162089437189479e-01
3.613683927059173584e+01 -2.535579234361648560e+01 -2.061091776937189479e-01
1.985973966121673584e+01 -1.136250621080398560e+01 -3.384791728109064479e-01
3.699426114559173584e+01 -2.465767222642898560e+01 -3.053981181234064479e-01
4.912267911434173584e+01 -3.348030406236648560e+01 -3.254939433187189479e-01
5.047485196590423584e+01 -3.364595347642898560e+01 -3.882991190999689479e-01
5.126208341121673584e+01 -3.336055308580398560e+01 -4.531184550374689479e-01
6.058483731746673584e+01 -4.794624644517898560e+01 5.145023945719060521e-01
3.617162930965423584e+01 -2.606294566392898560e+01 9.682356156409355208e-02
3.630615079402923584e+01 -2.546687632799148560e+01 4.399763382971855208e-02
1.932946622371673584e+01 -1.091182261705398560e+01 -1.940089579671564479e-01
1.833715665340423584e+01 -9.708941757678985596e+00 -2.350093241780939479e-01
1.768725430965423584e+01 -8.812701523303985596e+00 -2.701960917562189479e-01
2.784948575496673584e+01 -1.624141246080398560e+01 -2.264949198812189479e-01
2.891320645809173584e+01 -1.651753550767898560e+01 -2.594233866780939479e-01
6.224877774715423584e+01 -4.933833628892898560e+01 9.484013203531560521e-01
3.820495450496673584e+01 -2.775850230455398560e+01 3.877628926187810521e-01
3.861437833309173584e+01 -2.735713511705398560e+01 3.359287861734685521e-01
1.928271329402923584e+01 -1.085603648424148560e+01 -4.703630171715644792e-02
1.829846036434173584e+01 -9.661334335803985596e+00 -9.484208784996894792e-02
1.766406095027923584e+01 -8.778643906116485596e+00 -1.346370097249689479e-01
1.709277188777923584e+01 -7.969439804553985596e+00 -1.716395732015314479e-01
1.655895841121673584e+01 -7.213092148303985596e+00 -2.062007304280939479e-01
6.237280118465423584e+01 -4.939509898424148560e+01 1.362891066446906052e+00
3.700158536434173584e+01 -2.670576792955398560e+01 6.191776875406560521e-01
3.734704434871673584e+01 -2.627193003892898560e+01 5.678318623453435521e-01
3.972143399715423584e+01 -2.748872691392898560e+01 5.622166279703435521e-01
6.496288907527923584e+01 -4.689558726549148560e+01 1.037985670939093552e+00
1.763403165340423584e+01 -8.739337265491485596e+00 -3.138896077814479213e-04
1.704528653621673584e+01 -7.917804062366485596e+00 -4.192460738121894792e-02
1.649731290340423584e+01 -7.152179062366485596e+00 -8.005632124840644792e-02
6.313110196590423584e+01 -5.000044566392898560e+01 1.797201979532843552e+00
5.288317716121673584e+01 -4.013423472642898560e+01 1.374106276407843552e+00
6.799609220027923584e+01 -5.169844371080398560e+01 1.742377150431281052e+00
6.844128262996673584e+01 -5.083259898424148560e+01 1.649908888712531052e+00
6.798132169246673584e+01 -4.925398570299148560e+01 1.533652174845343552e+00
6.756628262996673584e+01 -4.774446421861648560e+01 1.421469557657843552e+00
6.719347989559173584e+01 -4.629512339830398560e+01 1.312704909220343552e+00
6.690722501277923584e+01 -4.494453746080398560e+01 1.208823073282843552e+00
6.718224942684173584e+01 -5.344917613267898560e+01 2.370734084025031052e+00
5.276660001277923584e+01 -3.999275523424148560e+01 1.720740187540656052e+00
5.271679532527923584e+01 -3.896565562486648560e+01 1.629797804728156052e+00
6.964806973934173584e+01 -5.176204234361648560e+01 2.126334059610968552e+00
7.165795743465423584e+01 -5.213313609361648560e+01 2.083655226603156052e+00
6.982824552059173584e+01 -4.946101695299148560e+01 1.915854323282843552e+00
6.907885587215423584e+01 -4.768855601549148560e+01 1.789419997110968552e+00
7.001843106746673584e+01 -4.722798472642898560e+01 1.713354933634406052e+00
6.801635587215423584e+01 -5.411506968736648560e+01 2.848181593790656052e+00
6.864330899715423584e+01 -5.338276988267898560e+01 2.757513869181281052e+00
6.920861661434173584e+01 -4.773799449205398560e+01 2.222159254923468552e+00
6.937438809871673584e+01 -4.669612437486648560e+01 2.123572218790656052e+00
3.765222012996673584e+01 -2.693135386705398560e+01 7.449711445719060521e-01
3.781457364559173584e+01 -2.632918101549148560e+01 6.848209980875310521e-01
6.655041348934173584e+01 -4.886384898424148560e+01 1.333319533243781052e+00
6.618884122371673584e+01 -4.738923960924148560e+01 1.220984328165656052e+00
6.581909024715423584e+01 -4.594234019517898560e+01 1.111456740275031052e+00
6.556518399715423584e+01 -4.461311656236648560e+01 1.006888258829718552e+00
1.631213223934173584e+01 -6.761431992053985596e+00 -3.707231245934394792e-02
1.580334317684173584e+01 -6.045611679553985596e+00 -7.627214156090644792e-02
5.247082364559173584e+01 -3.937654429674148560e+01 1.506079543009406052e+00
6.847826993465423584e+01 -5.160298472642898560e+01 1.931937086954718552e+00
6.997253262996673584e+01 -5.157820445299148560e+01 1.863959181681281052e+00
6.940771329402923584e+01 -4.988789683580398560e+01 1.735251295939093552e+00
6.887267911434173584e+01 -4.826216441392898560e+01 1.611121046915656052e+00
6.846227872371673584e+01 -4.676692515611648560e+01 1.493491042032843552e+00
6.807055509090423584e+01 -4.531221324205398560e+01 1.380987990275031052e+00
6.780187833309173584e+01 -4.398103648424148560e+01 1.272147047892218552e+00
5.252429044246673584e+01 -3.937666636705398560e+01 1.858557570353156052e+00
6.915380704402923584e+01 -5.210408335924148560e+01 2.397772658243781052e+00
6.926171720027923584e+01 -4.851045542955398560e+01 2.058737624064093552e+00
6.947936856746673584e+01 -4.748750621080398560e+01 1.954993117228156052e+00
5.360229337215423584e+01 -3.449055796861648560e+01 1.359610426798468552e+00
7.084545743465423584e+01 -4.615022593736648560e+01 1.779761183634406052e+00
4.898705899715423584e+01 -4.657246714830398560e+01 5.578696120157843552e+00
4.513879239559173584e+01 -5.096956187486648560e+01 6.372366774454718552e+00
4.625951993465423584e+01 -5.074983531236648560e+01 6.368475783243781052e+00
3.219933927059173584e+01 -3.424849253892898560e+01 4.673910963907843552e+00
4.892016446590423584e+01 -4.647285777330398560e+01 6.019629347696906052e+00
4.518029630184173584e+01 -5.098128062486648560e+01 6.827658522501593552e+00
4.592516934871673584e+01 -5.035029917955398560e+01 6.779074538126593552e+00
3.231188809871673584e+01 -3.434212046861648560e+01 5.040655959025031052e+00
3.244958341121673584e+01 -3.337056285142898560e+01 4.951956618204718552e+00
4.907678067684173584e+01 -4.659431773424148560e+01 6.481833327189093552e+00
4.522656095027923584e+01 -5.078584605455398560e+01 3.096289503946906052e+00
4.501940762996673584e+01 -5.052278453111648560e+01 3.530920851603156052e+00
4.502978360652923584e+01 -5.050105601549148560e+01 3.982107985392218552e+00
4.515807950496673584e+01 -5.061018687486648560e+01 4.441031325235968552e+00
4.522778165340423584e+01 -5.065401011705398560e+01 4.898642409220343552e+00
4.528771817684173584e+01 -5.068733531236648560e+01 5.353751051798468552e+00
4.488256680965423584e+01 -5.020540171861648560e+01 5.762747633829718552e+00
4.523608243465423584e+01 -5.056367808580398560e+01 6.249274123087531052e+00
3.213635098934173584e+01 -3.490962535142898560e+01 4.668738234415656052e+00
3.058764493465423584e+01 -3.664534312486648560e+01 5.163885939493781052e+00
3.196923673152923584e+01 -3.585713511705398560e+01 5.113333571329718552e+00
3.215856778621673584e+01 -3.490742808580398560e+01 5.028921950235968552e+00
3.351855313777923584e+01 -3.522200328111648560e+01 5.081778395548468552e+00
8.064817786216735840e+00 -1.004194957017898560e+01 2.944096211344060521e-01
4.536010587215423584e+01 -5.056709605455398560e+01 2.119620192423468552e+00
8.159178137779235840e+00 -8.867389023303985596e+00 2.258061055094060521e-01
7.604002356529235840e+00 -9.508624374866485596e+00 4.677799824625310521e-01
7.845091223716735840e+00 -9.139849960803985596e+00 4.428928975015935521e-01
8.236814856529235840e+00 -8.937335312366485596e+00 4.265507344156560521e-01
4.531860196590423584e+01 -5.045613414049148560e+01 3.021506178751593552e+00
4.534582364559173584e+01 -5.045357066392898560e+01 3.474081862345343552e+00
4.536718595027923584e+01 -5.044441539049148560e+01 3.928931105509406052e+00
4.533190762996673584e+01 -5.037300425767898560e+01 4.376807082071906052e+00
4.542370450496673584e+01 -5.044148570299148560e+01 4.838110793009406052e+00
4.524597012996673584e+01 -5.018062144517898560e+01 5.724036085978156052e+00
3.191625821590423584e+01 -3.436909800767898560e+01 4.232611525431281052e+00
3.213097989559173584e+01 -3.572859507799148560e+01 4.713065016642218552e+00
3.204662930965423584e+01 -3.560969859361648560e+01 5.065405714884406052e+00
3.241418302059173584e+01 -3.371626597642898560e+01 4.898093092814093552e+00
4.470471036434173584e+01 -5.069917613267898560e+01 5.669058668985968552e+00
4.549365079402923584e+01 -5.009993296861648560e+01 5.626883376017218552e+00
3.210790860652923584e+01 -3.427498179674148560e+01 4.516684401407843552e+00
2.838073575496673584e+01 -3.830000621080398560e+01 5.183447707071906052e+00
3.206725919246673584e+01 -3.535689097642898560e+01 4.974066603556281052e+00
3.222631680965423584e+01 -3.437642222642898560e+01 4.889273512735968552e+00
2.603576505184173584e+01 -3.639131480455398560e+01 4.856360304728156052e+00
