-1.011892691254615784e+00 -9.744933500885963440e+00 -1.898222751915454865e-01
-9.442657381296157837e-01 -9.768126860260963440e+00 -1.903410740196704865e-01
-8.759063631296157837e-01 -9.788146391510963440e+00 -1.908598728477954865e-01
-8.071807771921157837e-01 -9.808287993073463440e+00 -1.913939304649829865e-01
-7.384551912546157837e-01 -9.828429594635963440e+00 -1.919127292931079865e-01
-6.693633943796157837e-01 -9.848693266510963440e+00 -1.924467869102954865e-01
-6.002715975046157837e-01 -9.868834868073463440e+00 -1.929655857384204865e-01
-5.306915193796157837e-01 -9.885802641510963440e+00 -1.934996433556079865e-01
-1.122610464692115784e+00 -1.040118350088596344e+01 -1.889983005821704865e-01
-1.049246206879615784e+00 -1.042352236807346344e+01 -1.895628757774829865e-01
-9.756378084421157837e-01 -1.044598330557346344e+01 -1.901274509727954865e-01
-9.021514803171157837e-01 -1.047235049307346344e+01 -1.906920261681079865e-01
-8.281768709421157837e-01 -1.049493350088596344e+01 -1.912566013634204865e-01
-7.533477693796157837e-01 -1.051385439932346344e+01 -1.918211765587329865e-01
-6.790069490671157837e-01 -1.053655947744846344e+01 -1.924010105431079865e-01
-6.044219881296157837e-01 -1.055926455557346344e+01 -1.929655857384204865e-01
-1.254324331879615784e+00 -1.118255557119846344e+01 -1.887694187462329865e-01
-1.173025503754615784e+00 -1.119659365713596344e+01 -1.887694187462329865e-01
-1.092947378754615784e+00 -1.121990908682346344e+01 -1.892729587852954865e-01
-1.012380972504615784e+00 -1.124212588369846344e+01 -1.897002048790454865e-01
-9.318145662546157837e-01 -1.126458682119846344e+01 -1.901427097618579865e-01
-8.508819490671157837e-01 -1.128704775869846344e+01 -1.905852146446704865e-01
-7.699493318796157837e-01 -1.130963076651096344e+01 -1.910277195274829865e-01
-6.888946443796157837e-01 -1.133221377432346344e+01 -1.914702244102954865e-01
-1.411184683442115784e+00 -1.211248721182346344e+01 -1.887999363243579865e-01
-1.323049917817115784e+00 -1.213372744619846344e+01 -1.887999363243579865e-01
-1.233938589692115784e+00 -1.214947451651096344e+01 -1.887999363243579865e-01
-1.144461050629615784e+00 -1.216522158682346344e+01 -1.887999363243579865e-01
-1.055227652192115784e+00 -1.218096865713596344e+01 -1.887999363243579865e-01
-9.656280428171157837e-01 -1.219683779776096344e+01 -1.887999363243579865e-01
-8.762725740671157837e-01 -1.221258486807346344e+01 -1.887999363243579865e-01
-7.863067537546157837e-01 -1.222283877432346344e+01 -1.887999363243579865e-01
-1.672903433442115784e+00 -1.366436709463596344e+01 -2.075224705040454865e-01
-1.571707144379615784e+00 -1.368658389151096344e+01 -2.076903171837329865e-01
-1.470388785004615784e+00 -1.370880068838596344e+01 -2.078581638634204865e-01
-1.368582144379615784e+00 -1.373113955557346344e+01 -2.080260105431079865e-01
-1.266897574067115784e+00 -1.375347842276096344e+01 -2.081938572227954865e-01
-1.164846792817115784e+00 -1.377581728994846344e+01 -2.083769626915454865e-01
-1.063040152192115784e+00 -1.379827822744846344e+01 -2.085448093712329865e-01
-9.609893709421157837e-01 -1.382061709463596344e+01 -2.087126560509204865e-01
-2.013235464692115784e+00 -1.568292178213596344e+01 -2.306395359337329865e-01
-1.897390738129615784e+00 -1.572125186026096344e+01 -2.309294529259204865e-01
-1.779592886567115784e+00 -1.574859561026096344e+01 -2.311430759727954865e-01
-1.661062613129615784e+00 -1.577593936026096344e+01 -2.313414402306079865e-01
-1.542898550629615784e+00 -1.580340518057346344e+01 -2.315550632774829865e-01
-1.424124136567115784e+00 -1.583087100088596344e+01 -2.317686863243579865e-01
-1.305593863129615784e+00 -1.585833682119846344e+01 -2.319823093712329865e-01
-1.185598745942115784e+00 -1.587457217276096344e+01 -2.321043796837329865e-01
-2.383230581879615784e+00 -1.787713564932346344e+01 -2.407408542931079865e-01
-2.251394644379615784e+00 -1.793206728994846344e+01 -2.417479343712329865e-01
-2.117605581879615784e+00 -1.797869814932346344e+01 -2.424498386681079865e-01
-1.980154410004615784e+00 -1.800506533682346344e+01 -2.424498386681079865e-01
-1.847341910004615784e+00 -1.806463564932346344e+01 -2.436095066368579865e-01
-1.714895620942115784e+00 -1.813580264151096344e+01 -2.451659031212329865e-01
-1.582083120942115784e+00 -1.820709170401096344e+01 -2.467222996056079865e-01
-1.446340933442115784e+00 -1.825921572744846344e+01 -2.476073093712329865e-01
-2.776052847504615784e+00 -2.020648135244846344e+01 -2.349119968712329865e-01
-2.620535269379615784e+00 -2.023760928213596344e+01 -2.349119968712329865e-01
-2.465383902192115784e+00 -2.027239932119846344e+01 -2.345457859337329865e-01
-2.308157339692115784e+00 -2.029742373526096344e+01 -2.343626804649829865e-01
-2.151174917817115784e+00 -2.032098330557346344e+01 -2.341337986290454865e-01
-1.991384878754615784e+00 -2.032684268057346344e+01 -2.333708591759204865e-01
-1.832937613129615784e+00 -2.033721865713596344e+01 -2.332030124962329865e-01
-1.675833120942115784e+00 -2.035797061026096344e+01 -2.328978367149829865e-01
-3.224295035004615784e+00 -2.286444033682346344e+01 -2.153807468712329865e-01
-3.043386831879615784e+00 -2.287835635244846344e+01 -2.147703953087329865e-01
-2.864920035004615784e+00 -2.290728701651096344e+01 -2.145567722618579865e-01
-2.680838003754615784e+00 -2.290154971182346344e+01 -2.134428806602954865e-01
-2.497244253754615784e+00 -2.289068545401096344e+01 -2.122069187462329865e-01
-2.313528433442115784e+00 -2.287982119619846344e+01 -2.109709568321704865e-01
-2.131155386567115784e+00 -2.286895693838596344e+01 -2.097502537071704865e-01
-1.949392691254615784e+00 -2.285833682119846344e+01 -2.085142917931079865e-01
-4.116629019379615784e+00 -2.815631045401096344e+01 -2.272368259727954865e-01
-3.875296011567115784e+00 -2.807427920401096344e+01 -2.244444675743579865e-01
-3.634451285004615784e+00 -2.798248232901096344e+01 -2.214690037071704865e-01
-3.394949331879615784e+00 -2.789129580557346344e+01 -2.185087986290454865e-01
-3.158377066254615784e+00 -2.780108584463596344e+01 -2.155791111290454865e-01
-2.923269644379615784e+00 -2.771173037588596344e+01 -2.126646824181079865e-01
-2.687063589692115784e+00 -2.758966006338596344e+01 -2.090941257774829865e-01
-2.442800894379615784e+00 -2.737005557119846344e+01 -2.034941501915454865e-01
-6.529959097504615784e+00 -4.246807803213596344e+01 -3.374510593712329865e-01
-6.276907339692115784e+00 -4.307476748526096344e+01 -3.460112400352954865e-01
-5.781668081879615784e+00 -4.214593447744846344e+01 -3.293791599571704865e-01
-5.439749136567115784e+00 -4.218096865713596344e+01 -3.285704441368579865e-01
-4.448782339692115784e+00 -3.738507021963596344e+01 -2.489653415977954865e-01
-4.680349722504615784e+00 -4.163824404776096344e+01 -3.169737644493579865e-01
-4.448660269379615784e+00 -4.255145205557346344e+01 -3.304625339806079865e-01
-2.976614370942115784e+00 -3.225103701651096344e+01 -1.621275730431079865e-01
-4.436575308442115784e+00 -3.005169619619846344e+01 1.231953501701354980e-05
-4.233572378754615784e+00 -3.030950869619846344e+01 -2.200204879045486450e-03
-4.127493277192115784e+00 -3.123223818838596344e+01 -1.220997050404548645e-02
-3.845022574067115784e+00 -3.103375186026096344e+01 -9.036142379045486450e-03
-3.313162222504615784e+00 -2.894720400869846344e+01 1.618663594126701355e-02
-3.072195425629615784e+00 -2.888861025869846344e+01 1.765147969126701355e-02
-4.444143667817115784e+00 -4.250970400869846344e+01 -1.399260349571704865e-01
-2.563040152192115784e+00 -2.846502627432346344e+01 2.412120625376701355e-02
-4.459768667817115784e+00 -3.018853701651096344e+01 1.329926662147045135e-01
-4.224050894379615784e+00 -3.024871768057346344e+01 1.332368068397045135e-01
-3.979544058442115784e+00 -3.025482119619846344e+01 1.331452541053295135e-01
-3.531790152192115784e+00 -2.884295596182346344e+01 1.438111476600170135e-01
-3.315603628754615784e+00 -2.896331728994846344e+01 1.435975246131420135e-01
-3.050100699067115784e+00 -2.871124209463596344e+01 1.460084132850170135e-01
-2.848318472504615784e+00 -2.895220889151096344e+01 1.456269435584545135e-01
-2.553396597504615784e+00 -2.837432803213596344e+01 1.502808742225170135e-01
-4.451467886567115784e+00 -3.013787783682346344e+01 2.669800929725170135e-01
-4.154592886567115784e+00 -2.981378115713596344e+01 2.682923488318920135e-01
-3.855276480317115784e+00 -2.943389834463596344e+01 2.697266750037670135e-01
-3.533621206879615784e+00 -2.885443057119846344e+01 2.716187648475170135e-01
-3.282644644379615784e+00 -2.871685732901096344e+01 2.724427394568920135e-01
-3.021414175629615784e+00 -2.848199404776096344e+01 2.734955959022045135e-01
-2.842581167817115784e+00 -2.890191592276096344e+01 2.729767970740795135e-01
-2.638723745942115784e+00 -2.915154971182346344e+01 2.728699855506420135e-01
-4.504324331879615784e+00 -3.045025576651096344e+01 4.019745998084545135e-01
-4.195242300629615784e+00 -3.006707705557346344e+01 4.007844142615795135e-01
-3.847341910004615784e+00 -2.938055361807346344e+01 3.996247462928295135e-01
-3.624563589692115784e+00 -2.948858584463596344e+01 4.002198390662670135e-01
-3.408499136567115784e+00 -2.964959658682346344e+01 4.009217433631420135e-01
-3.106619253754615784e+00 -2.915460146963596344e+01 4.001740626990795135e-01
-2.841360464692115784e+00 -2.888861025869846344e+01 3.999146632850170135e-01
-2.566702261567115784e+00 -2.849114932119846344e+01 4.000367335975170135e-01
-4.901419058442115784e+00 -3.280425967276096344e+01 5.530823878943920135e-01
-4.260427847504615784e+00 -3.047271670401096344e+01 5.373658351600170135e-01
-3.995291128754615784e+00 -3.035455264151096344e+01 5.367554835975170135e-01
-3.679983511567115784e+00 -2.987432803213596344e+01 5.336732082068920135e-01
-3.393606558442115784e+00 -2.953716982901096344e+01 5.315522365272045135e-01
-3.105642691254615784e+00 -2.914532412588596344e+01 5.290650539100170135e-01
-2.825979605317115784e+00 -2.875628603994846344e+01 5.265778712928295135e-01
-2.564016714692115784e+00 -2.846356143057346344e+01 5.247620753943920135e-01
-6.531790152192115784e+00 -4.247027529776096344e+01 8.109864406287670135e-01
-4.257986441254615784e+00 -3.045611514151096344e+01 6.721162013709545135e-01
-4.002493277192115784e+00 -3.040081728994846344e+01 6.715363673865795135e-01
-3.681204214692115784e+00 -2.988079775869846344e+01 6.656159572303295135e-01
-3.387503042817115784e+00 -2.949066103994846344e+01 6.611909084022045135e-01
-3.140676870942115784e+00 -2.942059268057346344e+01 6.604279689490795135e-01
-2.836843863129615784e+00 -2.884588564932346344e+01 6.538666896522045135e-01
-2.561087027192115784e+00 -2.843438662588596344e+01 6.498536281287670135e-01
-6.532522574067115784e+00 -4.247332705557346344e+01 1.001828115433454514e+00
-3.752004995942115784e+00 -3.037445010244846344e+01 8.061646632850170135e-01
-3.386770620942115784e+00 -2.948333682119846344e+01 7.916840724647045135e-01
-3.178396597504615784e+00 -2.971783389151096344e+01 7.953614406287670135e-01
-2.957693472504615784e+00 -2.986871279776096344e+01 7.976960353553295135e-01
-2.604788199067115784e+00 -2.883111514151096344e+01 7.808655910193920135e-01
-6.529959097504615784e+00 -4.245660342276096344e+01 1.193280141800642014e+00
-3.569754019379615784e+00 -3.083953799307346344e+01 9.497040919959545135e-01
-3.180105581879615784e+00 -2.972906436026096344e+01 9.271058253943920135e-01
-2.973318472504615784e+00 -2.999908389151096344e+01 9.324464015662670135e-01
-2.766287222504615784e+00 -3.030462588369846344e+01 9.385346584022045135e-01
-6.533987417817115784e+00 -4.247943057119846344e+01 1.385540883988142014e+00
-4.421926870942115784e+00 -3.716436709463596344e+01 1.247174184769392014e+00
-2.761770620942115784e+00 -3.025970400869846344e+01 1.071286123245954514e+00
-5.305694490671157837e-01 -9.885802641510963440e+00 -1.934996433556079865e-01
-4.611114412546157837e-01 -9.905822172760963440e+00 -1.939879246056079865e-01
-3.905548006296157837e-01 -9.915954008698463440e+00 -1.940642185509204865e-01
-3.196319490671157837e-01 -9.926207914948463440e+00 -1.941405124962329865e-01
-2.489532381296157837e-01 -9.936461821198463440e+00 -1.942168064415454865e-01
-1.779083162546157837e-01 -9.946593657135963440e+00 -1.942931003868579865e-01
-1.069854646921157837e-01 -9.956847563385963440e+00 -1.943693943321704865e-01
-3.581847250461578369e-02 -9.963195219635963440e+00 -1.944151706993579865e-01
-6.041778475046157837e-01 -1.055926455557346344e+01 -1.929655857384204865e-01
-5.291046053171157837e-01 -1.057916201651096344e+01 -1.935454197227954865e-01
-4.537872225046157837e-01 -1.059905947744846344e+01 -1.941099949181079865e-01
-3.782256990671157837e-01 -1.062298525869846344e+01 -1.946898289024829865e-01
-3.024200350046157837e-01 -1.064288271963596344e+01 -1.952696628868579865e-01
-2.258819490671157837e-01 -1.065911807119846344e+01 -1.958494968712329865e-01
-1.495880037546157837e-01 -1.067742861807346344e+01 -1.963225193321704865e-01
-7.207335531711578369e-02 -1.067718447744846344e+01 -1.957426853477954865e-01
-6.886505037546157837e-01 -1.133221377432346344e+01 -1.914702244102954865e-01
-6.071075350046157837e-01 -1.135211123526096344e+01 -1.919432468712329865e-01
-5.253204256296157837e-01 -1.137213076651096344e+01 -1.924162693321704865e-01
-4.430450350046157837e-01 -1.139227236807346344e+01 -1.928892917931079865e-01
-3.607696443796157837e-01 -1.141229189932346344e+01 -1.933623142540454865e-01
-2.781280428171157837e-01 -1.143255557119846344e+01 -1.938353367149829865e-01
-1.954864412546157837e-01 -1.145269717276096344e+01 -1.943083591759204865e-01
-1.119903475046157837e-01 -1.146185244619846344e+01 -1.942015476524829865e-01
-7.860626131296157837e-01 -1.222296084463596344e+01 -1.887999363243579865e-01
-6.978057771921157837e-01 -1.225140322744846344e+01 -1.893034763634204865e-01
-6.084503084421157837e-01 -1.226971377432346344e+01 -1.895933933556079865e-01
-5.184844881296157837e-01 -1.228826846182346344e+01 -1.898680515587329865e-01
-4.286407381296157837e-01 -1.230670107901096344e+01 -1.901579685509204865e-01
-3.383087068796157837e-01 -1.232525576651096344e+01 -1.904326267540454865e-01
-2.480987459421157837e-01 -1.234368838369846344e+01 -1.907225437462329865e-01
-1.574005037546157837e-01 -1.235406436026096344e+01 -1.908751316368579865e-01
-9.607452303171157837e-01 -1.382098330557346344e+01 -2.087279148399829865e-01
-8.580840975046157837e-01 -1.383917178213596344e+01 -2.088652439415454865e-01
-7.553008943796157837e-01 -1.385736025869846344e+01 -2.090025730431079865e-01
-6.520294100046157837e-01 -1.387567080557346344e+01 -2.091399021446704865e-01
-5.490020662546157837e-01 -1.389398135244846344e+01 -2.092772312462329865e-01
-4.453643709421157837e-01 -1.391241396963596344e+01 -2.094298191368579865e-01
-3.418487459421157837e-01 -1.393072451651096344e+01 -2.095671482384204865e-01
-2.383331209421157837e-01 -1.394915713369846344e+01 -2.097044773399829865e-01
-1.185110464692115784e+00 -1.587457217276096344e+01 -2.321043796837329865e-01
-1.066946402192115784e+00 -1.590875186026096344e+01 -2.323637790977954865e-01
-9.473174959421157837e-01 -1.593170107901096344e+01 -2.325316257774829865e-01
-8.269561678171157837e-01 -1.595477236807346344e+01 -2.327147312462329865e-01
-7.068389803171157837e-01 -1.597784365713596344e+01 -2.328825779259204865e-01
-5.861114412546157837e-01 -1.600103701651096344e+01 -2.330656833946704865e-01
-4.656280428171157837e-01 -1.602410830557346344e+01 -2.332335300743579865e-01
-3.442901521921157837e-01 -1.603582705557346344e+01 -2.333250828087329865e-01
-1.445852652192115784e+00 -1.825958193838596344e+01 -2.476225681602954865e-01
-1.308645620942115784e+00 -1.830316103994846344e+01 -2.483397312462329865e-01
-1.170828238129615784e+00 -1.834686221182346344e+01 -2.490568943321704865e-01
-1.026052847504615784e+00 -1.832049502432346344e+01 -2.473631687462329865e-01
-8.818878084421157837e-01 -1.828704775869846344e+01 -2.454100437462329865e-01
-7.380889803171157837e-01 -1.825372256338596344e+01 -2.434721775352954865e-01
-5.952667146921157837e-01 -1.821917666494846344e+01 -2.414885349571704865e-01
-4.524444490671157837e-01 -1.816693057119846344e+01 -2.389097996056079865e-01
-1.675344839692115784e+00 -2.035797061026096344e+01 -2.328825779259204865e-01
-1.517874136567115784e+00 -2.037640322744846344e+01 -2.326079197227954865e-01
-1.361379995942115784e+00 -2.040521182119846344e+01 -2.321654148399829865e-01
-1.203176870942115784e+00 -2.042364443838596344e+01 -2.318907566368579865e-01
-1.043875113129615784e+00 -2.042291201651096344e+01 -2.310362644493579865e-01
-8.838409334421157837e-01 -2.041424502432346344e+01 -2.299528904259204865e-01
-7.240508943796157837e-01 -2.039507998526096344e+01 -2.290221042931079865e-01
-5.652374178171157837e-01 -2.038653506338596344e+01 -2.279387302696704865e-01
-1.948660269379615784e+00 -2.285809268057346344e+01 -2.085142917931079865e-01
-1.767263785004615784e+00 -2.284551943838596344e+01 -2.073241062462329865e-01
-1.586233511567115784e+00 -2.283306826651096344e+01 -2.061339206993579865e-01
-1.401663199067115784e+00 -2.278167666494846344e+01 -2.039519138634204865e-01
-1.218435660004615784e+00 -2.272308291494846344e+01 -2.016020603477954865e-01
-1.037649527192115784e+00 -2.269341982901096344e+01 -1.999846287071704865e-01
-8.590606600046157837e-01 -2.267816103994846344e+01 -1.987334080040454865e-01
-6.809600740671157837e-01 -2.266290225088596344e+01 -1.974974460899829865e-01
-2.441824331879615784e+00 -2.736846865713596344e+01 -2.034636326134204865e-01
-2.195974722504615784e+00 -2.709246768057346344e+01 -1.967345066368579865e-01
-1.921560660004615784e+00 -2.645526064932346344e+01 -1.825438328087329865e-01
-1.712576285004615784e+00 -2.647369326651096344e+01 -1.819792576134204865e-01
-1.504202261567115784e+00 -2.649212588369846344e+01 -1.814146824181079865e-01
-1.295217886567115784e+00 -2.651055850088596344e+01 -1.808501072227954865e-01
-1.076101675629615784e+00 -2.634686221182346344e+01 -1.765318699181079865e-01
-8.560089021921157837e-01 -2.610589541494846344e+01 -1.706419773399829865e-01
-2.975149527192115784e+00 -3.224517764151096344e+01 -1.620207615196704865e-01
-2.641409292817115784e+00 -3.150421084463596344e+01 -1.489744968712329865e-01
-2.342337027192115784e+00 -3.099945010244846344e+01 -1.397887058556079865e-01
-2.063040152192115784e+00 -3.063543643057346344e+01 -1.328917331993579865e-01
-1.667654410004615784e+00 -2.864398135244846344e+01 -9.988697245717048645e-02
-1.521536245942115784e+00 -2.986419619619846344e+01 -1.185179539024829865e-01
-1.261404410004615784e+00 -2.947747744619846344e+01 -1.113463230431079865e-01
-1.007498160004615784e+00 -2.908319033682346344e+01 -1.040831394493579865e-01
-2.562551870942115784e+00 -2.846734561026096344e+01 2.410594746470451355e-02
-2.324880972504615784e+00 -2.836480654776096344e+01 2.613536641001701355e-02
-2.112722769379615784e+00 -2.851470889151096344e+01 2.526561543345451355e-02
-1.882742300629615784e+00 -2.848882998526096344e+01 2.641002461314201355e-02
-1.670950308442115784e+00 -2.868231143057346344e+01 2.503673359751701355e-02
-1.450613394379615784e+00 -2.880645693838596344e+01 2.448741719126701355e-02
-1.202932730317115784e+00 -2.848260439932346344e+01 2.903453633189201355e-02
-1.181936636567115784e+00 -3.251263369619846344e+01 -1.597889140248298645e-02
-2.552664175629615784e+00 -2.837530459463596344e+01 1.502808742225170135e-01
-2.347463980317115784e+00 -2.858538760244846344e+01 1.495942287147045135e-01
-2.116384878754615784e+00 -2.855059756338596344e+01 1.499299220740795135e-01
-1.880667105317115784e+00 -2.846002139151096344e+01 1.513337306678295135e-01
-1.669119253754615784e+00 -2.865386904776096344e+01 1.507691554725170135e-01
-1.442190542817115784e+00 -2.867413271963596344e+01 1.513947658240795135e-01
-1.233694449067115784e+00 -2.899468936026096344e+01 1.506623439490795135e-01
-9.988311678171157837e-01 -2.889507998526096344e+01 1.521119289100170135e-01
-2.638113394379615784e+00 -2.915362490713596344e+01 2.728699855506420135e-01
-2.347708120942115784e+00 -2.858392275869846344e+01 2.748994044959545135e-01
-2.139334097504615784e+00 -2.879486025869846344e+01 2.750977687537670135e-01
-1.890066519379615784e+00 -2.856719912588596344e+01 2.763184718787670135e-01
-1.724539175629615784e+00 -2.938043154776096344e+01 2.751740626990795135e-01
-1.427786245942115784e+00 -2.845562686026096344e+01 2.779359035193920135e-01
-1.231375113129615784e+00 -2.894866885244846344e+01 2.775391750037670135e-01
-9.990753084421157837e-01 -2.889263857901096344e+01 2.783478908240795135e-01
-2.565725699067115784e+00 -2.848858584463596344e+01 4.000214748084545135e-01
-2.301199331879615784e+00 -2.812005557119846344e+01 3.991212062537670135e-01
-2.043875113129615784e+00 -2.776080264151096344e+01 3.988923244178295135e-01
-1.935964956879615784e+00 -2.910845889151096344e+01 4.026154689490795135e-01
-1.675711050629615784e+00 -2.873150576651096344e+01 4.023408107459545135e-01
-1.466360464692115784e+00 -2.902264346182346344e+01 4.036378078162670135e-01
-1.229421988129615784e+00 -2.890838564932346344e+01 4.039735011756420135e-01
-1.045828238129615784e+00 -2.980377139151096344e+01 4.074372462928295135e-01
-2.562918081879615784e+00 -2.846087588369846344e+01 5.247315578162670135e-01
-2.296804800629615784e+00 -2.807452334463596344e+01 5.225953273475170135e-01
-2.038626089692115784e+00 -2.769964541494846344e+01 5.205048732459545135e-01
-1.786917105317115784e+00 -2.733441103994846344e+01 5.184754543006420135e-01
-1.543264761567115784e+00 -2.698077334463596344e+01 5.165223293006420135e-01
-1.305715933442115784e+00 -2.663592471182346344e+01 5.145997218787670135e-01
-1.079885855317115784e+00 -2.637371768057346344e+01 5.132416896522045135e-01
-8.595489412546157837e-01 -2.612933291494846344e+01 5.120057277381420135e-01
-2.560110464692115784e+00 -2.843157900869846344e+01 6.498231105506420135e-01
-2.293508902192115784e+00 -2.803887881338596344e+01 6.450776271522045135e-01
-2.035208120942115784e+00 -2.765924014151096344e+01 6.411256007850170135e-01
-1.783499136567115784e+00 -2.728936709463596344e+01 6.372956447303295135e-01
-1.539968863129615784e+00 -2.693145693838596344e+01 6.335725001990795135e-01
-1.303274527192115784e+00 -2.659405459463596344e+01 6.300782375037670135e-01
-1.078665152192115784e+00 -2.634735049307346344e+01 6.276215724647045135e-01
-8.589385896921157837e-01 -2.611041201651096344e+01 6.258820705115795135e-01
-2.603933706879615784e+00 -2.883001650869846344e+01 7.808503322303295135e-01
-2.412039175629615784e+00 -2.920965518057346344e+01 7.873353175818920135e-01
-2.242361441254615784e+00 -2.989276064932346344e+01 7.987183742225170135e-01
-2.013723745942115784e+00 -3.001946963369846344e+01 8.011445216834545135e-01
-1.795828238129615784e+00 -3.030010928213596344e+01 8.060578517615795135e-01
-1.560598745942115784e+00 -3.039959658682346344e+01 8.080414943397045135e-01
-1.320852652192115784e+00 -3.043426455557346344e+01 8.089875392615795135e-01
-1.022756949067115784e+00 -2.932391299307346344e+01 7.913636378943920135e-01
-2.765310660004615784e+00 -3.030279482901096344e+01 9.384888820350170135e-01
-2.409353628754615784e+00 -2.917913760244846344e+01 9.154633693397045135e-01
-2.289236441254615784e+00 -3.039556826651096344e+01 9.410065822303295135e-01
-2.005789175629615784e+00 -2.992034853994846344e+01 9.307221584022045135e-01
-1.788870230317115784e+00 -3.020342959463596344e+01 9.368714503943920135e-01
-1.515188589692115784e+00 -2.972137393057346344e+01 9.278535060584545135e-01
-1.316091910004615784e+00 -3.034503115713596344e+01 9.411133937537670135e-01
-1.092459097504615784e+00 -3.068633975088596344e+01 9.484986476600170135e-01
-2.760671988129615784e+00 -3.025775088369846344e+01 1.071240346878767014e+00
-2.499685660004615784e+00 -3.007000674307346344e+01 1.065960805863142014e+00
-2.282766714692115784e+00 -3.032159365713596344e+01 1.072552602738142014e+00
-2.050833120942115784e+00 -3.045123232901096344e+01 1.076031606644392014e+00
-1.788626089692115784e+00 -3.019390811026096344e+01 1.069699209183454514e+00
-1.582449331879615784e+00 -3.071099795401096344e+01 1.083035390824079514e+00
-1.346365347504615784e+00 -3.084979189932346344e+01 1.086758535355329514e+00
-1.094656363129615784e+00 -3.072112978994846344e+01 1.084408681839704514e+00
-3.557433187961578369e-02 -9.963317289948463440e+00 -1.944304294884204865e-01
3.534851968288421631e-02 -9.974181547760963440e+00 -1.945067234337329865e-01
1.067596524953842163e-01 -9.977721586823463440e+00 -1.943541355431079865e-01
1.786590665578842163e-01 -9.974913969635963440e+00 -1.938048191368579865e-01
2.500701993703842163e-01 -9.972106352448463440e+00 -1.932555027306079865e-01
3.218475431203842163e-01 -9.969420805573463440e+00 -1.927061863243579865e-01
3.931366056203842163e-01 -9.966613188385963440e+00 -1.921568699181079865e-01
4.644256681203842163e-01 -9.960509672760963440e+00 -1.916228123009204865e-01
-7.182921469211578369e-02 -1.067718447744846344e+01 -1.957426853477954865e-01
5.685433745384216309e-03 -1.067376650869846344e+01 -1.951475925743579865e-01
8.307801187038421631e-02 -1.067047061026096344e+01 -1.945524998009204865e-01
1.605926603078842163e-01 -1.067108096182346344e+01 -1.939574070274829865e-01
2.379852384328842163e-01 -1.066778506338596344e+01 -1.933775730431079865e-01
3.154998868703842163e-01 -1.066033877432346344e+01 -1.927824802696704865e-01
3.925262540578842163e-01 -1.065704287588596344e+01 -1.921873874962329865e-01
4.695526212453842163e-01 -1.065374697744846344e+01 -1.916075535118579865e-01
-1.117462068796157837e-01 -1.146185244619846344e+01 -1.942015476524829865e-01
-2.763976156711578369e-02 -1.145831240713596344e+01 -1.935911960899829865e-01
5.634461343288421631e-02 -1.145465029776096344e+01 -1.929808445274829865e-01
1.404510587453842163e-01 -1.145111025869846344e+01 -1.923552341759204865e-01
2.243133634328842163e-01 -1.144757021963596344e+01 -1.917448826134204865e-01
3.082977384328842163e-01 -1.144390811026096344e+01 -1.911345310509204865e-01
3.919159024953842163e-01 -1.144036807119846344e+01 -1.905241794884204865e-01
4.754119962453842163e-01 -1.143682803213596344e+01 -1.899138279259204865e-01
-1.570342928171157837e-01 -1.235418643057346344e+01 -1.908751316368579865e-01
-6.658019125461578369e-02 -1.237615908682346344e+01 -1.912108249962329865e-01
2.436219155788421631e-02 -1.239178408682346344e+01 -1.915160007774829865e-01
1.154266446828842163e-01 -1.242022646963596344e+01 -1.924315281212329865e-01
2.067352384328842163e-01 -1.244879092276096344e+01 -1.933470554649829865e-01
2.987762540578842163e-01 -1.247747744619846344e+01 -1.942625828087329865e-01
3.909393399953842163e-01 -1.250628603994846344e+01 -1.951933689415454865e-01
4.834686368703842163e-01 -1.252850283682346344e+01 -1.960631199181079865e-01
-2.379669100046157837e-01 -1.394915713369846344e+01 -2.097044773399829865e-01
-1.339630037546157837e-01 -1.396331728994846344e+01 -2.098112888634204865e-01
-2.971495687961578369e-02 -1.397747744619846344e+01 -2.099181003868579865e-01
7.502137124538421631e-02 -1.399163760244846344e+01 -2.100249119102954865e-01
1.795135587453842163e-01 -1.400591982901096344e+01 -2.101317234337329865e-01
2.847381681203842163e-01 -1.402020205557346344e+01 -2.102385349571704865e-01
3.897186368703842163e-01 -1.403448428213596344e+01 -2.103453464806079865e-01
4.948211759328842163e-01 -1.404876650869846344e+01 -2.104674167931079865e-01
-3.438018709421157837e-01 -1.603594912588596344e+01 -2.333403415977954865e-01
-2.231964021921157837e-01 -1.606597842276096344e+01 -2.335692234337329865e-01
-1.011260896921157837e-01 -1.607098330557346344e+01 -2.331724949181079865e-01
2.179871499538421631e-02 -1.605633486807346344e+01 -2.320280857384204865e-01
1.443573087453842163e-01 -1.602300967276096344e+01 -2.301512546837329865e-01
2.666717618703842163e-01 -1.598980654776096344e+01 -2.282744236290454865e-01
3.880096524953842163e-01 -1.595684756338596344e+01 -2.264281101524829865e-01
5.087371915578842163e-01 -1.591485537588596344e+01 -2.245817966759204865e-01
-4.519561678171157837e-01 -1.816656436026096344e+01 -2.388945408165454865e-01
-3.098663240671157837e-01 -1.810967959463596344e+01 -2.363005466759204865e-01
-1.700958162546157837e-01 -1.808868350088596344e+01 -2.349272556602954865e-01
-2.971495687961578369e-02 -1.804803408682346344e+01 -2.328825779259204865e-01
1.095672696828842163e-01 -1.800469912588596344e+01 -2.307616062462329865e-01
2.486053556203842163e-01 -1.796148623526096344e+01 -2.286253757774829865e-01
3.863006681203842163e-01 -1.791863955557346344e+01 -2.265349216759204865e-01
5.232635587453842163e-01 -1.787603701651096344e+01 -2.244444675743579865e-01
-5.647491365671157837e-01 -2.038653506338596344e+01 -2.279234714806079865e-01
-4.061798006296157837e-01 -2.037567080557346344e+01 -2.268858738243579865e-01
-2.482208162546157837e-01 -2.037518252432346344e+01 -2.256804294884204865e-01
-8.952941000461578369e-02 -2.036431826651096344e+01 -2.246428318321704865e-01
6.879578530788421631e-02 -2.033331240713596344e+01 -2.230101414024829865e-01
2.272430509328842163e-01 -2.028765811026096344e+01 -2.209349460899829865e-01
3.842254728078842163e-01 -2.023101748526096344e+01 -2.190123386681079865e-01
5.402313321828842163e-01 -2.017449893057346344e+01 -2.166319675743579865e-01
-6.804717928171157837e-01 -2.266302432119846344e+01 -1.974974460899829865e-01
-5.026153475046157837e-01 -2.264569033682346344e+01 -1.962614841759204865e-01
-3.252471834421157837e-01 -2.262835635244846344e+01 -1.950407810509204865e-01
-1.476348787546157837e-01 -2.261321963369846344e+01 -1.938811130821704865e-01
2.839051187038421631e-02 -2.263738955557346344e+01 -1.936980076134204865e-01
2.052703946828842163e-01 -2.266155947744846344e+01 -1.935149021446704865e-01
3.819061368703842163e-01 -2.266094912588596344e+01 -1.927061863243579865e-01
5.584198087453842163e-01 -2.263848818838596344e+01 -1.913634128868579865e-01
-8.552764803171157837e-01 -2.610418643057346344e+01 -1.706114597618579865e-01
-6.395782381296157837e-01 -2.586810244619846344e+01 -1.648588962852954865e-01
-4.281524568796157837e-01 -2.563653506338596344e+01 -1.592284031212329865e-01
-2.200225740671157837e-01 -2.540862978994846344e+01 -1.536742039024829865e-01
-1.640929281711578369e-02 -2.518572939932346344e+01 -1.482573337852954865e-01
1.839080899953842163e-01 -2.496636904776096344e+01 -1.429167576134204865e-01
3.798309415578842163e-01 -2.475176943838596344e+01 -1.376829929649829865e-01
5.723358243703842163e-01 -2.455352725088596344e+01 -1.328154392540454865e-01
-1.006521597504615784e+00 -2.908038271963596344e+01 -1.040373630821704865e-01
-7.587188631296157837e-01 -2.866693057119846344e+01 -9.646900370717048645e-02
-5.181182771921157837e-01 -2.826580752432346344e+01 -8.912952616810798645e-02
-2.814239412546157837e-01 -2.777825869619846344e+01 -8.043201640248298645e-02
-5.766905844211578369e-02 -2.752227725088596344e+01 -7.545765116810798645e-02
1.630340665578842163e-01 -2.721185244619846344e+01 -6.962879374623298645e-02
3.776336759328842163e-01 -2.694073428213596344e+01 -6.444080546498298645e-02
5.724578946828842163e-01 -2.463360537588596344e+01 -2.727039530873298645e-02
-1.181082144379615784e+00 -3.251238955557346344e+01 -1.596363261342048645e-02
-8.521026521921157837e-01 -3.086016787588596344e+01 3.857534378767013550e-03
-5.941680818796157837e-01 -3.048040713369846344e+01 9.167592972517013550e-03
-3.419708162546157837e-01 -3.010906924307346344e+01 1.437084004282951355e-02
-9.966124594211578369e-02 -2.990130557119846344e+01 1.769725605845451355e-02
1.417938321828842163e-01 -2.947625674307346344e+01 2.343456074595451355e-02
3.723846524953842163e-01 -3.266741885244846344e+01 -1.123340800404548645e-02
5.719696134328842163e-01 -2.463409365713596344e+01 7.931224629282951355e-02
-9.979766756296157837e-01 -2.889373721182346344e+01 1.521271876990795135e-01
-7.887481600046157837e-01 -2.935467471182346344e+01 1.499604396522045135e-01
-6.332305818796157837e-01 -3.161212100088596344e+01 1.350373439490795135e-01
-3.336700350046157837e-01 -2.976824893057346344e+01 1.483887843787670135e-01
-9.770812094211578369e-02 -2.975909365713596344e+01 1.494111232459545135e-01
1.421600431203842163e-01 -2.937615908682346344e+01 1.529053859412670135e-01
3.742157071828842163e-01 -2.973492373526096344e+01 1.521882228553295135e-01
5.714813321828842163e-01 -2.463458193838596344e+01 1.864442043006420135e-01
-9.984649568796157837e-01 -2.889593447744846344e+01 2.783478908240795135e-01
-7.894805818796157837e-01 -2.936199893057346344e+01 2.782563380897045135e-01
-5.665801912546157837e-01 -2.964227236807346344e+01 2.785767726600170135e-01
-3.342803865671157837e-01 -2.977178896963596344e+01 2.792481593787670135e-01
-9.441222250461578369e-02 -2.954070986807346344e+01 2.806519679725170135e-01
1.424041837453842163e-01 -2.929925478994846344e+01 2.820710353553295135e-01
3.736053556203842163e-01 -2.975909365713596344e+01 2.820710353553295135e-01
5.711151212453842163e-01 -2.463519228994846344e+01 2.929963283240795135e-01
-1.044973745942115784e+00 -2.980413760244846344e+01 4.074372462928295135e-01
-7.808135896921157837e-01 -2.914788760244846344e+01 4.060639552772045135e-01
-5.682891756296157837e-01 -2.967999209463596344e+01 4.082612209022045135e-01
-3.315948396921157837e-01 -2.964996279776096344e+01 4.091004543006420135e-01
-9.929503500461578369e-02 -2.979168643057346344e+01 4.103669337928295135e-01
1.363006681203842163e-01 -2.990093936026096344e+01 4.115571193397045135e-01
3.726287931203842163e-01 -3.033929385244846344e+01 4.136170558631420135e-01
5.706268399953842163e-01 -2.463568057119846344e+01 4.000977687537670135e-01
-8.586944490671157837e-01 -2.612762393057346344e+01 5.120057277381420135e-01
-6.428741365671157837e-01 -2.588861025869846344e+01 5.110902003943920135e-01
-4.312042146921157837e-01 -2.565411318838596344e+01 5.101899318397045135e-01
-2.229522615671157837e-01 -2.542340029776096344e+01 5.093201808631420135e-01
-1.933898031711578369e-02 -2.519793643057346344e+01 5.084504298865795135e-01
1.811004728078842163e-01 -2.497601260244846344e+01 5.076111964881420135e-01
3.771453946828842163e-01 -2.475897158682346344e+01 5.067872218787670135e-01
5.694061368703842163e-01 -2.454583682119846344e+01 5.059632472693920135e-01
-8.582061678171157837e-01 -2.610882510244846344e+01 6.258668117225170135e-01
-6.427520662546157837e-01 -2.587750186026096344e+01 6.233185939490795135e-01
-4.314483553171157837e-01 -2.564984072744846344e+01 6.214112453162670135e-01
-2.234405428171157837e-01 -2.542571963369846344e+01 6.195344142615795135e-01
-1.982726156711578369e-02 -2.520648135244846344e+01 6.176881007850170135e-01
1.804901212453842163e-01 -2.499066103994846344e+01 6.158875636756420135e-01
3.766571134328842163e-01 -2.477947939932346344e+01 6.141022853553295135e-01
5.690399259328842163e-01 -2.454827822744846344e+01 6.126527003943920135e-01
-1.021902456879615784e+00 -2.932342471182346344e+01 7.913483791053295135e-01
-8.646758943796157837e-01 -3.108734072744846344e+01 8.208283595740795135e-01
-5.869659334421157837e-01 -3.018499697744846344e+01 8.070191554725170135e-01
-3.441680818796157837e-01 -3.007549990713596344e+01 8.060883693397045135e-01
-1.100372225046157837e-01 -3.031109561026096344e+01 8.107880763709545135e-01
1.288543790578842163e-01 -3.053643740713596344e+01 8.153351955115795135e-01
3.686004728078842163e-01 -3.266424502432346344e+01 8.510712794959545135e-01
-1.091482535004615784e+00 -3.068389834463596344e+01 9.484528712928295135e-01
-8.387969881296157837e-01 -3.046734561026096344e+01 9.447755031287670135e-01
-5.847686678171157837e-01 -3.010577334463596344e+01 9.380616359412670135e-01
-3.436798006296157837e-01 -3.003924502432346344e+01 9.367951564490795135e-01
1.078582853078842163e-01 -3.273138369619846344e+01 9.955872707068920135e-01
3.681121915578842163e-01 -3.262518252432346344e+01 9.942597560584545135e-01
-1.093801870942115784e+00 -3.071856631338596344e+01 1.084347646683454514e+00
1.072479337453842163e-01 -3.273260439932346344e+01 1.139172475785017014e+00
3.673797696828842163e-01 -3.265130557119846344e+01 1.137967031449079514e+00
6.262909024953842163e-01 -3.259783877432346344e+01 1.138241689652204514e+00
4.646698087453842163e-01 -9.960387602448463440e+00 -1.916075535118579865e-01
5.359588712453842163e-01 -9.958068266510963440e+00 -1.910582371056079865e-01
6.071258634328842163e-01 -9.952453032135963440e+00 -1.905241794884204865e-01
6.785369962453842163e-01 -9.946715727448463440e+00 -1.899748630821704865e-01
7.495819181203842163e-01 -9.941100493073463440e+00 -1.894408054649829865e-01
8.208709806203842163e-01 -9.935363188385963440e+00 -1.888914890587329865e-01
8.921600431203842163e-01 -9.935729399323463440e+00 -1.887236423790454865e-01
9.634491056203842163e-01 -9.935363188385963440e+00 -1.887236423790454865e-01
4.697967618703842163e-01 -1.065362490713596344e+01 -1.915922947227954865e-01
5.468231290578842163e-01 -1.064715518057346344e+01 -1.910124607384204865e-01
6.236053556203842163e-01 -1.064080752432346344e+01 -1.904173679649829865e-01
7.008758634328842163e-01 -1.063836611807346344e+01 -1.898375339806079865e-01
7.776580899953842163e-01 -1.063201846182346344e+01 -1.892424412071704865e-01
8.545623868703842163e-01 -1.062298525869846344e+01 -1.887389011681079865e-01
9.317108243703842163e-01 -1.062689150869846344e+01 -1.887389011681079865e-01
1.009103402495384216e+00 -1.063079775869846344e+01 -1.887389011681079865e-01
4.756561368703842163e-01 -1.143658389151096344e+01 -1.898985691368579865e-01
5.591522306203842163e-01 -1.143023623526096344e+01 -1.893187351524829865e-01
6.425262540578842163e-01 -1.142584170401096344e+01 -1.888304539024829865e-01
7.269989103078842163e-01 -1.144586123526096344e+01 -1.896239109337329865e-01
8.115936368703842163e-01 -1.146600283682346344e+01 -1.904326267540454865e-01
8.959442228078842163e-01 -1.146832217276096344e+01 -1.902952976524829865e-01
9.795623868703842163e-01 -1.145977725088596344e+01 -1.895933933556079865e-01
1.063058480620384216e+00 -1.145123232901096344e+01 -1.888762302696704865e-01
4.838348478078842163e-01 -1.252862490713596344e+01 -1.960783787071704865e-01
5.769744962453842163e-01 -1.256048525869846344e+01 -1.970244236290454865e-01
6.704803556203842163e-01 -1.258575381338596344e+01 -1.979399509727954865e-01
7.647186368703842163e-01 -1.261114443838596344e+01 -1.988402195274829865e-01
8.590789884328842163e-01 -1.263067568838596344e+01 -1.994810886681079865e-01
9.524627774953842163e-01 -1.262042178213596344e+01 -1.986876316368579865e-01
1.045602425932884216e+00 -1.261028994619846344e+01 -1.978941746056079865e-01
1.138009652495384216e+00 -1.259320010244846344e+01 -1.970701999962329865e-01
4.951873868703842163e-01 -1.404888857901096344e+01 -2.104674167931079865e-01
6.005340665578842163e-01 -1.405889834463596344e+01 -2.105437107384204865e-01
7.061248868703842163e-01 -1.406890811026096344e+01 -2.106200046837329865e-01
8.123260587453842163e-01 -1.407903994619846344e+01 -2.106962986290454865e-01
9.177948087453842163e-01 -1.407318057119846344e+01 -2.100859470665454865e-01
1.023141488432884216e+00 -1.406060732901096344e+01 -2.091856785118579865e-01
1.128121957182884216e+00 -1.404815615713596344e+01 -2.082854099571704865e-01
1.232858285307884216e+00 -1.403570498526096344e+01 -2.074004001915454865e-01
5.091034024953842163e-01 -1.591461123526096344e+01 -2.245817966759204865e-01
6.293426603078842163e-01 -1.588751162588596344e+01 -2.227354831993579865e-01
7.490936368703842163e-01 -1.585137881338596344e+01 -2.209196873009204865e-01
8.686004728078842163e-01 -1.581524600088596344e+01 -2.190886326134204865e-01
9.872528165578842163e-01 -1.577935732901096344e+01 -2.172728367149829865e-01
1.105661019682884216e+00 -1.574346865713596344e+01 -2.154722996056079865e-01
1.223214730620384216e+00 -1.570794619619846344e+01 -2.136717624962329865e-01
1.339791879057884216e+00 -1.566363467276096344e+01 -2.119017429649829865e-01
5.237518399953842163e-01 -1.787579287588596344e+01 -2.244292087852954865e-01
6.599823087453842163e-01 -1.782965029776096344e+01 -2.223540134727954865e-01
7.954803556203842163e-01 -1.778387393057346344e+01 -2.202788181602954865e-01
9.302459806203842163e-01 -1.771893252432346344e+01 -2.175627537071704865e-01
1.063058480620384216e+00 -1.764422549307346344e+01 -2.145109958946704865e-01
1.195260629057884216e+00 -1.757000674307346344e+01 -2.114897556602954865e-01
1.325875863432884216e+00 -1.749652041494846344e+01 -2.084990330040454865e-01
1.455270394682884216e+00 -1.742376650869846344e+01 -2.055235691368579865e-01
5.407196134328842163e-01 -2.017401064932346344e+01 -2.166167087852954865e-01
6.958709806203842163e-01 -2.011431826651096344e+01 -2.142515964806079865e-01
8.504119962453842163e-01 -2.007037295401096344e+01 -2.118864841759204865e-01
1.004342660307884216e+00 -2.001104678213596344e+01 -2.095366306602954865e-01
1.156930550932884216e+00 -1.995220889151096344e+01 -2.072020359337329865e-01
1.309152230620384216e+00 -1.989349307119846344e+01 -2.048826999962329865e-01
1.459054574370384216e+00 -1.982037295401096344e+01 -2.025938816368579865e-01
1.608834847807884216e+00 -1.976263369619846344e+01 -2.003050632774829865e-01
5.590301603078842163e-01 -2.263799990713596344e+01 -1.913481540977954865e-01
7.350555509328842163e-01 -2.261273135244846344e+01 -1.900053806602954865e-01
9.108368009328842163e-01 -2.258746279776096344e+01 -1.886626072227954865e-01
1.086862191557884216e+00 -2.256231631338596344e+01 -1.873198337852954865e-01
1.261911019682884216e+00 -2.253716982901096344e+01 -1.859770603477954865e-01
1.437326058745384216e+00 -2.251202334463596344e+01 -1.846342869102954865e-01
1.614450082182884216e+00 -2.253228701651096344e+01 -1.844206638634204865e-01
1.805978402495384216e+00 -2.276397646963596344e+01 -1.894255466759204865e-01
5.729461759328842163e-01 -2.455255068838596344e+01 -1.328001804649829865e-01
7.627655118703842163e-01 -2.439581240713596344e+01 -1.288023777306079865e-01
9.502655118703842163e-01 -2.424114932119846344e+01 -1.248656101524829865e-01
1.135934457182884216e+00 -2.408795107901096344e+01 -1.209593601524829865e-01
1.318551644682884216e+00 -2.393719424307346344e+01 -1.171141453087329865e-01
1.499581918120384216e+00 -2.378790225088596344e+01 -1.133147068321704865e-01
1.677682504057884216e+00 -2.364092959463596344e+01 -1.095610447227954865e-01
1.857614144682884216e+00 -2.355755557119846344e+01 -1.071043796837329865e-01
5.730682462453842163e-01 -2.463214053213596344e+01 -2.725513651967048645e-02
7.985321134328842163e-01 -2.668597353994846344e+01 -5.861194804310798645e-02
1.004953011870384216e+00 -2.653411807119846344e+01 -5.531604960560798645e-02
1.209298714995384216e+00 -2.636798037588596344e+01 -5.179126933217048645e-02
1.409860238432884216e+00 -2.618987978994846344e+01 -4.811390116810798645e-02
1.605905160307884216e+00 -2.596502627432346344e+01 -4.370411112904548645e-02
1.807321175932884216e+00 -2.590948428213596344e+01 -4.194935038685798645e-02
1.948190316557884216e+00 -2.494427432119846344e+01 -2.612598612904548645e-02
5.725799649953842163e-01 -2.463262881338596344e+01 7.932750508189201355e-02
8.197723478078842163e-01 -2.806585635244846344e+01 4.209605976939201355e-02
1.599557504057884216e+00 -5.123785342276096344e+01 -2.131834812462329865e-01
2.009347543120384216e+00 -5.105804385244846344e+01 -2.093077488243579865e-01
1.440133675932884216e+00 -2.694879092276096344e+01 5.740062519907951355e-02
1.661080941557884216e+00 -2.710211123526096344e+01 5.669872090220451355e-02
1.867990121245384216e+00 -2.697686709463596344e+01 5.904857441782951355e-02
1.950265511870384216e+00 -2.498455752432346344e+01 8.167735859751701355e-02
5.722137540578842163e-01 -2.463323916494846344e+01 1.864442043006420135e-01
1.473092660307884216e+00 -6.954571475088596344e+01 -1.041289158165454865e-01
1.607125863432884216e+00 -5.159735049307346344e+01 1.308910176157951355e-02
2.028146371245384216e+00 -5.167547549307346344e+01 1.456920430064201355e-02
1.446237191557884216e+00 -2.711175478994846344e+01 1.736725978553295135e-01
1.655587777495384216e+00 -2.700201357901096344e+01 1.753968410193920135e-01
1.813424691557884216e+00 -2.603692568838596344e+01 1.831025294959545135e-01
1.952340707182884216e+00 -2.502520693838596344e+01 1.903962306678295135e-01
5.717254728078842163e-01 -2.463372744619846344e+01 2.929963283240795135e-01
1.696359261870384216e+00 -8.382171572744846344e+01 1.810273341834545135e-01
1.605416879057884216e+00 -5.157232607901096344e+01 2.445954494178295135e-01
2.041574105620384216e+00 -5.212225283682346344e+01 2.456330470740795135e-01
1.454049691557884216e+00 -2.731756533682346344e+01 2.919892482459545135e-01
2.868234261870384216e+00 -5.174395693838596344e+01 2.504395656287670135e-01
1.815011605620384216e+00 -2.607452334463596344e+01 2.962159328162670135e-01
2.014840707182884216e+00 -2.598663271963596344e+01 2.973756007850170135e-01
5.712371915578842163e-01 -2.463421572744846344e+01 4.000977687537670135e-01
1.775949105620384216e+00 -8.899285830557346344e+01 5.726288966834545135e-01
2.526559457182884216e+00 -8.996392764151096344e+01 5.789460353553295135e-01
3.274118050932884216e+00 -9.025274600088596344e+01 5.834778957068920135e-01
3.664254769682884216e+00 -8.168463076651096344e+01 5.632294826209545135e-01
4.267160043120384216e+00 -8.031207217276096344e+01 5.627106837928295135e-01
1.858102425932884216e+00 -2.683636416494846344e+01 4.117554835975170135e-01
1.992501839995384216e+00 -2.565411318838596344e+01 4.099702052772045135e-01
5.700164884328842163e-01 -2.454449404776096344e+01 5.059632472693920135e-01
7.599578946828842163e-01 -2.439996279776096344e+01 5.059174709022045135e-01
9.473358243703842163e-01 -2.424493350088596344e+01 5.057801418006420135e-01
1.132882699370384216e+00 -2.409149111807346344e+01 5.056428126990795135e-01
1.315499886870384216e+00 -2.394049014151096344e+01 5.055054835975170135e-01
1.496408089995384216e+00 -2.379083193838596344e+01 5.053834132850170135e-01
1.674508675932884216e+00 -2.364349307119846344e+01 5.052460841834545135e-01
1.850289925932884216e+00 -2.349810732901096344e+01 5.051240138709545135e-01
5.696502774953842163e-01 -2.454949893057346344e+01 6.126679591834545135e-01
7.598358243703842163e-01 -2.442291201651096344e+01 6.116456203162670135e-01
9.474578946828842163e-01 -2.426922549307346344e+01 6.108369044959545135e-01
1.133248910307884216e+00 -2.411688174307346344e+01 6.100434474647045135e-01
1.316110238432884216e+00 -2.396697939932346344e+01 6.092805080115795135e-01
1.497262582182884216e+00 -2.381841982901096344e+01 6.085023097693920135e-01
1.675607308745384216e+00 -2.367217959463596344e+01 6.077393703162670135e-01
1.851632699370384216e+00 -2.352740420401096344e+01 6.075257472693920135e-01
7.602020353078842163e-01 -2.447796572744846344e+01 7.186555080115795135e-01
9.481903165578842163e-01 -2.432073916494846344e+01 7.171296291053295135e-01
1.134347543120384216e+00 -2.416509951651096344e+01 7.156037501990795135e-01
1.317453011870384216e+00 -2.401190127432346344e+01 7.141236476600170135e-01
1.498849496245384216e+00 -2.386016787588596344e+01 7.126435451209545135e-01
1.677316293120384216e+00 -2.371087588369846344e+01 7.111939601600170135e-01
1.853463754057884216e+00 -2.356353701651096344e+01 7.097596339881420135e-01
3.121041879057884216e+00 -5.703729189932346344e+01 1.521588247269392014e+00
3.586373910307884216e+00 -5.707708682119846344e+01 1.525097768753767014e+00
4.064157113432884216e+00 -5.729437197744846344e+01 1.532391469925642014e+00
6.271453946828842163e-01 -3.259844912588596344e+01 1.138256948441267014e+00
3.113839730620384216e+00 -5.691570986807346344e+01 1.773587148636579514e+00
3.582223519682884216e+00 -5.702923525869846344e+01 1.779248159378767014e+00
9.636932462453842163e-01 -9.935485258698463440e+00 -1.887236423790454865e-01
1.035348519682884216e+00 -9.939147368073463440e+00 -1.887236423790454865e-01
1.107003793120384216e+00 -9.939391508698463440e+00 -1.887236423790454865e-01
1.178903207182884216e+00 -9.939513579010963440e+00 -1.887236423790454865e-01
1.250680550932884216e+00 -9.939757719635963440e+00 -1.887236423790454865e-01
1.322824105620384216e+00 -9.940001860260963440e+00 -1.887236423790454865e-01
1.394967660307884216e+00 -9.940246000885963440e+00 -1.887236423790454865e-01
1.466622933745384216e+00 -9.936950102448463440e+00 -1.887236423790454865e-01
1.009347543120384216e+00 -1.063091982901096344e+01 -1.887541599571704865e-01
1.086618050932884216e+00 -1.063177432119846344e+01 -1.887541599571704865e-01
1.164010629057884216e+00 -1.063262881338596344e+01 -1.887541599571704865e-01
1.242257699370384216e+00 -1.063751162588596344e+01 -1.887541599571704865e-01
1.320016488432884216e+00 -1.063836611807346344e+01 -1.887541599571704865e-01
1.397653207182884216e+00 -1.063519228994846344e+01 -1.887541599571704865e-01
1.475656136870384216e+00 -1.063604678213596344e+01 -1.887541599571704865e-01
1.553659066557884216e+00 -1.063677920401096344e+01 -1.887541599571704865e-01
1.063302621245384216e+00 -1.145123232901096344e+01 -1.888914890587329865e-01
1.147286996245384216e+00 -1.145098818838596344e+01 -1.887846775352954865e-01
1.231637582182884216e+00 -1.145257510244846344e+01 -1.887846775352954865e-01
1.316354379057884216e+00 -1.145428408682346344e+01 -1.887846775352954865e-01
1.401071175932884216e+00 -1.145599307119846344e+01 -1.887846775352954865e-01
1.486154183745384216e+00 -1.145770205557346344e+01 -1.887846775352954865e-01
1.571115121245384216e+00 -1.145941103994846344e+01 -1.887846775352954865e-01
1.656198129057884216e+00 -1.146112002432346344e+01 -1.887846775352954865e-01
1.138375863432884216e+00 -1.259320010244846344e+01 -1.970549412071704865e-01
1.231393441557884216e+00 -1.258587588369846344e+01 -1.962920017540454865e-01
1.323800668120384216e+00 -1.257171572744846344e+01 -1.954832859337329865e-01
1.416574105620384216e+00 -1.255755557119846344e+01 -1.946593113243579865e-01
1.508859261870384216e+00 -1.254339541494846344e+01 -1.938505955040454865e-01
1.601388558745384216e+00 -1.252923525869846344e+01 -1.930418796837329865e-01
1.693551644682884216e+00 -1.251507510244846344e+01 -1.922331638634204865e-01
1.784738168120384216e+00 -1.249432314932346344e+01 -1.913786716759204865e-01
1.233224496245384216e+00 -1.403570498526096344e+01 -2.074004001915454865e-01
1.337472543120384216e+00 -1.401898135244846344e+01 -2.064696140587329865e-01
1.441720589995384216e+00 -1.400225771963596344e+01 -2.055540867149829865e-01
1.546212777495384216e+00 -1.398553408682346344e+01 -2.046233005821704865e-01
1.650216683745384216e+00 -1.396881045401096344e+01 -2.037077732384204865e-01
1.754586800932884216e+00 -1.395208682119846344e+01 -2.027769871056079865e-01
1.858346566557884216e+00 -1.393536318838596344e+01 -2.018614597618579865e-01
1.961984261870384216e+00 -1.391876162588596344e+01 -2.009459324181079865e-01
1.340158089995384216e+00 -1.566351260244846344e+01 -2.118864841759204865e-01
1.457101449370384216e+00 -1.563348330557346344e+01 -2.101012058556079865e-01
1.572946175932884216e+00 -1.559478701651096344e+01 -2.083311863243579865e-01
1.688790902495384216e+00 -1.555596865713596344e+01 -2.065611667931079865e-01
1.803781136870384216e+00 -1.551751650869846344e+01 -2.048064060509204865e-01
1.918771371245384216e+00 -1.547918643057346344e+01 -2.030516453087329865e-01
2.032907113432884216e+00 -1.544097842276096344e+01 -2.013121433556079865e-01
2.145578011870384216e+00 -1.539446963369846344e+01 -1.995879001915454865e-01
1.455758675932884216e+00 -1.742340029776096344e+01 -2.055235691368579865e-01
1.583932504057884216e+00 -1.734771670401096344e+01 -2.025786228477954865e-01
1.711129769682884216e+00 -1.727264346182346344e+01 -1.996641941368579865e-01
1.838204964995384216e+00 -1.720208682119846344e+01 -1.969176121056079865e-01
1.969064339995384216e+00 -1.718475283682346344e+01 -1.959563083946704865e-01
2.100534066557884216e+00 -1.716949404776096344e+01 -1.950712986290454865e-01
2.231515511870384216e+00 -1.715423525869846344e+01 -1.941862888634204865e-01
2.362496957182884216e+00 -1.713909853994846344e+01 -1.933012790977954865e-01
1.609323129057884216e+00 -1.976251162588596344e+01 -2.002898044884204865e-01
1.758248910307884216e+00 -1.970172061026096344e+01 -1.980162449181079865e-01
1.908883675932884216e+00 -1.967217959463596344e+01 -1.962157078087329865e-01
2.060372933745384216e+00 -1.964959658682346344e+01 -1.950560398399829865e-01
2.211251839995384216e+00 -1.962701357901096344e+01 -1.939116306602954865e-01
2.362496957182884216e+00 -1.960443057119846344e+01 -1.927519626915454865e-01
2.511300668120384216e+00 -1.956695498526096344e+01 -1.916228123009204865e-01
2.661691293120384216e+00 -1.954449404776096344e+01 -1.904784031212329865e-01
1.806588754057884216e+00 -2.276580752432346344e+01 -1.894713230431079865e-01
1.969674691557884216e+00 -2.255902041494846344e+01 -1.837187595665454865e-01
2.137521371245384216e+00 -2.244976748526096344e+01 -1.803923435509204865e-01
2.319039925932884216e+00 -2.250091494619846344e+01 -1.810026951134204865e-01
2.501168832182884216e+00 -2.255218447744846344e+01 -1.816130466759204865e-01
2.685006722807884216e+00 -2.260382021963596344e+01 -1.822233982384204865e-01
2.868966683745384216e+00 -2.265118350088596344e+01 -1.827269382774829865e-01
3.043527230620384216e+00 -2.261456240713596344e+01 -1.811858005821704865e-01
1.858224496245384216e+00 -2.355779971182346344e+01 -1.071043796837329865e-01
2.045724496245384216e+00 -2.359271182119846344e+01 -1.070586033165454865e-01
2.304269418120384216e+00 -2.447759951651096344e+01 -1.240111179649829865e-01
2.494821175932884216e+00 -2.444024600088596344e+01 -1.224699802696704865e-01
2.684274300932884216e+00 -2.440313662588596344e+01 -1.209288425743579865e-01
2.720895394682884216e+00 -2.294280947744846344e+01 -9.106739237904548645e-02
3.053659066557884216e+00 -2.424822939932346344e+01 -1.162749119102954865e-01
3.220773324370384216e+00 -2.404327334463596344e+01 -1.114226169884204865e-01
1.948922738432884216e+00 -2.494500674307346344e+01 -2.612598612904548645e-02
2.153268441557884216e+00 -2.505132998526096344e+01 -2.688892558217048645e-02
2.344674691557884216e+00 -2.497479189932346344e+01 -2.481373026967048645e-02
2.533639535307884216e+00 -2.487530459463596344e+01 -2.238758280873298645e-02
2.740792855620384216e+00 -2.497918643057346344e+01 -2.308948710560798645e-02
2.720285043120384216e+00 -2.294219912588596344e+01 8.923452347517013550e-03
3.141427621245384216e+00 -2.501007021963596344e+01 -2.176197245717048645e-02
3.265328988432884216e+00 -2.440740908682346344e+01 -1.170643046498298645e-02
1.950997933745384216e+00 -2.498528994619846344e+01 8.166209980845451355e-02
2.147531136870384216e+00 -2.498174990713596344e+01 8.268443867564201355e-02
2.439767464995384216e+00 -2.613592471182346344e+01 7.120982930064201355e-02
2.555612191557884216e+00 -2.512371768057346344e+01 8.311168476939201355e-02
2.785226449370384216e+00 -2.543328799307346344e+01 8.079234883189201355e-02
2.719552621245384216e+00 -2.294146670401096344e+01 1.083649806678295135e-01
3.102853402495384216e+00 -2.468341006338596344e+01 9.075633808970451355e-02
3.243356332182884216e+00 -2.423638857901096344e+01 9.646312519907951355e-02
1.953073129057884216e+00 -2.502593936026096344e+01 1.903962306678295135e-01
2.138864144682884216e+00 -2.487249697744846344e+01 1.924103908240795135e-01
2.323922738432884216e+00 -2.473748721182346344e+01 1.937379054725170135e-01
2.514108285307884216e+00 -2.467462100088596344e+01 1.951722316443920135e-01
2.746163949370384216e+00 -2.504608096182346344e+01 1.939667873084545135e-01
2.718820199370384216e+00 -2.294073428213596344e+01 2.077759914100170135e-01
3.071237191557884216e+00 -2.441619814932346344e+01 2.004670314490795135e-01
3.229562386870384216e+00 -2.413104189932346344e+01 2.031983546912670135e-01
2.015451058745384216e+00 -2.598504580557346344e+01 2.973756007850170135e-01
2.130197152495384216e+00 -2.476373232901096344e+01 3.005494289100170135e-01
2.369210824370384216e+00 -2.529595889151096344e+01 3.008546046912670135e-01
2.543771371245384216e+00 -2.500714053213596344e+01 3.024567775428295135e-01
2.719186410307884216e+00 -2.478143252432346344e+01 3.039368800818920135e-01
2.718087777495384216e+00 -2.294000186026096344e+01 3.077058009803295135e-01
3.045724496245384216e+00 -2.420306338369846344e+01 3.070344142615795135e-01
3.327096566557884216e+00 -2.492071475088596344e+01 3.072022609412670135e-01
1.993234261870384216e+00 -2.565521182119846344e+01 4.099702052772045135e-01
2.163888558745384216e+00 -2.522747744619846344e+01 4.093598537147045135e-01
2.367257699370384216e+00 -2.527935732901096344e+01 4.107636623084545135e-01
2.544503793120384216e+00 -2.502264346182346344e+01 4.112366847693920135e-01
2.721383675932884216e+00 -2.480950869619846344e+01 4.118012599647045135e-01
2.717477425932884216e+00 -2.293926943838596344e+01 4.070710353553295135e-01
3.093087777495384216e+00 -2.461688174307346344e+01 4.136475734412670135e-01
3.295602425932884216e+00 -2.467315615713596344e+01 4.156312160193920135e-01
1.850900277495384216e+00 -2.349713076651096344e+01 5.051240138709545135e-01
2.024606332182884216e+00 -2.335382021963596344e+01 5.052613429725170135e-01
2.196359261870384216e+00 -2.321197451651096344e+01 5.054139308631420135e-01
2.366769418120384216e+00 -2.307134951651096344e+01 5.055512599647045135e-01
2.534738168120384216e+00 -2.293267764151096344e+01 5.056885890662670135e-01
2.701364144682884216e+00 -2.279510439932346344e+01 5.058259181678295135e-01
2.872506722807884216e+00 -2.272027529776096344e+01 5.064362697303295135e-01
3.039498910307884216e+00 -2.261871279776096344e+01 5.068329982459545135e-01
1.852243050932884216e+00 -2.352642764151096344e+01 6.075257472693920135e-01
2.026315316557884216e+00 -2.338397158682346344e+01 6.065644435584545135e-01
2.198312386870384216e+00 -2.324261416494846344e+01 6.061371974647045135e-01
2.368966683745384216e+00 -2.310235537588596344e+01 6.057252101600170135e-01
2.537179574370384216e+00 -2.296417178213596344e+01 6.053132228553295135e-01
2.704171761870384216e+00 -2.282696475088596344e+01 6.049012355506420135e-01
2.875070199370384216e+00 -2.274700869619846344e+01 6.051758937537670135e-01
3.041940316557884216e+00 -2.264398135244846344e+01 6.056946925818920135e-01
1.854074105620384216e+00 -2.356256045401096344e+01 7.097443751990795135e-01
2.028146371245384216e+00 -2.341729678213596344e+01 7.087067775428295135e-01
2.200265511870384216e+00 -2.327374209463596344e+01 7.076844386756420135e-01
2.371041879057884216e+00 -2.313140811026096344e+01 7.066620998084545135e-01
2.539254769682884216e+00 -2.299114932119846344e+01 7.056550197303295135e-01
2.706124886870384216e+00 -2.285198916494846344e+01 7.046479396522045135e-01
2.877267464995384216e+00 -2.277191103994846344e+01 7.046479396522045135e-01
3.044503793120384216e+00 -2.266949404776096344e+01 7.042512111365795135e-01
4.042794808745384216e+00 -5.694464053213596344e+01 1.524929922074079514e+00
4.486154183745384216e+00 -5.667999209463596344e+01 1.522961538285017014e+00
2.585153207182884216e+00 -2.795977725088596344e+01 9.095124416053295135e-01
2.715036019682884216e+00 -2.693353213369846344e+01 8.885468654334545135e-01
2.874337777495384216e+00 -2.638116396963596344e+01 8.783234767615795135e-01
2.982370004057884216e+00 -2.542877139151096344e+01 8.599671535193920135e-01
3.265328988432884216e+00 -2.612799014151096344e+01 8.767975978553295135e-01
3.440499886870384216e+00 -2.586187686026096344e+01 8.726624660193920135e-01
2.700265511870384216e+00 -2.936846865713596344e+01 1.068371694535017014e+00
2.927926644682884216e+00 -2.929046572744846344e+01 1.068310659378767014e+00
2.856271371245384216e+00 -2.620623721182346344e+01 9.893922023475170135e-01
3.163400277495384216e+00 -2.712103213369846344e+01 1.015210073441267014e+00
3.345651254057884216e+00 -2.682818545401096344e+01 1.009320180863142014e+00
3.501412972807884216e+00 -2.635870303213596344e+01 9.993256740272045135e-01
1.466867074370384216e+00 -9.936950102448463440e+00 -1.887236423790454865e-01
1.539254769682884216e+00 -9.937682524323463440e+00 -1.887236423790454865e-01
1.611276254057884216e+00 -9.934874907135963440e+00 -1.887236423790454865e-01
1.683786019682884216e+00 -9.932189360260963440e+00 -1.887236423790454865e-01
1.756051644682884216e+00 -9.929381743073463440e+00 -1.887236423790454865e-01
1.828805550932884216e+00 -9.926574125885963440e+00 -1.887236423790454865e-01
1.901437386870384216e+00 -9.923766508698463440e+00 -1.887236423790454865e-01
1.973580941557884216e+00 -9.917540922760963440e+00 -1.887236423790454865e-01
1.554025277495384216e+00 -1.063677920401096344e+01 -1.887541599571704865e-01
1.631784066557884216e+00 -1.063458193838596344e+01 -1.887541599571704865e-01
1.709909066557884216e+00 -1.063226260244846344e+01 -1.887541599571704865e-01
1.788888558745384216e+00 -1.063409365713596344e+01 -1.887541599571704865e-01
1.867257699370384216e+00 -1.063177432119846344e+01 -1.887541599571704865e-01
1.945382699370384216e+00 -1.062554873526096344e+01 -1.887541599571704865e-01
2.024118050932884216e+00 -1.062322939932346344e+01 -1.887541599571704865e-01
2.102975472807884216e+00 -1.062091006338596344e+01 -1.887541599571704865e-01
1.656564339995384216e+00 -1.146112002432346344e+01 -1.887846775352954865e-01
1.741403207182884216e+00 -1.145953311026096344e+01 -1.887846775352954865e-01
1.826486214995384216e+00 -1.145806826651096344e+01 -1.887846775352954865e-01
1.912057504057884216e+00 -1.145648135244846344e+01 -1.887846775352954865e-01
1.997628793120384216e+00 -1.145501650869846344e+01 -1.887846775352954865e-01
2.083566293120384216e+00 -1.145342959463596344e+01 -1.887846775352954865e-01
2.169381722807884216e+00 -1.145184268057346344e+01 -1.887846775352954865e-01
2.255441293120384216e+00 -1.145025576651096344e+01 -1.887846775352954865e-01
1.785104379057884216e+00 -1.249420107901096344e+01 -1.913634128868579865e-01
1.877389535307884216e+00 -1.248284853994846344e+01 -1.905699558556079865e-01
1.968820199370384216e+00 -1.246490420401096344e+01 -1.897459812462329865e-01
2.060495004057884216e+00 -1.244683779776096344e+01 -1.889067478477954865e-01
2.154245004057884216e+00 -1.244439639151096344e+01 -1.888151951134204865e-01
2.248849496245384216e+00 -1.244390811026096344e+01 -1.888151951134204865e-01
2.343331918120384216e+00 -1.244354189932346344e+01 -1.888151951134204865e-01
2.437081918120384216e+00 -1.243719424307346344e+01 -1.888151951134204865e-01
1.962350472807884216e+00 -1.391863955557346344e+01 -2.009306736290454865e-01
2.065377816557884216e+00 -1.389776553213596344e+01 -1.999846287071704865e-01
2.168405160307884216e+00 -1.387689150869846344e+01 -1.990538425743579865e-01
2.269967660307884216e+00 -1.384515322744846344e+01 -1.976347751915454865e-01
2.370553597807884216e+00 -1.381060732901096344e+01 -1.960936374962329865e-01
2.471139535307884216e+00 -1.377593936026096344e+01 -1.945677585899829865e-01
2.571115121245384216e+00 -1.374163760244846344e+01 -1.930418796837329865e-01
2.670724496245384216e+00 -1.370733584463596344e+01 -1.915160007774829865e-01
2.145944222807884216e+00 -1.539410342276096344e+01 -1.995879001915454865e-01
2.259835824370384216e+00 -1.536138857901096344e+01 -1.978483982384204865e-01
2.372262582182884216e+00 -1.532012881338596344e+01 -1.961241550743579865e-01
2.484811410307884216e+00 -1.527899111807346344e+01 -1.944151706993579865e-01
2.596505746245384216e+00 -1.523797549307346344e+01 -1.927061863243579865e-01
2.708200082182884216e+00 -1.519708193838596344e+01 -1.909972019493579865e-01
2.819161996245384216e+00 -1.515643252432346344e+01 -1.893034763634204865e-01
2.934396371245384216e+00 -1.514080752432346344e+01 -1.889067478477954865e-01
2.362985238432884216e+00 -1.713885439932346344e+01 -1.932860203087329865e-01
2.493478402495384216e+00 -1.712078799307346344e+01 -1.924315281212329865e-01
2.624093636870384216e+00 -1.710272158682346344e+01 -1.915770359337329865e-01
2.753610238432884216e+00 -1.707427920401096344e+01 -1.903715915977954865e-01
2.881784066557884216e+00 -1.704046572744846344e+01 -1.889830417931079865e-01
3.016915902495384216e+00 -1.704778994619846344e+01 -1.889830417931079865e-01
3.152169808745384216e+00 -1.705523623526096344e+01 -1.889830417931079865e-01
3.287911996245384216e+00 -1.706268252432346344e+01 -1.889830417931079865e-01
2.662179574370384216e+00 -1.954412783682346344e+01 -1.904631443321704865e-01
2.811959847807884216e+00 -1.951837100088596344e+01 -1.893187351524829865e-01
2.968331918120384216e+00 -1.953875674307346344e+01 -1.890745945274829865e-01
3.124948129057884216e+00 -1.955242861807346344e+01 -1.890745945274829865e-01
3.281564339995384216e+00 -1.956610049307346344e+01 -1.890745945274829865e-01
3.439401254057884216e+00 -1.958001650869846344e+01 -1.890745945274829865e-01
3.594674691557884216e+00 -1.957806338369846344e+01 -1.890745945274829865e-01
3.753121957182884216e+00 -1.959197939932346344e+01 -1.890745945274829865e-01
3.044015511870384216e+00 -2.261395205557346344e+01 -1.811552830040454865e-01
3.209664925932884216e+00 -2.251251162588596344e+01 -1.781035251915454865e-01
3.374215707182884216e+00 -2.241180361807346344e+01 -1.750670261681079865e-01
3.538034066557884216e+00 -2.231146182119846344e+01 -1.720305271446704865e-01
3.700265511870384216e+00 -2.221221865713596344e+01 -1.690398044884204865e-01
3.861886605620384216e+00 -2.211321963369846344e+01 -1.660490818321704865e-01
4.021920785307884216e+00 -2.201531924307346344e+01 -1.630888767540454865e-01
4.180856332182884216e+00 -2.191815127432346344e+01 -1.601591892540454865e-01
3.221139535307884216e+00 -2.404168643057346344e+01 -1.113768406212329865e-01
3.382882699370384216e+00 -2.382049502432346344e+01 -1.062498874962329865e-01
3.563058480620384216e+00 -2.375250186026096344e+01 -1.041441746056079865e-01
3.746896371245384216e+00 -2.370880068838596344e+01 -1.025267429649829865e-01
3.929879769682884216e+00 -2.366546572744846344e+01 -1.009245701134204865e-01
4.113107308745384216e+00 -2.362188662588596344e+01 -9.932239726185798645e-02
4.295602425932884216e+00 -2.357855166494846344e+01 -9.772022441029548645e-02
4.477853402495384216e+00 -2.353533877432346344e+01 -9.611805155873298645e-02
3.265695199370384216e+00 -2.440508975088596344e+01 -1.166065409779548645e-02
3.427682504057884216e+00 -2.416204775869846344e+01 -7.067758589982986450e-03
3.692697152495384216e+00 -2.467401064932346344e+01 -1.391895487904548645e-02
3.881417855620384216e+00 -2.461138857901096344e+01 -1.204212382435798645e-02
4.109933480620384216e+00 -2.480706728994846344e+01 -1.407154276967048645e-02
4.343698129057884216e+00 -2.500714053213596344e+01 -1.613147929310798645e-02
4.581246957182884216e+00 -2.521063174307346344e+01 -1.823719218373298645e-02
4.595285043120384216e+00 -2.417767275869846344e+01 -1.879770308732986450e-03
3.247995004057884216e+00 -2.426861514151096344e+01 9.612743183970451355e-02
3.482614144682884216e+00 -2.458050478994846344e+01 9.386913105845451355e-02
3.723580941557884216e+00 -2.489739932119846344e+01 9.159557148814201355e-02
3.930490121245384216e+00 -2.494354189932346344e+01 9.219066426157951355e-02
4.121163949370384216e+00 -2.488250674307346344e+01 9.389964863657951355e-02
4.321725472807884216e+00 -2.488018740713596344e+01 9.499828144907951355e-02
4.601266488432884216e+00 -2.532916201651096344e+01 9.144298359751701355e-02
4.763375863432884216e+00 -2.509564150869846344e+01 9.493724629282951355e-02
3.229928597807884216e+00 -2.412884463369846344e+01 2.032136134803295135e-01
3.479928597807884216e+00 -2.456610049307346344e+01 2.018098048865795135e-01
3.668161019682884216e+00 -2.451080264151096344e+01 2.027405910193920135e-01
3.913644418120384216e+00 -2.483575381338596344e+01 2.020539455115795135e-01
4.110177621245384216e+00 -2.481805361807346344e+01 2.033509425818920135e-01
4.347360238432884216e+00 -2.503900088369846344e+01 2.033051662147045135e-01
4.628488168120384216e+00 -2.548968447744846344e+01 2.025880031287670135e-01
4.755807504057884216e+00 -2.505914248526096344e+01 2.062348537147045135e-01
3.327706918120384216e+00 -2.491973818838596344e+01 3.072022609412670135e-01
3.500314339995384216e+00 -2.472528018057346344e+01 3.087891750037670135e-01
3.668649300932884216e+00 -2.451983584463596344e+01 3.103760890662670135e-01
3.958444222807884216e+00 -2.513995303213596344e+01 3.110016994178295135e-01
4.146066293120384216e+00 -2.504986514151096344e+01 3.124512843787670135e-01
4.259591683745384216e+00 -2.451763857901096344e+01 3.143738918006420135e-01
4.584054574370384216e+00 -2.524090518057346344e+01 3.149995021522045135e-01
4.746163949370384216e+00 -2.501116885244846344e+01 3.166016750037670135e-01
3.296334847807884216e+00 -2.467303408682346344e+01 4.156312160193920135e-01
3.552072152495384216e+00 -2.512029971182346344e+01 4.180268459022045135e-01
3.697579964995384216e+00 -2.472979678213596344e+01 4.181946925818920135e-01
3.876901254057884216e+00 -2.460076846182346344e+01 4.192170314490795135e-01
4.142648324370384216e+00 -2.503362978994846344e+01 4.222230128943920135e-01
4.266305550932884216e+00 -2.456256045401096344e+01 4.220246486365795135e-01
4.575509652495384216e+00 -2.519647158682346344e+01 4.258393459022045135e-01
4.877633675932884216e+00 -2.573052920401096344e+01 4.299592189490795135e-01
3.039987191557884216e+00 -2.261810244619846344e+01 5.068482570350170135e-01
3.205758675932884216e+00 -2.251751650869846344e+01 5.075043849647045135e-01
3.370309457182884216e+00 -2.241766299307346344e+01 5.081452541053295135e-01
3.534371957182884216e+00 -2.231817568838596344e+01 5.088013820350170135e-01
3.696603402495384216e+00 -2.221978701651096344e+01 5.094422511756420135e-01
3.858346566557884216e+00 -2.212164248526096344e+01 5.100831203162670135e-01
4.018502816557884216e+00 -2.202447451651096344e+01 5.107087306678295135e-01
4.177560433745384216e+00 -2.192803896963596344e+01 5.113495998084545135e-01
3.042550668120384216e+00 -2.264337100088596344e+01 6.056946925818920135e-01
3.208322152495384216e+00 -2.254180850088596344e+01 6.054810695350170135e-01
3.372872933745384216e+00 -2.244049014151096344e+01 6.057709865272045135e-01
3.536813363432884216e+00 -2.233953799307346344e+01 6.060761623084545135e-01
3.699044808745384216e+00 -2.223968447744846344e+01 6.063660793006420135e-01
3.860787972807884216e+00 -2.214019717276096344e+01 6.066559962928295135e-01
4.020822152495384216e+00 -2.204168643057346344e+01 6.069459132850170135e-01
4.179635629057884216e+00 -2.194341982901096344e+01 6.077393703162670135e-01
3.044992074370384216e+00 -2.266888369619846344e+01 7.042512111365795135e-01
3.211007699370384216e+00 -2.256756533682346344e+01 7.042054347693920135e-01
3.375924691557884216e+00 -2.246697939932346344e+01 7.041749171912670135e-01
3.540231332182884216e+00 -2.236675967276096344e+01 7.041443996131420135e-01
3.702828988432884216e+00 -2.226751650869846344e+01 7.041138820350170135e-01
3.864816293120384216e+00 -2.216863955557346344e+01 7.040681056678295135e-01
4.025216683745384216e+00 -2.207073916494846344e+01 7.040375880897045135e-01
4.184396371245384216e+00 -2.197357119619846344e+01 7.040070705115795135e-01
3.441232308745384216e+00 -2.586212100088596344e+01 8.726777248084545135e-01
3.644601449370384216e+00 -2.583929385244846344e+01 8.742798976600170135e-01
3.825631722807884216e+00 -2.565826357901096344e+01 8.724183253943920135e-01
4.002877816557884216e+00 -2.546282900869846344e+01 8.696259669959545135e-01
3.502389535307884216e+00 -2.636053408682346344e+01 9.993867091834545135e-01
3.638009652495384216e+00 -2.579583682119846344e+01 9.860963039100170135e-01
4.075997933745384216e+00 -2.595696963369846344e+01 9.949311427772045135e-01
1.581818543374538422e+01 -2.300579775869846344e+01 1.211575429886579514e+00
1.583576355874538422e+01 -2.228533877432346344e+01 1.196392934769392014e+00
1.634064637124538422e+01 -2.256365908682346344e+01 1.205578725785017014e+00
1.903705750405788422e+01 -2.710906924307346344e+01 1.320721548050642014e+00
1.452216492593288422e+01 -2.117730654776096344e+01 8.654298000037670135e-01
1.550373230874538422e+01 -2.249774111807346344e+01 8.872040919959545135e-01
1.604914246499538422e+01 -2.285577334463596344e+01 8.932770900428295135e-01
1.642255555093288422e+01 -2.284893740713596344e+01 8.947266750037670135e-01
1.653498230874538422e+01 -2.231829775869846344e+01 8.890961818397045135e-01
1.698737488687038422e+01 -2.246343936026096344e+01 8.929261378943920135e-01
1.704108582437038422e+01 -2.184063662588596344e+01 8.848084621131420135e-01
1.427729187905788422e+01 -2.140911807119846344e+01 1.045224111527204514e+00
1.473529969155788422e+01 -2.163433779776096344e+01 1.051052968949079514e+00
1.575470887124538422e+01 -2.302435244619846344e+01 1.081677358597517014e+00
1.590229187905788422e+01 -2.255267275869846344e+01 1.074337881058454514e+00
1.635431824624538422e+01 -2.271050967276096344e+01 1.079892080277204514e+00
3.741181336343288422e+01 -6.353839053213596344e+01 1.924755971878767014e+00
1.753217469155788422e+01 -2.351653994619846344e+01 1.101284902542829514e+00
1.992780457437038422e+01 -2.731292666494846344e+01 1.183682363480329514e+00
1.805207215249538422e+01 -2.644219912588596344e+01 1.106701772660017014e+00
1.667084656655788422e+01 -2.283270205557346344e+01 1.041012685745954514e+00
1.743952332437038422e+01 -2.357867373526096344e+01 1.058072011917829514e+00
1.712909851968288422e+01 -2.221392764151096344e+01 1.034756582230329514e+00
1.919635926187038422e+01 -2.537347353994846344e+01 1.098431508988142014e+00
2.013752137124538422e+01 -2.632562197744846344e+01 1.121045034378767014e+00
1.936139832437038422e+01 -2.519097842276096344e+01 1.144528310745954514e+00
1.973810730874538422e+01 -2.508978213369846344e+01 1.147564809769392014e+00
2.030610047280788422e+01 -2.532965029776096344e+01 1.158688466995954514e+00
2.076740418374538422e+01 -2.568353213369846344e+01 1.221310537308454514e+00
2.121943055093288422e+01 -2.568023623526096344e+01 1.229016225785017014e+00
2.362140808999538422e+01 -2.218072451651096344e+01 1.448697011917829514e+00
2.449665223062038422e+01 -2.272466982901096344e+01 1.469006460160017014e+00
2.286225281655788422e+01 -2.387127627432346344e+01 1.205960195511579514e+00
2.321259461343288422e+01 -2.359759463369846344e+01 1.205700796097517014e+00
2.150019226968288422e+01 -2.006671084463596344e+01 1.144528310745954514e+00
2.155939637124538422e+01 -1.940338076651096344e+01 1.136578481644392014e+00
2.380707703530788422e+01 -2.208416689932346344e+01 1.191800039261579514e+00
1.040070496499538422e+01 -1.265441313385963440e+00 8.004883937537670135e-01
1.027070008218288422e+01 -6.691278368234634399e-01 7.922944240272045135e-01
