1.028120815753936768e+01 -1.288070708513259888e+00 -9.274994941893908162e-01
1.031819546222686768e+01 -1.192001372575759888e+00 -9.245545479003283162e-01
1.035200893878936768e+01 -1.094833403825759888e+00 -9.216706367675158162e-01
1.038960659503936768e+01 -9.985199272632598877e-01 -9.190156074706408162e-01
1.042708218097686768e+01 -9.025726616382598877e-01 -9.163758369628283162e-01
1.044954311847686768e+01 -8.014984428882598877e-01 -9.126984687987658162e-01
1.045515835285186768e+01 -6.946869194507598877e-01 -9.078766914550158162e-01
1.046614468097686768e+01 -5.908050835132598877e-01 -9.037110420409533162e-01
1.128743374347686768e+01 -1.684188872575759888e+00 -9.464203926268908162e-01
1.130708706378936768e+01 -1.570053130388259888e+00 -9.420563789550158162e-01
1.133211147785186768e+01 -1.458236724138259888e+00 -9.377991768065783162e-01
1.135176479816436768e+01 -1.344467192888259888e+00 -9.334504219237658162e-01
1.137117397785186768e+01 -1.231430083513259888e+00 -9.291321846190783162e-01
1.139058315753936768e+01 -1.118759185075759888e+00 -9.248444648925158162e-01
1.140449917316436768e+01 -1.004379302263259888e+00 -9.204651924315783162e-01
1.142378628253936768e+01 -8.925628960132598877e-01 -9.162079902831408162e-01
1.232869350910186768e+01 -2.094223052263259888e+00 -9.575287910643908162e-01
1.238521206378936768e+01 -1.982162505388259888e+00 -9.549653145018908162e-01
1.244185268878936768e+01 -1.869857817888259888e+00 -9.523865791503283162e-01
1.248640835285186768e+01 -1.752548247575759888e+00 -9.490601631347033162e-01
1.250581753253936768e+01 -1.626693755388259888e+00 -9.442689033690783162e-01
1.252510464191436768e+01 -1.501449614763259888e+00 -9.394776436034533162e-01
1.254451382160186768e+01 -1.376205474138259888e+00 -9.347016426268908162e-01
1.256367886066436768e+01 -1.251815825700759888e+00 -9.299561592284533162e-01
1.367988979816436768e+01 -2.626205474138259888e+00 -9.760987373534533162e-01
1.373091518878936768e+01 -2.496688872575759888e+00 -9.721467109862658162e-01
1.377425014972686768e+01 -2.364242583513259888e+00 -9.681031318847033162e-01
1.381770718097686768e+01 -2.231308013200759888e+00 -9.640442939940783162e-01
1.386092007160186768e+01 -2.098861724138259888e+00 -9.600159736815783162e-01
1.390413296222686768e+01 -1.966537505388259888e+00 -9.559723945800158162e-01
1.394758999347686768e+01 -1.833847075700759888e+00 -9.519135566893908162e-01
1.394502651691436768e+01 -1.687240630388259888e+00 -9.458100410643908162e-01
1.532136929035186768e+01 -3.272689849138259888e+00 -9.958893867675158162e-01
1.536958706378936768e+01 -3.123275786638259888e+00 -9.913422676268908162e-01
1.541792690753936768e+01 -2.973983794450759888e+00 -9.867798896972033162e-01
1.546638882160186768e+01 -2.824203521013259888e+00 -9.822022529784533162e-01
1.551460659503936768e+01 -2.675155669450759888e+00 -9.776551338378283162e-01
1.556282436847686768e+01 -2.525985747575759888e+00 -9.731080146972033162e-01
1.561116421222686768e+01 -2.376571685075759888e+00 -9.685456367675158162e-01
1.565925991535186768e+01 -2.227645903825759888e+00 -9.639985176268908162e-01
1.742366421222686768e+01 -4.100570708513259888e+00 -1.021249494189390816e+00
1.749104702472686768e+01 -3.934433013200759888e+00 -1.016183576220640816e+00
1.754561245441436768e+01 -3.763290435075759888e+00 -1.010949811572203316e+00
1.760042202472686768e+01 -3.591781646013259888e+00 -1.005716046923765816e+00
1.765486538410186768e+01 -3.420883208513259888e+00 -1.000512799853453316e+00
1.770930874347686768e+01 -3.250106841325759888e+00 -9.952942939940783162e-01
1.776399624347686768e+01 -3.078842192888259888e+00 -9.900757881347033162e-01
1.780525600910186768e+01 -2.904159575700759888e+00 -9.847352119628283162e-01
2.039571011066436768e+01 -5.270858794450759888e+00 -1.061456403369078316e+00
2.054097378253936768e+01 -5.100326567888259888e+00 -1.058664044970640816e+00
2.063399136066436768e+01 -4.908798247575759888e+00 -1.053689679736265816e+00
2.069758999347686768e+01 -4.705429106950759888e+00 -1.047479352587828316e+00
2.076094448566436768e+01 -4.503036528825759888e+00 -1.041299543017515816e+00
2.082429897785186768e+01 -4.300643950700759888e+00 -1.035119733447203316e+00
2.088777554035186768e+01 -4.097763091325759888e+00 -1.028924665087828316e+00
2.095100796222686768e+01 -3.895736724138259888e+00 -1.022760114306578316e+00
2.453206264972686768e+01 -6.899642974138259888e+00 -1.115365705126890816e+00
2.457564175128936768e+01 -6.643051177263259888e+00 -1.106775006884703316e+00
2.467598354816436768e+01 -6.408309966325759888e+00 -1.099618634814390816e+00
2.475069057941436768e+01 -6.163192778825759888e+00 -1.092141828173765816e+00
2.482515347003936768e+01 -5.919174224138259888e+00 -1.084695539111265816e+00
2.489949429035186768e+01 -5.675277739763259888e+00 -1.077249250048765816e+00
2.494783413410186768e+01 -5.422348052263259888e+00 -1.069528302783140816e+00
2.502193081378936768e+01 -5.179183989763259888e+00 -1.062097272509703316e+00
2.736104214191436768e+01 -8.015487700700759888e+00 -1.086526593798765816e+00
2.851326382160186768e+01 -8.149765044450759888e+00 -1.111551007861265816e+00
3.062398159503936768e+01 -8.615097075700759888e+00 -1.165185651415953316e+00
3.179243862628936768e+01 -8.695297271013259888e+00 -1.188562116259703316e+00
3.175630581378936768e+01 -8.333847075700759888e+00 -1.175042829150328316e+00
3.179133999347686768e+01 -7.999618560075759888e+00 -1.163736066455015816e+00
3.188350307941436768e+01 -7.684555083513259888e+00 -1.154123029345640816e+00
3.197529995441436768e+01 -7.370834380388259888e+00 -1.144540509814390816e+00
3.886702358722686768e+01 -1.254551699757575989e+01 -1.261728009814390816e+00
2.902974331378936768e+01 -8.350936919450759888e+00 -9.884736152831408162e-01
3.164558804035186768e+01 -8.997909575700759888e+00 -1.045160016650328316e+00
3.427205288410186768e+01 -9.590560942888259888e+00 -1.100122174853453316e+00
3.826692593097686768e+01 -1.060423281788825989e+01 -1.187555036181578316e+00
4.091792690753936768e+01 -1.107884219288825989e+01 -1.238809308642515816e+00
4.376973354816436768e+01 -1.156163027882575989e+01 -1.293008527392515816e+00
4.368794643878936768e+01 -1.106297305226325989e+01 -1.274911603564390816e+00
5.076814663410186768e+01 -1.723423770070075989e+01 -1.330926618212828316e+00
2.902998745441436768e+01 -8.355209380388259888e+00 -8.485962959472033162e-01
3.164595425128936768e+01 -9.002426177263259888e+00 -8.929078193847033162e-01
3.427241909503936768e+01 -9.595565825700759888e+00 -9.355561348143908162e-01
3.693758022785186768e+01 -1.014683535695075989e+01 -9.771821113768908162e-01
4.212886440753936768e+01 -1.149278262257575989e+01 -1.067132672900328316e+00
5.250020229816436768e+01 -1.441368106007575989e+01 -1.254403791064390816e+00
6.755476772785186768e+01 -1.858677676320075989e+01 -1.524041852587828316e+00
7.094221889972686768e+01 -2.518321231007575989e+01 -1.422769269580015816e+00
2.903035366535186768e+01 -8.359359771013259888e+00 -7.094666572753283162e-01
3.164632046222686768e+01 -9.007064849138259888e+00 -7.414948555175158162e-01
3.427290737628936768e+01 -9.600448638200759888e+00 -7.718751045409533162e-01
3.691341030597686768e+01 -1.014353945851325989e+01 -8.007752510253283162e-01
4.212923061847686768e+01 -1.149888613820075989e+01 -8.666169258300158162e-01
5.250044643878936768e+01 -1.442112734913825989e+01 -1.004602155322203316e+00
2.877852261066436768e+01 -8.267074614763259888e+00 -5.667054268065783162e-01
3.088936245441436768e+01 -8.730697661638259888e+00 -5.816132637206408162e-01
3.344392788410186768e+01 -9.307113677263259888e+00 -5.992219062987658162e-01
3.665974819660186768e+01 -1.006040957570075989e+01 -6.222016426268908162e-01
4.113985073566436768e+01 -1.117100527882575989e+01 -6.560303779784533162e-01
4.885615932941436768e+01 -1.323973086476325989e+01 -7.176453682128283162e-01
2.682686245441436768e+01 -7.824203521013259888e+00 -4.243561836425158162e-01
2.866902554035186768e+01 -8.229232817888259888e+00 -4.281098457518908162e-01
3.080012905597686768e+01 -8.701889067888259888e+00 -4.325654121581408162e-01
3.327327358722686768e+01 -9.250473052263259888e+00 -4.377381416503283162e-01
3.635811245441436768e+01 -9.960433989763259888e+00 -4.449097725097033162e-01
4.054829800128936768e+01 -1.097727969288825989e+01 -4.561249824706408162e-01
4.922163784503936768e+01 -1.336595156788825989e+01 -4.872834297362658162e-01
2.673994839191436768e+01 -7.793685942888259888e+00 -2.947480293456408162e-01
2.863313686847686768e+01 -8.219589263200759888e+00 -2.907197090331408162e-01
8.321956264972686768e+01 -3.006358340382575989e+01 6.926444824841837544e-04
8.539302456378936768e+01 -3.093260195851325989e+01 4.262144950684216838e-01
9.180940639972686768e+01 -3.347605898976325989e+01 9.253142265137341838e-01
1.046626675128936768e+01 -5.904388725757598877e-01 -9.036957832518908162e-01
1.048201382160186768e+01 -4.882660210132598877e-01 -8.996827217284533162e-01
1.049361050128936768e+01 -3.852386772632598877e-01 -8.956696602050158162e-01
1.050532925128936768e+01 -2.820892632007598877e-01 -8.916413398925158162e-01
1.051692593097686768e+01 -1.796722710132598877e-01 -8.876435371581408162e-01
1.052852261066436768e+01 -7.762148976325988770e-02 -8.836609932128283162e-01
1.054011929035186768e+01 2.442929148674011230e-02 -8.796784492675158162e-01
1.054756557941436768e+01 1.268462836742401123e-01 -8.757111641112658162e-01
1.142390835285186768e+01 -8.921966850757598877e-01 -9.161927314940783162e-01
1.143465054035186768e+01 -7.781830132007598877e-01 -9.117219062987658162e-01
1.143562710285186768e+01 -6.616058647632598877e-01 -9.063813301268908162e-01
1.143086636066436768e+01 -5.436859428882598877e-01 -9.009949775878283162e-01
1.142610561847686768e+01 -4.269867241382598877e-01 -8.956391426268908162e-01
1.142146694660186768e+01 -3.108978569507598877e-01 -8.903290840331408162e-01
1.141109097003936768e+01 -1.938324272632598877e-01 -8.849732490722033162e-01
1.140645229816436768e+01 -7.945254445075988770e-02 -8.797242256347033162e-01
1.256380093097686768e+01 -1.251449614763259888e+00 -9.299561592284533162e-01
1.257637417316436768e+01 -1.125473052263259888e+00 -9.251496406737658162e-01
1.258894741535186768e+01 -9.999847710132598877e-01 -9.203583809081408162e-01
1.260152065753936768e+01 -8.744964897632598877e-01 -9.155671211425158162e-01
1.260615932941436768e+01 -7.476654350757598877e-01 -9.103791328612658162e-01
1.259675991535186768e+01 -6.179046928882598877e-01 -9.044282051268908162e-01
1.258748257160186768e+01 -4.885101616382598877e-01 -8.985077949706408162e-01
1.257820522785186768e+01 -3.605804741382598877e-01 -8.926484199706408162e-01
1.394490444660186768e+01 -1.686752349138259888e+00 -9.457795234862658162e-01
1.393709194660186768e+01 -1.539535552263259888e+00 -9.390503975097033162e-01
1.392061245441436768e+01 -1.390731841325759888e+00 -9.322297187987658162e-01
1.390291225910186768e+01 -1.242416411638259888e+00 -9.253937812987658162e-01
1.391231167316436768e+01 -1.102890044450759888e+00 -9.200074287597033162e-01
1.392158901691436768e+01 -9.640960991382598877e-01 -9.146363350097033162e-01
1.393098843097686768e+01 -8.253021538257598877e-01 -9.092652412597033162e-01
1.391548550128936768e+01 -6.816253960132598877e-01 -9.030396553222033162e-01
1.565962612628936768e+01 -2.227157622575759888e+00 -9.639985176268908162e-01
1.568770229816436768e+01 -2.072250396013259888e+00 -9.587800117675158162e-01
1.569502651691436768e+01 -1.911361724138259888e+00 -9.525849434081408162e-01
1.570235073566436768e+01 -1.750839263200759888e+00 -9.464051338378283162e-01
1.570967495441436768e+01 -1.591537505388259888e+00 -9.402711006347033162e-01
1.571883022785186768e+01 -1.433456450700759888e+00 -9.342591377440783162e-01
1.569221889972686768e+01 -1.266586333513259888e+00 -9.266144844237658162e-01
1.566585171222686768e+01 -1.101791411638259888e+00 -9.190613838378283162e-01
1.780562222003936768e+01 -2.903671294450759888e+00 -9.847352119628283162e-01
1.785042202472686768e+01 -2.730331450700759888e+00 -9.789368721190783162e-01
1.785481655597686768e+01 -2.545272856950759888e+00 -9.718720527831408162e-01
1.785921108722686768e+01 -2.360458403825759888e+00 -9.648224922362658162e-01
1.786348354816436768e+01 -2.177230864763259888e+00 -9.578339668456408162e-01
1.786775600910186768e+01 -1.994857817888259888e+00 -9.508759590331408162e-01
1.787202847003936768e+01 -1.812850981950759888e+00 -9.439332100097033162e-01
1.786238491535186768e+01 -1.629013091325759888e+00 -9.369141670409533162e-01
2.095125210285186768e+01 -3.895004302263259888e+00 -1.022744855517515816e+00
2.097542202472686768e+01 -3.681137114763259888e+00 -1.015329084033140816e+00
2.097127163410186768e+01 -3.459701567888259888e+00 -1.006875714892515816e+00
2.096712124347686768e+01 -3.238754302263259888e+00 -9.984528633300158162e-01
2.096309292316436768e+01 -3.020004302263259888e+00 -9.901063057128283162e-01
2.095906460285186768e+01 -2.802352935075759888e+00 -9.818055244628283162e-01
2.095503628253936768e+01 -2.585433989763259888e+00 -9.735200020018908162e-01
2.095088589191436768e+01 -2.370346099138259888e+00 -9.653260322753283162e-01
2.502229702472686768e+01 -5.178329497575759888e+00 -1.062082013720640816e+00
2.508784878253936768e+01 -4.932601958513259888e+00 -1.054574689501890816e+00
2.517976772785186768e+01 -4.694686919450759888e+00 -1.047326764697203316e+00
2.524556362628936768e+01 -4.447982817888259888e+00 -1.039788922900328316e+00
2.531111538410186768e+01 -4.202133208513259888e+00 -1.032281598681578316e+00
2.537666714191436768e+01 -3.956405669450759888e+00 -1.024789533251890816e+00
2.534309780597686768e+01 -3.684921294450759888e+00 -1.014779767626890816e+00
2.522053921222686768e+01 -3.395248442888259888e+00 -1.001519879931578316e+00
3.197566616535186768e+01 -7.369735747575759888e+00 -1.144509992236265816e+00
3.205928432941436768e+01 -7.053817778825759888e+00 -1.134866437548765816e+00
3.211360561847686768e+01 -6.729232817888259888e+00 -1.124414167040953316e+00
3.213008511066436768e+01 -6.393539458513259888e+00 -1.112893781298765816e+00
3.226936733722686768e+01 -6.093856841325759888e+00 -1.104806623095640816e+00
3.239375698566436768e+01 -5.789291411638259888e+00 -1.096292218798765816e+00
3.187788784503936768e+01 -5.322616606950759888e+00 -1.070733747119078316e+00
3.182039272785186768e+01 -4.979599028825759888e+00 -1.057641706103453316e+00
4.368709194660186768e+01 -1.106101992726325989e+01 -1.274835309619078316e+00
4.366695034503936768e+01 -1.058580020070075989e+01 -1.258432111376890816e+00
4.377949917316436768e+01 -1.015245059132575989e+01 -1.245202741259703316e+00
4.383406460285186768e+01 -9.701278716325759888e+00 -1.230600080126890816e+00
4.367403042316436768e+01 -9.194931060075759888e+00 -1.211282453173765816e+00
4.351582729816436768e+01 -8.694931060075759888e+00 -1.192193708056578316e+00
4.335908901691436768e+01 -8.199691802263259888e+00 -1.173288068408140816e+00
4.313643276691436768e+01 -7.695907622575759888e+00 -1.153222760790953316e+00
6.755257046222686768e+01 -1.858360293507575989e+01 -1.523919782275328316e+00
6.718050014972686768e+01 -1.774107363820075989e+01 -1.493066510790953316e+00
6.702034389972686768e+01 -1.697276309132575989e+01 -1.466500959033140816e+00
6.675874722003936768e+01 -1.618089297413825989e+01 -1.438272199267515816e+00
6.565401089191436768e+01 -1.517198184132575989e+01 -1.395486554736265816e+00
6.495869839191436768e+01 -1.429747012257575989e+01 -1.360711774462828316e+00
6.427962124347686768e+01 -1.344322207570075989e+01 -1.326760968798765816e+00
6.304512417316436768e+01 -1.247618106007575989e+01 -1.284188947314390816e+00
1.054744350910186768e+01 1.272124946117401123e-01 -8.756959053222033162e-01
1.055513393878936768e+01 2.292632758617401123e-01 -8.715607734862658162e-01
1.054890835285186768e+01 3.341216742992401123e-01 -8.668152900878283162e-01
1.054256069660186768e+01 4.386138617992401123e-01 -8.620698066893908162e-01
1.053633511066436768e+01 5.423736274242401123e-01 -8.573700996581408162e-01
1.053023159503936768e+01 6.455230414867401123e-01 -8.527009102050158162e-01
1.052400600910186768e+01 7.484283149242401123e-01 -8.480317207518908162e-01
1.051387417316436768e+01 8.510894477367401123e-01 -8.434083076659533162e-01
1.140633022785186768e+01 -7.896426320075988770e-02 -8.796937080565783162e-01
1.139546597003936768e+01 3.627011179924011230e-02 -8.744294258300158162e-01
1.139033901691436768e+01 1.496734321117401123e-01 -8.692414375487658162e-01
1.138850796222686768e+01 2.621001899242401123e-01 -8.645112129393908162e-01
1.139522182941436768e+01 3.719634711742401123e-01 -8.603303047362658162e-01
1.140193569660186768e+01 4.815826117992401123e-01 -8.561493965331408162e-01
1.140327847003936768e+01 5.921783149242401123e-01 -8.519227119628283162e-01
1.140987026691436768e+01 7.011871039867401123e-01 -8.477723213378283162e-01
1.257783901691436768e+01 -3.600921928882598877e-01 -8.926179023925158162e-01
1.256196987628936768e+01 -2.313080132007598877e-01 -8.867127510253283162e-01
1.254610073566436768e+01 -1.035003960132598877e-01 -8.808686348143908162e-01
1.253035366535186768e+01 2.394101023674011230e-02 -8.750245186034533162e-01
1.251472866535186768e+01 1.500396430492401123e-01 -8.692566963378283162e-01
1.251094448566436768e+01 2.732085883617401123e-01 -8.641297432128283162e-01
1.251668179035186768e+01 3.945464789867401123e-01 -8.595063301268908162e-01
1.252229702472686768e+01 5.150298774242401123e-01 -8.549134346190783162e-01
1.391524136066436768e+01 -6.810150444507598877e-01 -9.030091377440783162e-01
1.390303432941436768e+01 -5.391693413257598877e-01 -8.966004463378283162e-01
1.388386929035186768e+01 -3.965912163257598877e-01 -8.902222725097033162e-01
1.387593472003936768e+01 -2.568207085132598877e-01 -8.844086738768908162e-01
1.387984097003936768e+01 -1.204681694507598877e-01 -8.792054268065783162e-01
1.388374722003936768e+01 1.527401804924011230e-02 -8.740326973143908162e-01
1.388765347003936768e+01 1.510162055492401123e-01 -8.688447090331408162e-01
1.388338100910186768e+01 2.872466742992401123e-01 -8.636567207518908162e-01
1.566548550128936768e+01 -1.101058989763259888e+00 -9.190308662597033162e-01
1.563154995441436768e+01 -9.358978569507598877e-01 -9.114625068847033162e-01
1.560249722003936768e+01 -7.730560600757598877e-01 -9.041688057128283162e-01
1.560359585285186768e+01 -6.171722710132598877e-01 -8.982178779784533162e-01
1.560469448566436768e+01 -4.623871147632598877e-01 -8.923279854003283162e-01
1.560567104816436768e+01 -3.083343803882598877e-01 -8.864380928222033162e-01
1.560676968097686768e+01 -1.542816460132598877e-01 -8.805634590331408162e-01
1.560774624347686768e+01 -1.327544450759887695e-03 -8.747193428222033162e-01
1.786214077472686768e+01 -1.628402739763259888e+00 -9.368836494628283162e-01
1.787227261066436768e+01 -1.450058013200759888e+00 -9.300782295409533162e-01
1.786836636066436768e+01 -1.269393950700759888e+00 -9.231965156737658162e-01
1.786458218097686768e+01 -1.088851958513259888e+00 -9.162995430175158162e-01
1.786079800128936768e+01 -9.096527397632598877e-01 -9.094636055175158162e-01
1.784077847003936768e+01 -7.282562553882598877e-01 -9.020478340331408162e-01
1.779133999347686768e+01 -5.422210991382598877e-01 -8.935181709472033162e-01
1.772835171222686768e+01 -3.563080132007598877e-01 -8.850037666503283162e-01
2.095039761066436768e+01 -2.369491606950759888e+00 -9.652802559081408162e-01
2.093758022785186768e+01 -2.153549224138259888e+00 -9.570405098143908162e-01
2.092476284503936768e+01 -1.938827544450759888e+00 -9.488465400878283162e-01
2.089033901691436768e+01 -1.719955474138259888e+00 -9.399048896972033162e-01
2.081294643878936768e+01 -1.494979888200759888e+00 -9.296052070800158162e-01
2.073653042316436768e+01 -1.272567778825759888e+00 -9.194275947753283162e-01
2.066072475910186768e+01 -1.051986724138259888e+00 -9.093262764159533162e-01
2.058601772785186768e+01 -8.345794975757598877e-01 -8.993775459472033162e-01
2.521944057941436768e+01 -3.394149810075759888e+00 -1.001443585986265816e+00
2.508882534503936768e+01 -3.106430083513259888e+00 -9.882752510253283162e-01
2.499055874347686768e+01 -2.829574614763259888e+00 -9.755951973143908162e-01
2.494978725910186768e+01 -2.567001372575759888e+00 -9.653260322753283162e-01
2.492061245441436768e+01 -2.309310942888259888e+00 -9.554993721190783162e-01
2.489180386066436768e+01 -2.053451567888259888e+00 -9.457337471190783162e-01
2.483443081378936768e+01 -1.793197661638259888e+00 -9.357850166503283162e-01
2.471272671222686768e+01 -1.525253325700759888e+00 -9.235169502440783162e-01
3.181953823566436768e+01 -4.978256255388259888e+00 -1.057580670947203316e+00
3.167146694660186768e+01 -4.617294341325759888e+00 -1.042413434619078316e+00
3.143794643878936768e+01 -4.242050200700759888e+00 -1.025216779345640816e+00
3.123469936847686768e+01 -3.878158599138259888e+00 -1.008966168994078316e+00
3.110994350910186768e+01 -3.536483794450759888e+00 -9.948670479003283162e-01
3.104927456378936768e+01 -3.210678130388259888e+00 -9.824769111815783162e-01
3.098689663410186768e+01 -2.885971099138259888e+00 -9.700867744628283162e-01
3.081380093097686768e+01 -2.546493560075759888e+00 -9.552247139159533162e-01
4.313191616535186768e+01 -7.693344146013259888e+00 -1.153070172900328316e+00
4.262630093097686768e+01 -7.131698638200759888e+00 -1.127359113330015816e+00
4.224177944660186768e+01 -6.608871489763259888e+00 -1.104562482470640816e+00
4.195930874347686768e+01 -6.115585356950759888e+00 -1.084115705126890816e+00
4.159724819660186768e+01 -5.615829497575759888e+00 -1.062402448290953316e+00
4.142549526691436768e+01 -5.160751372575759888e+00 -1.044732770556578316e+00
4.097420132160186768e+01 -4.660141021013259888e+00 -1.021783551806578316e+00
4.053584682941436768e+01 -4.173934966325759888e+00 -9.995209785643908162e-01
6.303950893878936768e+01 -1.247251895070075989e+01 -1.284021100634703316e+00
6.241060268878936768e+01 -1.167356875538825989e+01 -1.252221784228453316e+00
6.125789272785186768e+01 -1.077574160695075989e+01 -1.212548932665953316e+00
6.087666714191436768e+01 -1.006333926320075989e+01 -1.185769757861265816e+00
6.092940151691436768e+01 -9.449325591325759888e+00 -1.166040143603453316e+00
6.151497280597686768e+01 -8.936752349138259888e+00 -1.154321393603453316e+00
6.211079800128936768e+01 -8.414413481950759888e+00 -1.142389020556578316e+00
6.271394741535186768e+01 -7.885726958513259888e+00 -1.130304059619078316e+00
9.536812222003936768e+01 -1.825303652882575989e+01 -1.313775739306578316e+00
9.472175991535186768e+01 -1.712889102101325989e+01 -1.275048932665953316e+00
9.543745815753936768e+01 -1.433836367726325989e+01 -1.188897809619078316e+00
7.466841518878936768e+01 -9.894027739763259888e+00 -9.574982734862658162e-01
9.473640835285186768e+01 -1.714561465382575989e+01 -8.348939033690783162e-01
7.470869839191436768e+01 -9.911605864763259888e+00 -6.122681709472033162e-01
9.483394253253936768e+01 -1.717967227101325989e+01 -3.924195381347033162e-01
8.081343472003936768e+01 -1.094517520070075989e+01 -2.705781074706408162e-01
9.477193081378936768e+01 -1.718040469288825989e+01 4.808644331060918375e-02
8.068062222003936768e+01 -1.093467715382575989e+01 1.028807548340466838e-01
9.472346889972686768e+01 -1.718406680226325989e+01 4.904082206543591838e-01
8.088728725910186768e+01 -1.098106387257575989e+01 4.761259940918591838e-01
9.464851772785186768e+01 -1.718199160695075989e+01 9.295561698731091838e-01
9.624165737628936768e+01 -1.652439883351325989e+01 9.765837577637341838e-01
8.068050014972686768e+01 -1.095811465382575989e+01 8.476164726074841838e-01
9.498469936847686768e+01 -1.825144961476325989e+01 1.351278581982484184e+00
9.400325405597686768e+01 -1.706065371632575989e+01 1.360494890576234184e+00
9.405147182941436768e+01 -1.610252383351325989e+01 1.386953630810609184e+00
7.988631069660186768e+01 -1.164781191945075989e+01 1.182928362255921684e+00
8.071272671222686768e+01 -1.097532656788825989e+01 1.219518938427796684e+00
9.394661343097686768e+01 -1.706236270070075989e+01 1.795873918896546684e+00
9.637605679035186768e+01 -1.657896426320075989e+01 1.874349871044984184e+00
7.966170132160186768e+01 -1.161936953663825989e+01 1.548147478466859184e+00
8.062666714191436768e+01 -1.097251895070075989e+01 1.590963640576234184e+00
9.439937222003936768e+01 -1.815000918507575989e+01 2.222418108349671684e+00
9.343416225910186768e+01 -1.696849063038825989e+01 2.220907488232484184e+00
9.354536831378936768e+01 -1.602879336476325989e+01 2.247579851513734184e+00
7.972615444660186768e+01 -1.164244082570075989e+01 1.917150774365296684e+00
8.081624233722686768e+01 -1.101622012257575989e+01 1.969167986279359184e+00
1.051387417316436768e+01 8.514556586742401123e-01 -8.434083076659533162e-01
1.050691616535186768e+01 9.531402289867401123e-01 -8.388001533690783162e-01
1.049592983722686768e+01 1.055068939924240112e+00 -8.342225166503283162e-01
1.049788296222686768e+01 1.155044525861740112e+00 -8.304230781737658162e-01
1.049946987628936768e+01 1.254409760236740112e+00 -8.266388984862658162e-01
1.050117886066436768e+01 1.353652924299240112e+00 -8.228394600097033162e-01
1.050288784503936768e+01 1.453018158674240112e+00 -8.190552803222033162e-01
1.050008022785186768e+01 1.552139252424240112e+00 -8.152711006347033162e-01
1.140987026691436768e+01 7.015533149242401123e-01 -8.477570625487658162e-01
1.141060268878936768e+01 8.111724555492401123e-01 -8.435761543456408162e-01
1.141670620441436768e+01 9.196929633617401123e-01 -8.394257637206408162e-01
1.141743862628936768e+01 1.029312103986740112e+00 -8.352601143065783162e-01
1.141804897785186768e+01 1.138076752424240112e+00 -8.310944648925158162e-01
1.141878139972686768e+01 1.246719330549240112e+00 -8.269593330565783162e-01
1.141414272785186768e+01 1.355972260236740112e+00 -8.227936836425158162e-01
1.141475307941436768e+01 1.464004486799240112e+00 -8.186738105956408162e-01
1.252241909503936768e+01 5.153960883617401123e-01 -8.548981758300158162e-01
1.252168667316436768e+01 6.366119086742401123e-01 -8.502747627440783162e-01
1.252095425128936768e+01 7.574615180492401123e-01 -8.456666084472033162e-01
1.252022182941436768e+01 8.784331977367401123e-01 -8.410431953612658162e-01
1.251948940753936768e+01 9.986724555492401123e-01 -8.364655586425158162e-01
1.251863491535186768e+01 1.118545502424240112e+00 -8.318879219237658162e-01
1.251790249347686768e+01 1.238540619611740112e+00 -8.273102852050158162e-01
1.251717007160186768e+01 1.357803314924240112e+00 -8.227631660643908162e-01
1.388350307941436768e+01 2.876128852367401123e-01 -8.636414619628283162e-01
1.388875210285186768e+01 4.218902289867401123e-01 -8.585145088378283162e-01
1.388582241535186768e+01 5.570220649242401123e-01 -8.533570381347033162e-01
1.388277065753936768e+01 6.921539008617401123e-01 -8.481995674315783162e-01
1.387996304035186768e+01 8.264312446117401123e-01 -8.430878730956408162e-01
1.387703335285186768e+01 9.603423774242401123e-01 -8.379761787597033162e-01
1.387410366535186768e+01 1.094253510236740112e+00 -8.328644844237658162e-01
1.386311733722686768e+01 1.228164643049240112e+00 -8.277680488768908162e-01
1.560786831378936768e+01 -8.392632007598876953e-04 -8.747040840331408162e-01
1.560152065753936768e+01 1.527251899242401123e-01 -8.688447090331408162e-01
1.557332241535186768e+01 3.089751899242401123e-01 -8.621003242675158162e-01
1.553352749347686768e+01 4.664458930492401123e-01 -8.548981758300158162e-01
1.549422085285186768e+01 6.219634711742401123e-01 -8.477723213378283162e-01
1.545528042316436768e+01 7.763824164867401123e-01 -8.407075020018908162e-01
1.541646206378936768e+01 9.300689399242401123e-01 -8.336732002440783162e-01
1.537813198566436768e+01 1.081924408674240112e+00 -8.267151924315783162e-01
1.772822964191436768e+01 -3.556976616382598877e-01 -8.849732490722033162e-01
1.768587124347686768e+01 -1.747894585132598877e-01 -8.766877266112658162e-01
1.762984097003936768e+01 6.729096174240112305e-03 -8.683716865722033162e-01
1.757417690753936768e+01 1.872710883617401123e-01 -8.601166816893908162e-01
1.755806362628936768e+01 3.606109321117401123e-01 -8.533570381347033162e-01
1.754658901691436768e+01 5.326080024242401123e-01 -8.467957588378283162e-01
1.753523647785186768e+01 7.044830024242401123e-01 -8.402344795409533162e-01
1.751070034503936768e+01 8.764800727367401123e-01 -8.336732002440783162e-01
2.058577358722686768e+01 -8.338470757007598877e-01 -8.993317695800158162e-01
2.050862514972686768e+01 -6.183929741382598877e-01 -8.896119209472033162e-01
2.049263393878936768e+01 -4.139252007007598877e-01 -8.819367500487658162e-01
2.047676479816436768e+01 -2.097015678882598877e-01 -8.742615791503283162e-01
2.046101772785186768e+01 -6.942778825759887695e-03 -8.666474434081408162e-01
2.044527065753936768e+01 1.948394477367401123e-01 -8.590638252440783162e-01
2.042952358722686768e+01 3.966216742992401123e-01 -8.514954658690783162e-01
2.041402065753936768e+01 5.966949164867401123e-01 -8.439728828612658162e-01
2.471236050128936768e+01 -1.524398833513259888e+00 -9.234711738768908162e-01
2.458296597003936768e+01 -1.258529692888259888e+00 -9.112946602050158162e-01
2.448372280597686768e+01 -1.000473052263259888e+00 -8.994843574706408162e-01
2.439314663410186768e+01 -7.453460991382598877e-01 -8.885590645018908162e-01
2.443843472003936768e+01 -5.107269585132598877e-01 -8.813874336425158162e-01
2.448384487628936768e+01 -2.757416069507598877e-01 -8.742158027831408162e-01
2.450362026691436768e+01 -3.685000538825988770e-02 -8.669373604003283162e-01
2.454903042316436768e+01 1.983794867992401123e-01 -8.597504707518908162e-01
3.081294643878936768e+01 -2.545272856950759888e+00 -9.551484199706408162e-01
3.059151089191436768e+01 -2.202743560075759888e+00 -9.394623848143908162e-01
3.037129604816436768e+01 -1.865707427263259888e+00 -9.239747139159533162e-01
3.037422573566436768e+01 -1.563339263200759888e+00 -9.136750312987658162e-01
3.043928921222686768e+01 -1.270614653825759888e+00 -9.048096748534533162e-01
3.050081264972686768e+01 -9.769134819507598877e-01 -8.958527656737658162e-01
3.076948940753936768e+01 -7.035980522632598877e-01 -8.912903877440783162e-01
3.107307827472686768e+01 -4.300384819507598877e-01 -8.873536201659533162e-01
4.053316128253936768e+01 -4.172103911638259888e+00 -9.994141670409533162e-01
4.030147182941436768e+01 -3.728744536638259888e+00 -9.813935371581408162e-01
4.055000698566436768e+01 -3.361434966325759888e+00 -9.723603340331408162e-01
4.109187710285186768e+01 -3.028793364763259888e+00 -9.683930488768908162e-01
4.166695034503936768e+01 -2.691879302263259888e+00 -9.647156807128283162e-01
4.203938686847686768e+01 -2.320785552263259888e+00 -9.571930977050158162e-01
4.271980679035186768e+01 -1.974472075700759888e+00 -9.546296211425158162e-01
4.323592007160186768e+01 -1.601303130388259888e+00 -9.489533516112658162e-01
6.271834194660186768e+01 -7.884262114763259888e+00 -1.130273542040953316e+00
6.402559292316436768e+01 -7.455673247575759888e+00 -1.127572736376890816e+00
6.504133999347686768e+01 -6.959335356950759888e+00 -1.120080670947203316e+00
6.374690639972686768e+01 -6.126571685075759888e+00 -1.081201276415953316e+00
6.060762417316436768e+01 -5.090927153825759888e+00 -1.019448957080015816e+00
6.455073940753936768e+01 -4.943588286638259888e+00 -1.049157819384703316e+00
6.380696499347686768e+01 -4.218734771013259888e+00 -1.018670758837828316e+00
6.357869350910186768e+01 -3.562118560075759888e+00 -9.949738594237658162e-01
7.466988003253936768e+01 -9.891708403825759888e+00 -9.574219795409533162e-01
8.852095425128936768e+01 -1.131065371632575989e+01 -1.061914167040953316e+00
9.698518764972686768e+01 -1.165855410695075989e+01 -1.108911237353453316e+00
6.421492397785186768e+01 -6.199813872575759888e+00 -7.934968086425158162e-01
7.815755093097686768e+01 -7.319686919450759888e+00 -8.886658760253283162e-01
9.831782925128936768e+01 -8.883163481950759888e+00 -1.024469098681578316e+00
7.468306362628936768e+01 -9.904769927263259888e+00 -6.120545479003283162e-01
8.851936733722686768e+01 -1.132334902882575989e+01 -6.523530098143908162e-01
6.416438686847686768e+01 -6.202255278825759888e+00 -4.994141670409533162e-01
6.099226772785186768e+01 -5.157333403825759888e+00 -4.671723457518908162e-01
5.800508511066436768e+01 -4.199691802263259888e+00 -4.376465889159533162e-01
5.517854702472686768e+01 -3.319198638200759888e+00 -4.091736885253283162e-01
5.253938686847686768e+01 -2.516952544450759888e+00 -3.845612617675158162e-01
8.081660854816436768e+01 -1.094297793507575989e+01 -2.704865547362658162e-01
6.422798550128936768e+01 -6.220443755388259888e+00 -2.041718574706408162e-01
6.101973354816436768e+01 -5.169784575700759888e+00 -1.870514961425158162e-01
5.798897182941436768e+01 -4.206405669450759888e+00 -1.717927070800158162e-01
5.512239468097686768e+01 -3.321273833513259888e+00 -1.581818672362658162e-01
5.243562710285186768e+01 -2.514633208513259888e+00 -1.461426826659533162e-01
8.081026089191436768e+01 -1.095372012257575989e+01 1.035368827637341838e-01
6.891133511066436768e+01 -6.871688872575759888e+00 1.142790702637341838e-01
6.884297573566436768e+01 -6.171737700700759888e+00 1.350767997559216838e-01
8.065852749347686768e+01 -1.093992617726325989e+01 4.741728690918591838e-01
6.843965542316436768e+01 -6.817001372575759888e+00 4.268095878418591838e-01
6.850960171222686768e+01 -6.139389067888259888e+00 4.481413749512341838e-01
8.071944057941436768e+01 -1.096189883351325989e+01 8.482268241699841838e-01
6.851155483722686768e+01 -6.836898833513259888e+00 7.411559013184216838e-01
6.866304409503936768e+01 -6.168930083513259888e+00 7.636320976074841838e-01
8.054207241535186768e+01 -1.094383242726325989e+01 1.216482439404359184e+00
6.849238979816436768e+01 -6.844223052263259888e+00 1.056051531201234184e+00
6.836934292316436768e+01 -6.141586333513259888e+00 1.073477068310609184e+00
8.062593472003936768e+01 -1.096958926320075989e+01 1.591024675732484184e+00
8.208284389972686768e+01 -1.038365176320075989e+01 1.647924700146546684e+00
6.854866421222686768e+01 -6.862045317888259888e+00 1.370870867138734184e+00
6.839229214191436768e+01 -6.154525786638259888e+00 1.386526384716859184e+00
6.975215542316436768e+01 -5.630111724138259888e+00 1.438970842724671684e+00
8.073054897785186768e+01 -1.099900820851325989e+01 1.966879167919984184e+00
8.001826870441436768e+01 -1.006895449757575989e+01 1.967642107373109184e+00
6.918062222003936768e+01 -7.657211333513259888e+00 1.684927263623109184e+00
6.792744839191436768e+01 -6.786483794450759888e+00 1.668600359326234184e+00
6.831294643878936768e+01 -6.154525786638259888e+00 1.698492327099671684e+00
6.770015347003936768e+01 -5.399154692888259888e+00 1.699621477490296684e+00
1.049983608722686768e+01 1.552505463361740112e+00 -8.152405830565783162e-01
1.050044643878936768e+01 1.651138275861740112e+00 -8.114869209472033162e-01
1.049666225910186768e+01 1.750015228986740112e+00 -8.077180000487658162e-01
1.049275600910186768e+01 1.849014252424240112e+00 -8.039338203612658162e-01
1.048897182941436768e+01 1.947524994611740112e+00 -8.001801582518908162e-01
1.048518764972686768e+01 2.045791596174240112e+00 -7.964264961425158162e-01
1.048128139972686768e+01 2.144180268049240112e+00 -7.926728340331408162e-01
1.047798550128936768e+01 2.242080658674240112e+00 -7.892090889159533162e-01
1.141463100910186768e+01 1.464370697736740112e+00 -8.186432930175158162e-01
1.140938198566436768e+01 1.572769135236740112e+00 -8.145081611815783162e-01
1.140950405597686768e+01 1.680435150861740112e+00 -8.104035469237658162e-01
1.140437710285186768e+01 1.788711518049240112e+00 -8.062684150878283162e-01
1.139912807941436768e+01 1.896377533674240112e+00 -8.021638008300158162e-01
1.139400112628936768e+01 2.003799408674240112e+00 -7.980591865722033162e-01
1.138350307941436768e+01 2.111465424299240112e+00 -7.939545723143908162e-01
1.138179409503936768e+01 2.218399018049240112e+00 -7.900483223143908162e-01
1.251692593097686768e+01 1.358291596174240112e+00 -8.227326484862658162e-01
1.250984585285186768e+01 1.477798432111740112e+00 -8.181702705565783162e-01
1.250276577472686768e+01 1.597061127424240112e+00 -8.136231514159533162e-01
1.249580776691436768e+01 1.716445893049240112e+00 -8.090760322753283162e-01
1.248872768878936768e+01 1.835098236799240112e+00 -8.045441719237658162e-01
1.248176968097686768e+01 1.953506439924240112e+00 -8.000275703612658162e-01
1.247481167316436768e+01 2.071914643049240112e+00 -7.955109687987658162e-01
1.246785366535186768e+01 2.189834564924240112e+00 -7.910096260253283162e-01
1.386287319660186768e+01 1.228652924299240112e+00 -8.277222725097033162e-01
1.386116421222686768e+01 1.361221283674240112e+00 -8.226716133300158162e-01
1.385152065753936768e+01 1.494155853986740112e+00 -8.176056953612658162e-01
1.384187710285186768e+01 1.627212494611740112e+00 -8.125245186034533162e-01
1.383223354816436768e+01 1.759536713361740112e+00 -8.074738594237658162e-01
1.382271206378936768e+01 1.891494721174240112e+00 -8.024384590331408162e-01
1.381306850910186768e+01 2.023452728986740112e+00 -7.974030586425158162e-01
1.379561245441436768e+01 2.154922455549240112e+00 -7.923981758300158162e-01
1.537776577472686768e+01 1.082534760236740112e+00 -8.266694160643908162e-01
1.534407436847686768e+01 1.233047455549240112e+00 -8.201996895018908162e-01
1.536140835285186768e+01 1.378799408674240112e+00 -8.157441230956408162e-01
1.537910854816436768e+01 1.525283783674240112e+00 -8.112732979003283162e-01
1.539668667316436768e+01 1.671401947736740112e+00 -8.068024727050158162e-01
1.541438686847686768e+01 1.817764252424240112e+00 -8.023469062987658162e-01
1.543208706378936768e+01 1.964736908674240112e+00 -7.978608223143908162e-01
1.544978725910186768e+01 2.111343353986740112e+00 -7.933747383300158162e-01
1.751057827472686768e+01 8.770904242992401123e-01 -8.336426826659533162e-01
1.750471889972686768e+01 1.046524018049240112e+00 -8.271729561034533162e-01
1.749068081378936768e+01 1.216445893049240112e+00 -8.208558174315783162e-01
1.755183804035186768e+01 1.381362885236740112e+00 -8.170868965331408162e-01
1.761311733722686768e+01 1.546890228986740112e+00 -8.133027168456408162e-01
1.767476284503936768e+01 1.713272064924240112e+00 -8.094880195800158162e-01
1.773701870441436768e+01 1.881240814924240112e+00 -8.056428047362658162e-01
1.778633511066436768e+01 2.050064057111740112e+00 -8.017823311034533162e-01
2.041389858722686768e+01 5.974273383617401123e-01 -8.439423652831408162e-01
2.039192593097686768e+01 7.975005805492401123e-01 -8.364808174315783162e-01
2.037007534503936768e+01 9.968414008617401123e-01 -8.290497871581408162e-01
2.034749233722686768e+01 1.196182221174240112e+00 -8.215882393065783162e-01
2.047249233722686768e+01 1.386001557111740112e+00 -8.184601875487658162e-01
2.060750210285186768e+01 1.577651947736740112e+00 -8.155305000487658162e-01
2.074458706378936768e+01 1.772354096174240112e+00 -8.125702949706408162e-01
2.088289272785186768e+01 1.968887299299240112e+00 -8.095795723143908162e-01
2.454976284503936768e+01 1.991119086742401123e-01 -8.597352119628283162e-01
2.466182339191436768e+01 4.292144477367401123e-01 -8.544251533690783162e-01
2.480220425128936768e+01 6.590728461742401123e-01 -8.491761299315783162e-01
2.491878139972686768e+01 8.938140571117401123e-01 -8.438050361815783162e-01
2.503596889972686768e+01 1.129775971174240112e+00 -8.384034248534533162e-01
2.520686733722686768e+01 1.365249603986740112e+00 -8.342225166503283162e-01
2.537996304035186768e+01 1.604751557111740112e+00 -8.305756660643908162e-01
2.569234097003936768e+01 1.842910736799240112e+00 -8.295075508300158162e-01
3.107613003253936768e+01 -4.293060600757598877e-01 -8.873841377440783162e-01
3.137239468097686768e+01 -1.496429741382598877e-01 -8.832490059081408162e-01
3.162886440753936768e+01 1.386871039867401123e-01 -8.781067939940783162e-01
3.198250210285186768e+01 4.264068305492401123e-01 -8.747346016112658162e-01
3.229549038410186768e+01 7.220611274242401123e-01 -8.703705879393908162e-01
3.251277554035186768e+01 1.027969330549240112e+00 -8.639313789550158162e-01
3.302803432941436768e+01 1.328140228986740112e+00 -8.630311104003283162e-01
3.358321011066436768e+01 1.636245697736740112e+00 -8.625886055175158162e-01
4.324007046222686768e+01 -1.600326567888259888e+00 -9.489686104003283162e-01
4.415120327472686768e+01 -1.251327544450759888e+00 -9.494416328612658162e-01
4.481880581378936768e+01 -8.663177788257598877e-01 -9.454590889159533162e-01
4.519148647785186768e+01 -4.473724663257598877e-01 -9.364106270018908162e-01
4.319063198566436768e+01 1.092681586742401123e-01 -8.910462471190783162e-01
4.128084194660186768e+01 6.213531196117401123e-01 -8.483826729003283162e-01
4.394417202472686768e+01 9.322662055492401123e-01 -8.735444160643908162e-01
4.413972866535186768e+01 1.358291596174240112e+00 -8.618867012206408162e-01
6.358687222003936768e+01 -3.560775786638259888e+00 -9.949891182128283162e-01
6.450618374347686768e+01 -3.008651763200759888e+00 -9.847046943847033162e-01
5.834004604816436768e+01 -1.900375396013259888e+00 -8.939301582518908162e-01
4.567158901691436768e+01 -4.858246147632598877e-01 -7.360779854003283162e-01
6.307698452472686768e+01 -1.009872466325759888e+00 -9.058014961425158162e-01
6.226094448566436768e+01 -3.493500053882598877e-01 -8.767335029784533162e-01
4.391572964191436768e+01 9.267730414867401123e-01 -6.737916084472033162e-01
4.379402554035186768e+01 1.360610932111740112e+00 -6.583191963378283162e-01
5.830830776691436768e+01 -1.906600981950759888e+00 -6.286866279784533162e-01
4.567146694660186768e+01 -4.925384819507598877e-01 -5.293824287597033162e-01
9.548530972003936768e+01 -2.837509185075759888e+00 -8.144929023925158162e-01
4.034407436847686768e+01 1.049209564924240112e+00 -4.563843818847033162e-01
4.402217495441436768e+01 1.348159760236740112e+00 -4.618928047362658162e-01
5.252168667316436768e+01 -2.513534575700759888e+00 -3.844391914550158162e-01
5.004292690753936768e+01 -1.779403716325759888e+00 -3.615357490722033162e-01
4.772468960285186768e+01 -1.107772856950759888e+00 -3.417603584472033162e-01
4.553914272785186768e+01 -4.904632866382598877e-01 -3.225037666503283162e-01
4.349080288410186768e+01 7.325741648674011230e-02 -3.049256416503283162e-01
4.157283413410186768e+01 5.894927680492401123e-01 -2.888428779784533162e-01
3.977937710285186768e+01 1.063735932111740112e+00 -2.731263252440783162e-01
3.810640347003936768e+01 1.497207611799240112e+00 -2.596833320800158162e-01
5.241756069660186768e+01 -2.511215239763259888e+00 -1.461121650878283162e-01
4.989571011066436768e+01 -1.774032622575759888e+00 -1.348816963378283162e-01
4.752974331378936768e+01 -1.099960356950759888e+00 -1.249024482909533162e-01
4.531648647785186768e+01 -4.825287163257598877e-01 -1.159913154784533162e-01
4.331135952472686768e+01 7.691952586174011230e-02 -1.079346748534533162e-01
4.142598354816436768e+01 5.901031196117401123e-01 -1.007630439940783162e-01
3.966621792316436768e+01 1.061904877424240112e+00 -9.429331743157831625e-02
3.802302944660186768e+01 1.493789643049240112e+00 -8.855601274407831625e-02
5.819783413410186768e+01 -1.924057036638259888e+00 1.664030937012341838e-01
5.860994350910186768e+01 -1.373886138200759888e+00 1.880095390137341838e-01
4.421858608722686768e+01 4.538726508617401123e-01 1.087248710449841838e-01
4.396187222003936768e+01 8.989410102367401123e-01 1.205504325684216838e-01
4.384773647785186768e+01 1.333023041486740112e+00 1.344359306152966838e-01
5.833528530597686768e+01 -1.943222075700759888e+00 4.336913017090466838e-01
4.401411831378936768e+01 8.903960883617401123e-01 3.206694511231091838e-01
4.381904995441436768e+01 1.327285736799240112e+00 3.317931083496716838e-01
5.818550503253936768e+01 -1.940292388200759888e+00 6.961119560059216838e-01
4.392488491535186768e+01 8.872222602367401123e-01 5.177061942871716838e-01
4.399470913410186768e+01 1.315933197736740112e+00 5.335905937012341838e-01
5.828425991535186768e+01 -1.956527739763259888e+00 9.637358573731091838e-01
4.387886440753936768e+01 8.823394477367401123e-01 7.159178642090466838e-01
4.404036343097686768e+01 1.308120697736740112e+00 7.329924491699841838e-01
5.832100307941436768e+01 -1.968002349138259888e+00 1.229254045849671684e+00
4.383382046222686768e+01 8.774566352367401123e-01 9.137175468262341838e-01
4.397700893878936768e+01 1.303237885236740112e+00 9.308989433106091838e-01
5.720882046222686768e+01 -2.457016021013259888e+00 1.444464006787171684e+00
5.846907436847686768e+01 -1.988143950700759888e+00 1.499853411084046684e+00
4.396138393878936768e+01 8.661040961742401123e-01 1.115438738232484184e+00
4.402974331378936768e+01 1.295181244611740112e+00 1.131887712841859184e+00
1.676240932941436768e+01 6.973159760236740112e+00 1.387380876904359184e+00
1.669270718097686768e+01 7.394424408674240112e+00 1.400869646435609184e+00
2.490436673164367676e+00 1.098963925242424011e+01 1.904119768505921684e+00
3.078937649726867676e+00 1.025782772898674011e+01 2.517980852490296684e+00
2.786213040351867676e+00 1.150575253367424011e+01 1.944540300732484184e+00
