1.023452979326248169e+01 -1.336196281015872955e+00 -9.337406595237496276e-01
1.025979834794998169e+01 -1.235854484140872955e+00 -9.299107034690621276e-01
1.028055030107498169e+01 -1.133925773203372955e+00 -9.260197122581246276e-01
1.030130225419998169e+01 -1.031997062265872955e+00 -9.221439798362496276e-01
1.032193213701248169e+01 -9.308007732033729553e-01 -9.182682474143746276e-01
1.034256201982498169e+01 -8.298486247658729553e-01 -9.144230325706246276e-01
1.036306983232498169e+01 -7.287744060158729553e-01 -9.105625589378121276e-01
1.037906104326248169e+01 -6.269677653908729553e-01 -9.066868265159371276e-01
1.112259131669998169e+01 -1.691420890390872955e+00 -9.456882913596871276e-01
1.117349463701248169e+01 -1.590834952890872955e+00 -9.433842142112496276e-01
1.120205909013748169e+01 -1.481459952890872955e+00 -9.393101175315621276e-01
1.122329932451248169e+01 -1.369277335703372955e+00 -9.350376565940621276e-01
1.124441748857498169e+01 -1.257827140390872955e+00 -9.307804544456246276e-01
1.126553565263748169e+01 -1.146743156015872955e+00 -9.265385110862496276e-01
1.128128272294998169e+01 -1.033828116953372955e+00 -9.222355325706246276e-01
1.130215674638748169e+01 -9.234765544533729553e-01 -9.180241067893746276e-01
1.218240576982498169e+01 -2.115493156015872955e+00 -9.594974954612496276e-01
1.222293311357498169e+01 -1.998671866953372955e+00 -9.559269388206246276e-01
1.226346045732498169e+01 -1.881850577890872955e+00 -9.523563821799996276e-01
1.230410987138748169e+01 -1.764663077890872955e+00 -9.487858255393746276e-01
1.234451514482498169e+01 -1.647841788828372955e+00 -9.452152688987496276e-01
1.236648780107498169e+01 -1.524794913828372955e+00 -9.405613382346871276e-01
1.236636573076248169e+01 -1.394423820078372955e+00 -9.345798929221871276e-01
1.236612159013748169e+01 -1.265395499765872955e+00 -9.286747415549996276e-01
1.345120459794998169e+01 -2.623183585703372955e+00 -9.750462015159371276e-01
1.350357276201248169e+01 -2.496352531015872955e+00 -9.711704690940621276e-01
1.354837256669998169e+01 -2.366591788828372955e+00 -9.672184427268746276e-01
1.359329444169998169e+01 -2.236342765390872955e+00 -9.632358987815621276e-01
1.363809424638748169e+01 -2.106582023203372955e+00 -9.592838724143746276e-01
1.368289405107498169e+01 -1.976821281015872955e+00 -9.553165872581246276e-01
1.372781592607498169e+01 -1.846694327890872955e+00 -9.513493021018746276e-01
1.376480323076248169e+01 -1.714614249765872955e+00 -9.473209817893746276e-01
1.504287940263748169e+01 -3.260146476328372955e+00 -9.945469339378121276e-01
1.509305030107498169e+01 -3.114150382578372955e+00 -9.900913675315621276e-01
1.514322119951248169e+01 -2.968154288828372955e+00 -9.856358011253121276e-01
1.519351416826248169e+01 -2.821791984140872955e+00 -9.811802347190621276e-01
1.524368506669998169e+01 -2.675917960703372955e+00 -9.767246683128121276e-01
1.528225928544998169e+01 -2.526137687265872955e+00 -9.717045267112496276e-01
1.530203467607498169e+01 -2.369887687265872955e+00 -9.657383401878121276e-01
1.532156592607498169e+01 -2.214858390390872955e+00 -9.598331888206246276e-01
1.707400733232498169e+01 -4.072890616953372955e+00 -1.019434018898749628e+00
1.714334326982498169e+01 -3.910903312265872955e+00 -1.014490171242499628e+00
1.720010596513748169e+01 -3.744155265390872955e+00 -1.009393735695624628e+00
1.725723487138748169e+01 -3.576796866953372955e+00 -1.004282041359687128e+00
1.731411963701248169e+01 -3.410048820078372955e+00 -9.992008646018746276e-01
1.737100440263748169e+01 -3.243422843515872955e+00 -9.941196878440621276e-01
1.742801123857498169e+01 -3.076308585703372955e+00 -9.890232522971871276e-01
1.747207862138748169e+01 -2.905776359140872955e+00 -9.838200052268746276e-01
2.004410010576248169e+01 -5.261123038828372955e+00 -1.063455625344062128e+00
2.011075049638748169e+01 -5.063979484140872955e+00 -1.057443662453437128e+00
2.017727881669998169e+01 -4.866957999765872955e+00 -1.051431699562812128e+00
2.024405127763748169e+01 -4.669326163828372955e+00 -1.045404477883124628e+00
2.031045752763748169e+01 -4.472426749765872955e+00 -1.039392514992499628e+00
2.037698584794998169e+01 -4.275649406015872955e+00 -1.033380552101874628e+00
2.044363623857498169e+01 -4.078261710703372955e+00 -1.027368589211249628e+00
2.051016455888748169e+01 -3.881606437265872955e+00 -1.021356626320624628e+00
2.393008643388748169e+01 -6.815932609140872955e+00 -1.112787290383124628e+00
2.394009619951248169e+01 -6.552260734140872955e+00 -1.103021665383124628e+00
2.417312842607498169e+01 -6.374160148203372955e+00 -1.100824399758124628e+00
2.437954932451248169e+01 -6.182143546640872955e+00 -1.098108335304999628e+00
2.446792823076248169e+01 -5.946425773203372955e+00 -1.091135068703437128e+00
2.446328955888748169e+01 -5.678847648203372955e+00 -1.080896421242499628e+00
2.450174170732498169e+01 -5.426650382578372955e+00 -1.072794004250312128e+00
2.461648780107498169e+01 -5.200820304453372955e+00 -1.066782041359687128e+00
2.665054541826248169e+01 -7.906264640390872955e+00 -1.085351987648749628e+00
2.800357276201248169e+01 -8.132460929453372955e+00 -1.117700620461249628e+00
3.002664405107498169e+01 -8.582290031015872955e+00 -1.170145078469062128e+00
3.070840674638748169e+01 -8.497207023203372955e+00 -1.179208799172187128e+00
3.074270850419998169e+01 -8.171279288828372955e+00 -1.167978330422187128e+00
3.084146338701248169e+01 -7.869033195078372955e+00 -1.158762021828437128e+00
3.094058448076248169e+01 -7.565932609140872955e+00 -1.149515195656562128e+00
3.103921729326248169e+01 -7.264052726328372955e+00 -1.140298887062812128e+00
3.763650733232498169e+01 -1.230104003101587296e+01 -1.258371396828437128e+00
3.863174659013748169e+01 -1.226222167164087296e+01 -1.270486875344062128e+00
3.940725928544998169e+01 -1.212098632007837296e+01 -1.276056333351874628e+00
3.292776709794998169e+01 -9.312636710703372955e+00 -1.090738340187812128e+00
3.687405616044998169e+01 -1.034718260914087296e+01 -1.180093808937812128e+00
3.972500830888748169e+01 -1.092042479664087296e+01 -1.238580747414374628e+00
4.214602881669998169e+01 -1.128895507007837296e+01 -1.284143491554999628e+00
4.201297217607498169e+01 -1.078944335132837296e+01 -1.264963193703437128e+00
4.796011573076248169e+01 -1.643421874195337296e+01 -1.306863828469062128e+00
5.096585303544998169e+01 -1.705763182789087296e+01 -1.355173154640937128e+00
5.416055518388748169e+01 -1.768751464039087296e+01 -1.405435605812812128e+00
3.289578467607498169e+01 -9.305678702890872955e+00 -9.317112405784371276e-01
6.165774756669998169e+01 -1.913343749195337296e+01 -1.522302671242499628e+00
4.073611670732498169e+01 -1.127308592945337296e+01 -1.069055600929999628e+00
4.852847510576248169e+01 -1.341407714039087296e+01 -1.211740537453437128e+00
6.446902686357498169e+01 -1.800367674976587296e+01 -1.510568662453437128e+00
6.749490576982498169e+01 -2.425465331226587296e+01 -1.415979429054999628e+00
7.181570655107498169e+01 -2.516480956226587296e+01 -1.465814634133124628e+00
7.847622901201248169e+01 -2.686402831226587296e+01 -1.552042051125312128e+00
3.289615088701248169e+01 -9.310439445078372955e+00 -7.743778665549996276e-01
4.073648291826248169e+01 -1.127906737476587296e+01 -8.748722513206246276e-01
4.852884131669998169e+01 -1.342115721851587296e+01 -9.806156595237496276e-01
9.260989600419998169e+01 -3.431361327320337296e+01 -1.400278135109687128e+00
3.289639502763748169e+01 -9.315322257578372955e+00 -6.170750101096871276e-01
3.595694190263748169e+01 -1.003785643726587296e+01 -6.405125101096871276e-01
4.017227393388748169e+01 -1.109107909351587296e+01 -6.745548685081246276e-01
4.709597998857498169e+01 -1.295204100757837296e+01 -7.331943948753121276e-01
2.631582862138748169e+01 -7.791274406015872955e+00 -4.401951272971871276e-01
2.808047705888748169e+01 -8.182265616953372955e+00 -4.446812112815621276e-01
3.016836768388748169e+01 -8.657119132578372955e+00 -4.503269632346871276e-01
3.267984229326248169e+01 -9.240737296640872955e+00 -4.574833353049996276e-01
3.560196143388748169e+01 -9.917006827890872955e+00 -4.657230813987496276e-01
3.961807471513748169e+01 -1.090650878101587296e+01 -4.787693460471871276e-01
4.609805518388748169e+01 -1.262708983570337296e+01 -5.033512552268746276e-01
2.620718604326248169e+01 -7.751479484140872955e+00 -3.126774271018746276e-01
2.801285010576248169e+01 -8.159926749765872955e+00 -3.097629983909371276e-01
3.017007666826248169e+01 -8.662124015390872955e+00 -3.058414896018746276e-01
8.353543311357498169e+01 -3.071888671070337296e+01 -5.779461460187462762e-02
8.349722510576248169e+01 -3.071571288257837296e+01 3.527736227028128724e-01
8.376577979326248169e+01 -3.083534178882837296e+01 7.644404928200003724e-01
9.031753760576248169e+01 -3.348792967945337296e+01 1.732595400046562872e+00
1.037918311357498169e+01 -6.266015544533729553e-01 -9.066715677268746276e-01
1.039029151201248169e+01 -5.236962810158729553e-01 -9.022922952659371276e-01
1.039053565263748169e+01 -4.178613200783729553e-01 -8.974400003440621276e-01
1.039090186357498169e+01 -3.122704997658729553e-01 -8.926029642112496276e-01
1.039114600419998169e+01 -2.075341716408729553e-01 -8.878117044456246276e-01
1.039151221513748169e+01 -1.035302653908729553e-01 -8.830509622581246276e-01
1.039175635576248169e+01 3.515705466270446777e-04 -8.782902200706246276e-01
1.038748389482498169e+01 1.044775471091270447e-01 -8.735294778831246276e-01
1.130227881669998169e+01 -9.231103435158729553e-01 -9.180241067893746276e-01
1.131717139482498169e+01 -8.111718669533729553e-01 -9.137516458518746276e-01
1.133743506669998169e+01 -7.013085857033729553e-01 -9.095554788596871276e-01
1.135232764482498169e+01 -5.896142497658729553e-01 -9.052982767112496276e-01
1.135061866044998169e+01 -4.740136638283729553e-01 -9.000492532737496276e-01
1.134805518388748169e+01 -3.589013591408729553e-01 -8.947697122581246276e-01
1.133987647294998169e+01 -2.426904216408729553e-01 -8.894596536643746276e-01
1.133731299638748169e+01 -1.290429607033729553e-01 -8.842564065940621276e-01
1.236599951982498169e+01 -1.264907218515872955e+00 -9.286594827659371276e-01
1.236465674638748169e+01 -1.136367179453372955e+00 -9.230137308128121276e-01
1.237722998857498169e+01 -1.012587882578372955e+00 -9.181919534690621276e-01
1.238968116044998169e+01 -8.889306560158729553e-01 -9.133854349143746276e-01
1.240213233232498169e+01 -7.661279216408729553e-01 -9.086094339378121276e-01
1.241446143388748169e+01 -6.438134685158729553e-01 -9.038334329612496276e-01
1.241763526201248169e+01 -5.190576091408729553e-01 -8.985691507346871276e-01
1.241189795732498169e+01 -3.932031169533729553e-01 -8.928471048362496276e-01
1.376492530107498169e+01 -1.714125968515872955e+00 -9.473057230003121276e-01
1.381106787919998169e+01 -1.584975577890872955e+00 -9.433536966331246276e-01
1.379776221513748169e+01 -1.437880851328372955e+00 -9.366245706565621276e-01
1.378457862138748169e+01 -1.291396476328372955e+00 -9.299259622581246276e-01
1.377151709794998169e+01 -1.146499015390872955e+00 -9.232883890159371276e-01
1.375857764482498169e+01 -1.002700187265872955e+00 -9.167118509299996276e-01
1.374563819169998169e+01 -8.596337810158729553e-01 -9.101505716331246276e-01
1.372439795732498169e+01 -7.159570232033729553e-01 -9.035740335471871276e-01
1.532132178544998169e+01 -2.214248038828372955e+00 -9.597874124534371276e-01
1.533340674638748169e+01 -2.057509757578372955e+00 -9.538059671409371276e-01
1.534549170732498169e+01 -1.901381827890872955e+00 -9.478550394065621276e-01
1.535745459794998169e+01 -1.745375968515872955e+00 -9.419041116721871276e-01
1.536941748857498169e+01 -1.590468741953372955e+00 -9.359837015159371276e-01
1.538138037919998169e+01 -1.436293937265872955e+00 -9.301090677268746276e-01
1.539334326982498169e+01 -1.282119132578372955e+00 -9.242344339378121276e-01
1.540518409013748169e+01 -1.129165031015872955e+00 -9.183903177268746276e-01
1.747232276201248169e+01 -2.905166007578372955e+00 -9.837894876487496276e-01
1.753433448076248169e+01 -2.740371085703372955e+00 -9.787693460471871276e-01
1.758023291826248169e+01 -2.570327140390872955e+00 -9.734592874534371276e-01
1.758889991044998169e+01 -2.389174796640872955e+00 -9.665470560081246276e-01
1.759744483232498169e+01 -2.209365226328372955e+00 -9.596806009299996276e-01
1.760598975419998169e+01 -2.030410148203372955e+00 -9.528599222190621276e-01
1.761465674638748169e+01 -1.851699210703372955e+00 -9.460392435081246276e-01
1.760952979326248169e+01 -1.671035148203372955e+00 -9.391422708518746276e-01
2.051028662919998169e+01 -3.880874015390872955e+00 -1.021341367531562128e+00
2.056888037919998169e+01 -3.681777335703372955e+00 -1.015268369484687128e+00
2.059781104326248169e+01 -3.473769523203372955e+00 -1.008050962258124628e+00
2.059976416826248169e+01 -3.257827140390872955e+00 -9.998112161643746276e-01
2.060171729326248169e+01 -3.043837882578372955e+00 -9.916477640159371276e-01
2.060354834794998169e+01 -2.830947257578372955e+00 -9.835148294456246276e-01
2.060550147294998169e+01 -2.618544913828372955e+00 -9.754124124534371276e-01
2.060733252763748169e+01 -2.407973624765872955e+00 -9.673710306174996276e-01
2.461685401201248169e+01 -5.199965812265872955e+00 -1.066766782570624628e+00
2.472000342607498169e+01 -4.969741202890872955e+00 -1.060525937844062128e+00
2.486062842607498169e+01 -4.750014640390872955e+00 -1.054895444679999628e+00
2.493960791826248169e+01 -4.509902335703372955e+00 -1.047739072609687128e+00
2.492776709794998169e+01 -4.245375968515872955e+00 -1.037653013039374628e+00
2.491592627763748169e+01 -3.982558585703372955e+00 -1.027627988625312128e+00
2.487637549638748169e+01 -3.713515616953372955e+00 -1.017358823586249628e+00
2.481485205888748169e+01 -3.442275382578372955e+00 -1.005899473000312128e+00
3.103933936357498169e+01 -7.262954093515872955e+00 -1.140253110695624628e+00
3.113015967607498169e+01 -6.958632804453372955e+00 -1.130960508156562128e+00
3.122110205888748169e+01 -6.654311515390872955e+00 -1.121683164406562128e+00
3.121695166826248169e+01 -6.321303702890872955e+00 -1.109643979836249628e+00
3.128213721513748169e+01 -6.010634757578372955e+00 -1.099664731789374628e+00
3.134732276201248169e+01 -5.700332023203372955e+00 -1.089700742531562128e+00
3.127957373857498169e+01 -5.355483390390872955e+00 -1.076105161476874628e+00
3.114102393388748169e+01 -4.997573234140872955e+00 -1.060770078469062128e+00
4.201187354326248169e+01 -1.078749022632837296e+01 -1.264871640969062128e+00
4.203103858232498169e+01 -1.034095702320337296e+01 -1.249658628273749628e+00
4.217373877763748169e+01 -9.933486320078372955e+00 -1.237482114601874628e+00
4.225125342607498169e+01 -9.505141593515872955e+00 -1.223703428078437128e+00
4.212613135576248169e+01 -9.022963859140872955e+00 -1.205301328469062128e+00
4.200235205888748169e+01 -8.546279288828372955e+00 -1.187112851906562128e+00
4.187930518388748169e+01 -8.073623038828372955e+00 -1.169061704445624628e+00
4.176748877763748169e+01 -7.610122062265872955e+00 -1.151483579445624628e+00
6.446512061357498169e+01 -1.800013671070337296e+01 -1.510416074562812128e+00
6.402823096513748169e+01 -1.716639647632837296e+01 -1.478586240578437128e+00
6.359878760576248169e+01 -1.634852538257837296e+01 -1.447366758156562128e+00
6.312088233232498169e+01 -1.552748046070337296e+01 -1.415597959328437128e+00
6.291226416826248169e+01 -1.479774413257837296e+01 -1.389322324562812128e+00
6.239981299638748169e+01 -1.399500975757837296e+01 -1.357858701515937128e+00
6.145572119951248169e+01 -1.309425292164087296e+01 -1.319162412453437128e+00
6.064969092607498169e+01 -1.225318846851587296e+01 -1.283731504250312128e+00
9.470901709794998169e+01 -2.669166503101587296e+01 -1.625055356789374628e+00
9.396023780107498169e+01 -2.544435057789087296e+01 -1.581460996437812128e+00
9.281704932451248169e+01 -2.410182128101587296e+01 -1.532922788429999628e+00
9.189785987138748169e+01 -2.285523924976587296e+01 -1.488534971047187128e+00
9.170205909013748169e+01 -2.182704100757837296e+01 -1.454584165383124628e+00
9.205130225419998169e+01 -2.094483885914087296e+01 -1.427881284523749628e+00
9.333584815263748169e+01 -2.029383788257837296e+01 -1.413019223976874628e+00
1.038736182451248169e+01 1.048437580466270447e-01 -8.734989603049996276e-01
1.038662940263748169e+01 2.073828205466270447e-01 -8.687992532737496276e-01
1.038125830888748169e+01 3.106543049216270447e-01 -8.640842874534371276e-01
1.037588721513748169e+01 4.136816486716270447e-01 -8.593693216331246276e-01
1.038431006669998169e+01 5.130468830466270447e-01 -8.555546243674996276e-01
1.039309912919998169e+01 6.120459064841270447e-01 -8.517704446799996276e-01
1.040188819169998169e+01 7.111670002341270447e-01 -8.479862649924996276e-01
1.040628272294998169e+01 8.105322346091270447e-01 -8.442020853049996276e-01
1.133719092607498169e+01 -1.285546794533729553e-01 -8.842258890159371276e-01
1.132852393388748169e+01 -1.417479664087295532e-02 -8.789921243674996276e-01
1.132547217607498169e+01 9.837403148412704468e-02 -8.738346536643746276e-01
1.131692725419998169e+01 2.120214924216270447e-01 -8.686314065940621276e-01
1.130838233232498169e+01 3.245703205466270447e-01 -8.634739358909371276e-01
1.130288916826248169e+01 4.358984455466270447e-01 -8.585300882346871276e-01
1.130606299638748169e+01 5.455175861716270447e-01 -8.543491800315621276e-01
1.131448584794998169e+01 6.534277424216270447e-01 -8.502293069846871276e-01
1.241177588701248169e+01 -3.928369060158729553e-01 -8.928165872581246276e-01
1.240054541826248169e+01 -2.663720622658729553e-01 -8.871250589378121276e-01
1.238943701982498169e+01 -1.407617107033729553e-01 -8.814487894065621276e-01
1.237820655107498169e+01 -1.551757007837295532e-02 -8.758030374534371276e-01
1.238565284013748169e+01 1.048437580466270447e-01 -8.711948831565621276e-01
1.239346534013748169e+01 2.248388752341270447e-01 -8.666172464378121276e-01
1.240127784013748169e+01 3.448339924216270447e-01 -8.620396097190621276e-01
1.240909034013748169e+01 4.640966877341270447e-01 -8.574924905784371276e-01
1.372415381669998169e+01 -7.153466716408729553e-01 -9.035435159690621276e-01
1.371438819169998169e+01 -5.755761638283729553e-01 -8.972111185081246276e-01
1.372110205888748169e+01 -4.402001872658729553e-01 -8.920383890159371276e-01
1.372769385576248169e+01 -3.047021403908729553e-01 -8.868656595237496276e-01
1.373428565263748169e+01 -1.701806560158729553e-01 -8.817387063987496276e-01
1.374087744951248169e+01 -3.602538257837295532e-02 -8.766270120628121276e-01
1.374746924638748169e+01 9.812989085912704468e-02 -8.715000589378121276e-01
1.374600440263748169e+01 2.327734455466270447e-01 -8.663578470237496276e-01
1.540518409013748169e+01 -1.128554679453372955e+00 -9.183750589378121276e-01
1.540957862138748169e+01 -9.743798747658729553e-01 -9.124851663596871276e-01
1.541409522294998169e+01 -8.206933513283729553e-01 -9.066257913596871276e-01
1.541848975419998169e+01 -6.671288982033729553e-01 -9.007664163596871276e-01
1.540774756669998169e+01 -5.113671794533729553e-01 -8.942661722190621276e-01
1.537881690263748169e+01 -3.531640544533729553e-01 -8.870182474143746276e-01
1.534817725419998169e+01 -1.952050700783729553e-01 -8.797245462424996276e-01
1.535171729326248169e+01 -4.505858570337295532e-02 -8.739719827659371276e-01
1.760952979326248169e+01 -1.670424796640872955e+00 -9.391117532737496276e-01
1.762356787919998169e+01 -1.495253898203372955e+00 -9.324284036643746276e-01
1.762417823076248169e+01 -1.317519523203372955e+00 -9.256535013206246276e-01
1.760098487138748169e+01 -1.134780265390872955e+00 -9.179325540549996276e-01
1.756582862138748169e+01 -9.515527263283729553e-01 -9.098148782737496276e-01
1.753091651201248169e+01 -7.697900310158729553e-01 -9.017582376487496276e-01
1.749612647294998169e+01 -5.888818278908729553e-01 -8.937321146018746276e-01
1.748489600419998169e+01 -4.140771403908729553e-01 -8.871098001487496276e-01
2.060721045732498169e+01 -2.407241202890872955e+00 -9.673405130393746276e-01
2.059256201982498169e+01 -2.193740226328372955e+00 -9.589939554221871276e-01
2.053860694169998169e+01 -1.972670890390872955e+00 -9.492741067893746276e-01
2.048489600419998169e+01 -1.752944327890872955e+00 -9.396152933128121276e-01
2.044278174638748169e+01 -1.538344718515872955e+00 -9.304752786643746276e-01
2.043777686357498169e+01 -1.332534171640872955e+00 -9.226627786643746276e-01
2.043277198076248169e+01 -1.126967765390872955e+00 -9.148502786643746276e-01
2.037124854326248169e+01 -9.133447185158729553e-01 -9.052067239768746276e-01
2.481375342607498169e+01 -3.441176749765872955e+00 -1.005838437844062128e+00
2.469619971513748169e+01 -3.159316398203372955e+00 -9.929295022971871276e-01
2.460989600419998169e+01 -2.887954093515872955e+00 -9.805088480003121276e-01
2.449502784013748169e+01 -2.612563468515872955e+00 -9.678898294456246276e-01
2.446597510576248169e+01 -2.358901359140872955e+00 -9.580173929221871276e-01
2.444607764482498169e+01 -2.108535148203372955e+00 -9.484653909690621276e-01
2.439956885576248169e+01 -1.854018546640872955e+00 -9.387455423362496276e-01
2.438003760576248169e+01 -1.606826163828372955e+00 -9.293156106956246276e-01
3.113992530107498169e+01 -4.996230460703372955e+00 -1.060709043312812128e+00
3.104422217607498169e+01 -4.652846671640872955e+00 -1.046808286476874628e+00
3.079959326982498169e+01 -4.279555656015872955e+00 -1.029153867531562128e+00
3.059317237138748169e+01 -3.919692374765872955e+00 -1.012674375344062128e+00
3.039114600419998169e+01 -3.567397452890872955e+00 -9.965458353049996276e-01
3.023660498857498169e+01 -3.229750968515872955e+00 -9.817753274924996276e-01
3.020352393388748169e+01 -2.917739249765872955e+00 -9.701328714378121276e-01
3.017080909013748169e+01 -2.608779288828372955e+00 -9.585972269065621276e-01
4.176431494951248169e+01 -7.607802726328372955e+00 -1.151376767922187128e+00
4.131643897294998169e+01 -7.069960929453372955e+00 -1.126733823586249628e+00
4.090884619951248169e+01 -6.552382804453372955e+00 -1.103342099953437128e+00
4.067276221513748169e+01 -6.080214835703372955e+00 -1.083841367531562128e+00
4.042398291826248169e+01 -5.613662101328372955e+00 -1.064371152687812128e+00
4.012552100419998169e+01 -5.144423820078372955e+00 -1.044122739601874628e+00
3.990237647294998169e+01 -4.695327140390872955e+00 -1.025598569679999628e+00
3.951077491044998169e+01 -4.224990226328372955e+00 -1.004053159523749628e+00
6.064505225419998169e+01 -1.224989257007837296e+01 -1.283578916359687128e+00
6.000735694169998169e+01 -1.146864257007837296e+01 -1.251581235695624628e+00
5.898941260576248169e+01 -1.061805663257837296e+01 -1.213800473976874628e+00
5.845681983232498169e+01 -9.893081046640872955e+00 -1.184640928078437128e+00
6.105191260576248169e+01 -9.820937491953372955e+00 -1.205820127297187128e+00
5.791568213701248169e+01 -8.589492179453372955e+00 -1.135995908547187128e+00
5.918326026201248169e+01 -8.229262687265872955e+00 -1.135446592140937128e+00
5.977029639482498169e+01 -7.729873038828372955e+00 -1.124033017922187128e+00
9.334317237138748169e+01 -2.029225096851587296e+01 -1.413019223976874628e+00
9.473086768388748169e+01 -1.964320311695337296e+01 -1.398233457375312128e+00
9.607486182451248169e+01 -1.895912108570337296e+01 -1.382120176125312128e+00
9.148379737138748169e+01 -1.697645507007837296e+01 -1.296365781594062128e+00
9.343557959794998169e+01 -1.643019042164087296e+01 -1.287530942726874628e+00
8.365567237138748169e+01 -1.357789549976587296e+01 -1.149545713234687128e+00
9.603811866044998169e+01 -1.498695311695337296e+01 -1.252466245461249628e+00
7.947867041826248169e+01 -1.114552245289087296e+01 -1.051034971047187128e+00
8.365408545732498169e+01 -1.358985839039087296e+01 -7.622166116721871276e-01
7.931595069169998169e+01 -1.112904296070337296e+01 -6.818638284690621276e-01
9.652749854326248169e+01 -1.908924803882837296e+01 -4.847507913596871276e-01
9.348868018388748169e+01 -1.646864257007837296e+01 -4.176273782737496276e-01
7.920242530107498169e+01 -1.192738280445337296e+01 -3.410129983909371276e-01
7.529251319169998169e+01 -1.044410643726587296e+01 -3.126621683128121276e-01
9.365933448076248169e+01 -1.651722655445337296e+01 1.688189907000037238e-02
7.966055518388748169e+01 -1.121229491382837296e+01 5.237384242937537238e-02
9.338833838701248169e+01 -1.647572264820337296e+01 4.519404928200003724e-01
7.940286475419998169e+01 -1.117933592945337296e+01 4.172420064918753724e-01
9.328982764482498169e+01 -1.646925292164087296e+01 8.842067281715628724e-01
9.453787451982498169e+01 -1.575306639820337296e+01 9.265040914528128724e-01
9.435183936357498169e+01 -1.767420897632837296e+01 1.311162904929375372e+00
9.291470557451248169e+01 -1.640626464039087296e+01 1.313146547507500372e+00
9.402566748857498169e+01 -1.566749510914087296e+01 1.357931093405937872e+00
7.920669776201248169e+01 -1.116883788257837296e+01 1.147283510398125372e+00
9.253543311357498169e+01 -1.729701171070337296e+01 1.711294130515312872e+00
9.194461280107498169e+01 -1.622120604664087296e+01 1.723394350241875372e+00
9.409732276201248169e+01 -1.569532714039087296e+01 1.794942812155937872e+00
7.842520362138748169e+01 -1.184278807789087296e+01 1.475805238913750372e+00
7.872061377763748169e+01 -1.109608397632837296e+01 1.503164247702812872e+00
9.439395362138748169e+01 -1.771107421070337296e+01 2.192144350241875372e+00
9.200076514482498169e+01 -1.624635253101587296e+01 2.153722719382500372e+00
7.955166846513748169e+01 -1.206190428882837296e+01 1.867849306296562872e+00
7.824429541826248169e+01 -1.102479491382837296e+01 1.854742006491875372e+00
1.040628272294998169e+01 8.108984455466270447e-01 -8.441868265159371276e-01
1.041397315263748169e+01 9.094091877341270447e-01 -8.404179056174996276e-01
1.041726905107498169e+01 1.008530281484127045e+00 -8.366489847190621276e-01
1.042056494951248169e+01 1.107651375234127045e+00 -8.328495462424996276e-01
1.042373877763748169e+01 1.206406258046627045e+00 -8.290958841331246276e-01
1.042703467607498169e+01 1.304917000234127045e+00 -8.253422220237496276e-01
1.043033057451248169e+01 1.403427742421627045e+00 -8.215733011253121276e-01
1.042923194169998169e+01 1.501938484609127045e+00 -8.178196390159371276e-01
1.131448584794998169e+01 6.537939533591270447e-01 -8.502140481956246276e-01
1.131704932451248169e+01 7.624365314841270447e-01 -8.460636575706246276e-01
1.132486182451248169e+01 8.701025471091270447e-01 -8.419590433128121276e-01
1.132742530107498169e+01 9.786230549216270447e-01 -8.378239114768746276e-01
1.132998877763748169e+01 1.086655281484127045e+00 -8.337040384299996276e-01
1.133243018388748169e+01 1.194321297109127045e+00 -8.295841653831246276e-01
1.132974463701248169e+01 1.302841804921627045e+00 -8.254490335471871276e-01
1.133230811357498169e+01 1.410019539296627045e+00 -8.213596780784371276e-01
1.240896826982498169e+01 4.644628986716270447e-01 -8.574772317893746276e-01
1.241043311357498169e+01 5.845800861716270447e-01 -8.528995950706246276e-01
1.241189795732498169e+01 7.042089924216270447e-01 -8.483219583518746276e-01
1.241336280107498169e+01 8.240820392966270447e-01 -8.437595804221871276e-01
1.241482764482498169e+01 9.432226642966270447e-01 -8.392124612815621276e-01
1.241629248857498169e+01 1.062119148671627045e+00 -8.346653421409371276e-01
1.241775733232498169e+01 1.181015633046627045e+00 -8.301334817893746276e-01
1.241910010576248169e+01 1.299301765859127045e+00 -8.256168802268746276e-01
1.374600440263748169e+01 2.332617267966270447e-01 -8.663425882346871276e-01
1.375369483232498169e+01 3.659521564841270447e-01 -8.612766702659371276e-01
1.375345069169998169e+01 4.996191486716270447e-01 -8.561802347190621276e-01
1.374978858232498169e+01 6.338964924216270447e-01 -8.509159524924996276e-01
1.372830420732498169e+01 7.696386799216270447e-01 -8.448734720237496276e-01
1.370694190263748169e+01 9.045263752341270447e-01 -8.388615091331246276e-01
1.368557959794998169e+01 1.039047859609127045e+00 -8.328648050315621276e-01
1.365774756669998169e+01 1.172958992421627045e+00 -8.269443948753121276e-01
1.535171729326248169e+01 -4.457030445337295532e-02 -8.739414651878121276e-01
1.534927588701248169e+01 1.061865314841270447e-01 -8.682041605003121276e-01
1.534695655107498169e+01 2.565771564841270447e-01 -8.624973733909371276e-01
1.534451514482498169e+01 4.068457111716270447e-01 -8.567753274924996276e-01
1.531729346513748169e+01 5.594336017966270447e-01 -8.500614603049996276e-01
1.528860694169998169e+01 7.112890705466270447e-01 -8.433323343284371276e-01
1.525992041826248169e+01 8.626562580466270447e-01 -8.366184671409371276e-01
1.523160010576248169e+01 1.012558601796627045e+00 -8.299808938987496276e-01
1.748501807451248169e+01 -4.134667888283729553e-01 -8.870945413596871276e-01
1.748990088701248169e+01 -2.420800700783729553e-01 -8.805180032737496276e-01
1.748416358232498169e+01 -6.947264820337295532e-02 -8.739872415549996276e-01
1.743789893388748169e+01 1.088720783591270447e-01 -8.659458597190621276e-01
1.738809424638748169e+01 2.857519611716270447e-01 -8.578434427268746276e-01
1.734964209794998169e+01 4.597021564841270447e-01 -8.501987894065621276e-01
1.734256201982498169e+01 6.295019611716270447e-01 -8.437290628440621276e-01
1.732254248857498169e+01 7.995459064841270447e-01 -8.372440774924996276e-01
2.037076026201248169e+01 -9.126122966408729553e-01 -9.051762063987496276e-01
2.029568701982498169e+01 -6.987451091408729553e-01 -8.953800638206246276e-01
2.022134619951248169e+01 -4.870751872658729553e-01 -8.856907327659371276e-01
2.014749366044998169e+01 -2.768701091408729553e-01 -8.760624368674996276e-01
2.007461768388748169e+01 -6.947264820337295532e-02 -8.665714700706246276e-01
2.000259619951248169e+01 1.357275471091270447e-01 -8.571720560081246276e-01
1.993094092607498169e+01 3.395849689841270447e-01 -8.478336771018746276e-01
1.996158057451248169e+01 5.305029377341270447e-01 -8.417606790549996276e-01
2.437954932451248169e+01 -1.605971671640872955e+00 -9.292698343284371276e-01
2.426919776201248169e+01 -1.345351554453372955e+00 -9.174900491721871276e-01
2.418081885576248169e+01 -1.091079093515872955e+00 -9.058475931174996276e-01
2.406546241044998169e+01 -8.346093669533729553e-01 -8.940983255393746276e-01
2.395401221513748169e+01 -5.824121013283729553e-01 -8.825931985862496276e-01
2.400515967607498169e+01 -3.527978435158729553e-01 -8.755894144065621276e-01
2.403164893388748169e+01 -1.192773357033729553e-01 -8.684635599143746276e-01
2.408291846513748169e+01 1.107031330466270447e-01 -8.614445169456246276e-01
3.017032080888748169e+01 -2.607680656015872955e+00 -9.585514505393746276e-01
3.004031592607498169e+01 -2.284682609140872955e+00 -9.448948343284371276e-01
2.987588721513748169e+01 -1.959975577890872955e+00 -9.305515726096871276e-01
2.968130713701248169e+01 -1.634047843515872955e+00 -9.156284769065621276e-01
2.971231299638748169e+01 -1.343642570078372955e+00 -9.060459573753121276e-01
2.999868994951248169e+01 -1.084365226328372955e+00 -9.021854837424996276e-01
3.017141944169998169e+01 -8.065331950783729553e-01 -8.956089456565621276e-01
3.035635596513748169e+01 -5.282128825783729553e-01 -8.892460306174996276e-01
3.950796729326248169e+01 -4.223037101328372955e+00 -1.003946348000312128e+00
3.912063819169998169e+01 -3.762832023203372955e+00 -9.828739603049996276e-01
3.915555030107498169e+01 -3.375747062265872955e+00 -9.700565774924996276e-01
3.945071631669998169e+01 -3.024550773203372955e+00 -9.620304544456246276e-01
4.018484717607498169e+01 -2.727675773203372955e+00 -9.618473489768746276e-01
4.056045752763748169e+01 -2.373427726328372955e+00 -9.548130472190621276e-01
4.115481787919998169e+01 -2.035659171640872955e+00 -9.513187845237496276e-01
4.165506201982498169e+01 -1.678847648203372955e+00 -9.458866556174996276e-01
5.977444678544998169e+01 -7.728530265390872955e+00 -1.124017759133124628e+00
6.038028174638748169e+01 -7.222182609140872955e+00 -1.112451597023749628e+00
6.099698096513748169e+01 -6.706801749765872955e+00 -1.100671811867499628e+00
6.311380225419998169e+01 -6.391494132578372955e+00 -1.109231992531562128e+00
6.105996924638748169e+01 -5.486953116953372955e+00 -1.060144468117499628e+00
5.807754737138748169e+01 -4.512587882578372955e+00 -1.000268979836249628e+00
6.239871436357498169e+01 -4.413710929453372955e+00 -1.036111875344062128e+00
6.131277686357498169e+01 -3.682143546640872955e+00 -1.001611753273749628e+00
7.947097998857498169e+01 -1.114137206226587296e+01 -1.050867124367499628e+00
7.981180030107498169e+01 -1.039063964039087296e+01 -1.027566953469062128e+00
6.806228858232498169e+01 -7.792495109140872955e+00 -8.885441263206246276e-01
8.195327979326248169e+01 -9.079604484140872955e+00 -9.938908060081246276e-01
6.677029639482498169e+01 -6.250014640390872955e+00 -8.316898782737496276e-01
9.144742041826248169e+01 -8.589980460703372955e+00 -1.020608945656562128e+00
9.231436377763748169e+01 -7.767714835703372955e+00 -9.973392923362496276e-01
9.379751807451248169e+01 -6.996352531015872955e+00 -9.785252054221871276e-01
7.931790381669998169e+01 -1.112672362476587296e+01 -6.817875345237496276e-01
7.976553565263748169e+01 -1.039491210132837296e+01 -6.580143411643746276e-01
6.806155616044998169e+01 -7.802504874765872955e+00 -5.761509378440621276e-01
8.195193701982498169e+01 -9.091567374765872955e+00 -6.176395853049996276e-01
6.694851905107498169e+01 -6.283583976328372955e+00 -5.268955667503121276e-01
7.526553565263748169e+01 -1.043678221851587296e+01 -3.125553567893746276e-01
7.152823096513748169e+01 -9.064956046640872955e+00 -2.860508401878121276e-01
6.797354346513748169e+01 -7.799208976328372955e+00 -2.621098001487496276e-01
6.455972510576248169e+01 -6.625624991953372955e+00 -2.404423196799996276e-01
6.134256201982498169e+01 -5.551650382578372955e+00 -2.210331399924996276e-01
5.830447608232498169e+01 -4.566298820078372955e+00 -2.036228616721871276e-01
5.542642432451248169e+01 -3.660048820078372955e+00 -1.880131204612496276e-01
5.272427588701248169e+01 -2.833266593515872955e+00 -1.741123636253121276e-01
7.942032080888748169e+01 -1.116786132007837296e+01 5.154986782000037238e-02
6.686075049638748169e+01 -6.291884757578372955e+00 8.698077602312537238e-02
7.926980811357498169e+01 -1.115357909351587296e+01 4.162044088356253724e-01
7.968582373857498169e+01 -1.041737303882837296e+01 4.444026510231253724e-01
6.701382666826248169e+01 -6.322158195078372955e+00 3.959712545387503724e-01
7.948391944169998169e+01 -1.120252928882837296e+01 7.861384908668753724e-01
6.687368994951248169e+01 -6.313491202890872955e+00 7.005366842262503724e-01
7.920486670732498169e+01 -1.116578612476587296e+01 1.147329286765312872e+00
7.959402686357498169e+01 -1.042604003101587296e+01 1.177892641257500372e+00
7.904995948076248169e+01 -9.537612296640872955e+00 1.191533998679375372e+00
6.692422705888748169e+01 -6.330214835703372955e+00 1.009008363913750372e+00
6.751443701982498169e+01 -5.732436515390872955e+00 1.039998964499687872e+00
7.823001319169998169e+01 -1.100794921070337296e+01 1.492254213523125372e+00
7.963540869951248169e+01 -1.044471678882837296e+01 1.546880678366875372e+00
7.892422705888748169e+01 -9.530043937265872955e+00 1.551717714499687872e+00
6.680179053544998169e+01 -6.323867179453372955e+00 1.312200502585625372e+00
6.802310401201248169e+01 -5.123183585703372955e+00 1.381719545554375372e+00
7.824698096513748169e+01 -1.102259764820337296e+01 1.854879335593437872e+00
7.959597998857498169e+01 -1.044996581226587296e+01 1.912069276999687872e+00
7.952969580888748169e+01 -9.634780265390872955e+00 1.932836488913750372e+00
6.798868018388748169e+01 -7.174941398203372955e+00 1.633581117820000372e+00
6.666617041826248169e+01 -6.315810538828372955e+00 1.615499452780937872e+00
6.839773780107498169e+01 -5.861342765390872955e+00 1.683507875632500372e+00
6.828238135576248169e+01 -5.162734366953372955e+00 1.699438051413750372e+00
1.042910987138748169e+01 1.502304695546627045e+00 -8.178043802268746276e-01
1.043130713701248169e+01 1.600327156484127045e+00 -8.140659769065621276e-01
1.042923194169998169e+01 1.698593758046627045e+00 -8.103123147971871276e-01
1.042703467607498169e+01 1.796982429921627045e+00 -8.065586526878121276e-01
1.042483741044998169e+01 1.894882820546627045e+00 -8.028202493674996276e-01
1.042264014482498169e+01 1.992539070546627045e+00 -7.990971048362496276e-01
1.042044287919998169e+01 2.090439461171627045e+00 -7.953587015159371276e-01
1.041397315263748169e+01 2.187973640859127045e+00 -7.916355569846871276e-01
1.133218604326248169e+01 1.410385750234127045e+00 -8.213444192893746276e-01
1.132901221513748169e+01 1.517929695546627045e+00 -8.172398050315621276e-01
1.133096534013748169e+01 1.624863289296627045e+00 -8.131657083518746276e-01
1.132766944169998169e+01 1.732407234609127045e+00 -8.090610940940621276e-01
1.132449561357498169e+01 1.839340828359127045e+00 -8.049717386253121276e-01
1.132119971513748169e+01 1.946152351796627045e+00 -8.008976419456246276e-01
1.131277686357498169e+01 2.053208015859127045e+00 -7.968082864768746276e-01
1.130948096513748169e+01 2.159531258046627045e+00 -7.927647073753121276e-01
1.241910010576248169e+01 1.299667976796627045e+00 -8.256016214378121276e-01
1.241421729326248169e+01 1.418320320546627045e+00 -8.210697610862496276e-01
1.240945655107498169e+01 1.536606453359127045e+00 -8.165531595237496276e-01
1.240481787919998169e+01 1.655136726796627045e+00 -8.120365579612496276e-01
1.240005713701248169e+01 1.772934578359127045e+00 -8.075504739768746276e-01
1.239529639482498169e+01 1.890488289296627045e+00 -8.030643899924996276e-01
1.239065772294998169e+01 2.008286140859127045e+00 -7.985630472190621276e-01
1.238589698076248169e+01 2.125351570546627045e+00 -7.941074808128121276e-01
1.365750342607498169e+01 1.173447273671627045e+00 -8.269138772971871276e-01
1.363760596513748169e+01 1.305771492421627045e+00 -8.210087259299996276e-01
1.361770850419998169e+01 1.437607429921627045e+00 -8.154392679221871276e-01
1.363223487138748169e+01 1.566879890859127045e+00 -8.113804300315621276e-01
1.364676123857498169e+01 1.695908211171627045e+00 -8.073368509299996276e-01
1.366128760576248169e+01 1.824936531484127045e+00 -8.032932718284371276e-01
1.367593604326248169e+01 1.954575203359127045e+00 -7.992191751487496276e-01
1.368387061357498169e+01 2.084091804921627045e+00 -7.952061136253121276e-01
1.523135596513748169e+01 1.013046883046627045e+00 -8.299503763206246276e-01
1.519717627763748169e+01 1.162583015859127045e+00 -8.233585794456246276e-01
1.518594580888748169e+01 1.309311531484127045e+00 -8.177128274924996276e-01
1.519217139482498169e+01 1.454941414296627045e+00 -8.127384622581246276e-01
1.524209815263748169e+01 1.597397468984127045e+00 -8.094883401878121276e-01
1.529226905107498169e+01 1.740585945546627045e+00 -8.062077005393746276e-01
1.532303076982498169e+01 1.885849617421627045e+00 -8.021488626487496276e-01
1.534903174638748169e+01 2.031235359609127045e+00 -7.979069192893746276e-01
1.732242041826248169e+01 8.000341877341270447e-01 -8.372135599143746276e-01
1.732083350419998169e+01 9.676367267966270447e-01 -8.308201272971871276e-01
1.730630713701248169e+01 1.135971687734127045e+00 -8.243961771018746276e-01
1.729178076982498169e+01 1.304306648671627045e+00 -8.179722269065621276e-01
1.731521826982498169e+01 1.469345711171627045e+00 -8.128910501487496276e-01
1.741678076982498169e+01 1.630600593984127045e+00 -8.104343851096871276e-01
1.751980811357498169e+01 1.794296883046627045e+00 -8.079319437034371276e-01
1.761087256669998169e+01 1.959458015859127045e+00 -8.054142435081246276e-01
1.996219092607498169e+01 5.309912189841270447e-01 -8.417606790549996276e-01
2.004336768388748169e+01 7.176367267966270447e-01 -8.374271829612496276e-01
2.012698584794998169e+01 9.052587971091270447e-01 -8.331394632346871276e-01
2.021145850419998169e+01 1.094956062734127045e+00 -8.288059671409371276e-01
2.029629737138748169e+01 1.285507820546627045e+00 -8.244419534690621276e-01
2.038174659013748169e+01 1.477402351796627045e+00 -8.200474222190621276e-01
2.046817237138748169e+01 1.671250008046627045e+00 -8.156223733909371276e-01
2.057303076982498169e+01 1.865463875234127045e+00 -8.116856058128121276e-01
2.408304053544998169e+01 1.115576252341270447e-01 -8.614139993674996276e-01
2.412625342607498169e+01 3.428808674216270447e-01 -8.543644388206246276e-01
2.429300147294998169e+01 5.646826252341270447e-01 -8.498630960471871276e-01
2.448489600419998169e+01 7.886816486716270447e-01 -8.464603860862496276e-01
2.467898780107498169e+01 1.015244148671627045e+00 -8.430118997581246276e-01
2.487600928544998169e+01 1.245102547109127045e+00 -8.395023782737496276e-01
2.505142432451248169e+01 1.480454109609127045e+00 -8.359165628440621276e-01
2.525418311357498169e+01 1.717270515859127045e+00 -8.323154886253121276e-01
3.035745459794998169e+01 -5.273583903908729553e-01 -8.892460306174996276e-01
3.053689795732498169e+01 -2.453759685158729553e-01 -8.827915628440621276e-01
3.095279151201248169e+01 2.049317210912704468e-02 -8.812046487815621276e-01
3.125918799638748169e+01 3.032080158591270447e-01 -8.770542581565621276e-01
3.149197608232498169e+01 5.950781330466270447e-01 -8.712254007346871276e-01
3.180520850419998169e+01 8.870703205466270447e-01 -8.668766458518746276e-01
3.233230811357498169e+01 1.177231453359127045e+00 -8.664799173362496276e-01
3.287491065263748169e+01 1.475937508046627045e+00 -8.660679300315621276e-01
4.165811377763748169e+01 -1.677749015390872955e+00 -9.458866556174996276e-01
4.233389502763748169e+01 -1.327773429453372955e+00 -9.431553323753121276e-01
4.318936377763748169e+01 -9.793847575783729553e-01 -9.429417093284371276e-01
4.373111182451248169e+01 -5.904687419533729553e-01 -9.370518167503121276e-01
4.347976905107498169e+01 -1.443017497658729553e-01 -9.183750589378121276e-01
4.157010108232498169e+01 3.814550861716270447e-01 -8.743381937034371276e-01
3.975821143388748169e+01 8.658300861716270447e-01 -8.330631692893746276e-01
4.252920752763748169e+01 1.168564461171627045e+00 -8.605442483909371276e-01
6.130667334794998169e+01 -3.679457999765872955e+00 -1.001459165383124628e+00
6.153909522294998169e+01 -3.091689445078372955e+00 -9.836674173362496276e-01
5.698355323076248169e+01 -2.109877921640872955e+00 -9.092045267112496276e-01
5.685647803544998169e+01 -1.534804679453372955e+00 -8.885899026878121276e-01
4.429764014482498169e+01 -2.010644450783729553e-01 -7.297916849143746276e-01
6.081302100419998169e+01 -6.148828044533729553e-01 -8.932438333518746276e-01
5.999490576982498169e+01 2.122559398412704468e-02 -8.642979105003121276e-01
4.241043311357498169e+01 1.165756843984127045e+00 -6.664371927268746276e-01
9.380838233232498169e+01 -6.994277335703372955e+00 -9.785099466331246276e-01
9.665799170732498169e+01 -6.320082999765872955e+00 -9.686222513206246276e-01
5.678653174638748169e+01 -2.102309562265872955e+00 -6.488438089378121276e-01
5.681106787919998169e+01 -1.540053702890872955e+00 -6.300907571799996276e-01
4.429739600419998169e+01 -2.077783122658729553e-01 -5.294437845237496276e-01
9.330984717607498169e+01 -2.300917960703372955e+00 -8.187962015159371276e-01
9.081363135576248169e+01 -1.269790031015872955e+00 -7.730503519065621276e-01
4.247464209794998169e+01 1.157333992421627045e+00 -4.754887063987496276e-01
4.592910987138748169e+01 -7.679589763283729553e-01 -3.473301370628121276e-01
4.386270362138748169e+01 -1.876367107033729553e-01 -3.282566507346871276e-01
4.192764502763748169e+01 3.441015705466270447e-01 -3.107853372581246276e-01
4.009866553544998169e+01 8.334814533591270447e-01 -2.937412698753121276e-01
3.841031104326248169e+01 1.280014656484127045e+00 -2.791233499534371276e-01
5.270633155107498169e+01 -2.829726554453372955e+00 -1.740665872581246276e-01
5.017495948076248169e+01 -2.074233390390872955e+00 -1.610966165549996276e-01
4.786282569169998169e+01 -1.388198234140872955e+00 -1.493931253440621276e-01
4.568972998857498169e+01 -7.577050700783729553e-01 -1.388493021018746276e-01
4.366128760576248169e+01 -1.817773357033729553e-01 -1.294193704612496276e-01
4.176651221513748169e+01 3.460546955466270447e-01 -1.209507425315621276e-01
3.997220069169998169e+01 8.327490314841270447e-01 -1.133671243674996276e-01
3.831167823076248169e+01 1.277329109609127045e+00 -1.065311868674996276e-01
5.702835303544998169e+01 -2.147841788828372955e+00 1.280726949684378724e-01
5.703396826982498169e+01 -1.581801749765872955e+00 1.465968648903128724e-01
5.731643897294998169e+01 -1.035659171640872955e+00 1.670436422340628724e-01
4.254678565263748169e+01 1.135605476796627045e+00 1.018428365700003724e-01
5.678116065263748169e+01 -1.572280265390872955e+00 4.039516012184378724e-01
4.258230811357498169e+01 1.128037117421627045e+00 2.941493551246878724e-01
5.723575049638748169e+01 -2.182143546640872955e+00 6.507930318825003724e-01
5.682742530107498169e+01 -1.584121085703372955e+00 6.624049703590628724e-01
4.255569678544998169e+01 1.122421883046627045e+00 4.867000143043753724e-01
5.702737647294998169e+01 -2.173598624765872955e+00 9.078578512184378724e-01
5.689834815263748169e+01 -1.597915031015872955e+00 9.231318990700003724e-01
4.244656592607498169e+01 1.119492195546627045e+00 6.761531393043753724e-01
5.713101416826248169e+01 -1.623427726328372955e+00 1.187231020163750372e+00
4.255911475419998169e+01 1.109360359609127045e+00 8.715114156715628724e-01
5.598855811357498169e+01 -2.659316398203372955e+00 1.379064516257500372e+00
5.698599463701248169e+01 -2.187270499765872955e+00 1.425893739890312872e+00
5.705301123857498169e+01 -1.626357413828372955e+00 1.445501283835625372e+00
5.719461280107498169e+01 -1.071425773203372955e+00 1.467321352195000372e+00
4.256265479326248169e+01 1.102768562734127045e+00 1.064474062155937872e+00
