1.049305373430252075e+01 -1.302430525422096252e+00 -9.289012550376298805e-01
1.053236037492752075e+01 -1.205140486359596252e+00 -9.259257911704423805e-01
1.056727248430252075e+01 -1.106141462922096252e+00 -9.229045509360673805e-01
1.060230666399002075e+01 -1.006654158234596252e+00 -9.198680519126298805e-01
1.062488967180252075e+01 -9.035047441720962524e-01 -9.160228370688798805e-01
1.064588576555252075e+01 -7.999891191720962524e-01 -9.120708107016923805e-01
1.066688185930252075e+01 -6.963514238595962524e-01 -9.081187843345048805e-01
1.068311721086502075e+01 -5.919813066720962524e-01 -9.041362403891923805e-01
1.140833693742752075e+01 -1.656922712922096252e+00 -9.397502540610673805e-01
1.144654494524002075e+01 -1.548646345734596252e+00 -9.364390968345048805e-01
1.149000197649002075e+01 -1.442445173859596252e+00 -9.332042335532548805e-01
1.152833205461502075e+01 -1.333802595734596252e+00 -9.298930763266923805e-01
1.156654006242752075e+01 -1.225526228547096252e+00 -9.265819191001298805e-01
1.160462599992752075e+01 -1.117249861359596252e+00 -9.232707618735673805e-01
1.163758498430252075e+01 -1.006776228547096252e+00 -9.199138282798173805e-01
1.166077834367752075e+01 -8.939832597970962524e-01 -9.156871437095048805e-01
1.264796096086502075e+01 -2.136659041047096252e+00 -9.610057472251298805e-01
1.270985060930252075e+01 -2.023255720734596252e+00 -9.584727882407548805e-01
1.273987990617752075e+01 -1.897767439484596252e+00 -9.540477394126298805e-01
1.276209670305252075e+01 -1.769471541047096252e+00 -9.491496681235673805e-01
1.278419142961502075e+01 -1.641908064484596252e+00 -9.442821144126298805e-01
1.280616408586502075e+01 -1.514832869172096252e+00 -9.394298194907548805e-01
1.282825881242752075e+01 -1.387635603547096252e+00 -9.345775245688798805e-01
1.285010939836502075e+01 -1.261414900422096252e+00 -9.297557472251298805e-01
1.392383986711502075e+01 -2.630799666047096252e+00 -9.723735450766923805e-01
1.400074416399002075e+01 -2.508485212922096252e+00 -9.695811866782548805e-01
1.407032424211502075e+01 -2.382752791047096252e+00 -9.666972755454423805e-01
1.414051467180252075e+01 -2.256287947297096252e+00 -9.637981056235673805e-01
1.421058303117752075e+01 -2.129701033234596252e+00 -9.608989357016923805e-01
1.428089553117752075e+01 -2.002747908234596252e+00 -9.579997657798173805e-01
1.430543166399002075e+01 -1.860169783234596252e+00 -9.526591896079423805e-01
1.431849318742752075e+01 -1.715028181672096252e+00 -9.471202491782548805e-01
1.569788771867752075e+01 -3.317689314484596252e+00 -9.957957862876298805e-01
1.579053908586502075e+01 -3.180970564484596252e+00 -9.931254982016923805e-01
1.586939650774002075e+01 -3.038514509797096252e+00 -9.897227882407548805e-01
1.592347365617752075e+01 -2.886048689484596252e+00 -9.850688575766923805e-01
1.597730666399002075e+01 -2.734071150422096252e+00 -9.804454444907548805e-01
1.603126174211502075e+01 -2.582093611359596252e+00 -9.758067726157548805e-01
1.608533889055252075e+01 -2.429505720734596252e+00 -9.711528419516923805e-01
1.613917189836502075e+01 -2.277528181672096252e+00 -9.665141700766923805e-01
1.803736525774002075e+01 -4.223328962922096252e+00 -1.027701914217317380e+00
1.807056838274002075e+01 -4.037904158234596252e+00 -1.020637094881379880e+00
1.812330275774002075e+01 -3.860047712922096252e+00 -1.014899790193879880e+00
1.818555861711502075e+01 -3.684998884797096252e+00 -1.009559214022004880e+00
1.824744826555252075e+01 -3.510560408234596252e+00 -1.004233896639192380e+00
1.830945998430252075e+01 -3.336121931672096252e+00 -9.989085792563798805e-01
1.837171584367752075e+01 -3.160951033234596252e+00 -9.935680030845048805e-01
1.841602736711502075e+01 -2.981019392609596252e+00 -9.879527687095048805e-01
2.126514846086502075e+01 -5.473084822297096252e+00 -1.071906626131379880e+00
2.128199416399002075e+01 -5.244569197297096252e+00 -1.063315927889192380e+00
2.129871779680252075e+01 -5.017274275422096252e+00 -1.054771006014192380e+00
2.139307814836502075e+01 -4.817811384797096252e+00 -1.049262583162629880e+00
2.149403029680252075e+01 -4.620789900422096252e+00 -1.044013559725129880e+00
2.159534865617752075e+01 -4.423402205109596252e+00 -1.038764536287629880e+00
2.169727736711502075e+01 -4.224671736359596252e+00 -1.033484995272004880e+00
2.178248244524002075e+01 -4.021058455109596252e+00 -1.027579843904817380e+00
2.561304885149002075e+01 -7.156556501984596252e+00 -1.124457895662629880e+00
2.566016799211502075e+01 -6.889832869172096252e+00 -1.115317881014192380e+00
2.577784377336502075e+01 -6.649720564484596252e+00 -1.107993662264192380e+00
2.586793166399002075e+01 -6.398255720734596252e+00 -1.100318491365754880e+00
2.595777541399002075e+01 -6.147645369172096252e+00 -1.092658579256379880e+00
2.604761916399002075e+01 -5.896912947297096252e+00 -1.085013925936067380e+00
2.610914260149002075e+01 -5.636170759797096252e+00 -1.077048838045442380e+00
2.619886428117752075e+01 -5.385560408234596252e+00 -1.069404184725129880e+00
2.777759963274002075e+01 -7.997254744172096252e+00 -1.067100107576692380e+00
2.915552932024002075e+01 -8.205262556672096252e+00 -1.097190439607942380e+00
3.126539260149002075e+01 -8.650575056672096252e+00 -1.147910654451692380e+00
3.348328810930252075e+01 -9.087586775422096252e+00 -1.200080454256379880e+00
3.348267775774002075e+01 -8.721131697297096252e+00 -1.186729013826692380e+00
3.360352736711502075e+01 -8.397157087922096252e+00 -1.176902353670442380e+00
3.372120314836502075e+01 -8.070985212922096252e+00 -1.166938364412629880e+00
3.383875685930252075e+01 -7.745789900422096252e+00 -1.157020151522004880e+00
2.777784377336502075e+01 -8.001405134797096252e+00 -9.339061378501298805e-01
4.178077346086502075e+01 -1.294891490042209625e+01 -1.274863779451692380e+00
4.449757033586502075e+01 -1.347271861135959625e+01 -1.325782358553254880e+00
4.573096877336502075e+01 -1.341351450979709625e+01 -1.338523447420442380e+00
3.828992873430252075e+01 -1.036834849417209625e+01 -1.142829477693879880e+00
4.233021193742752075e+01 -1.128680552542209625e+01 -1.223426401522004880e+00
4.717689162492752075e+01 -1.237506236135959625e+01 -1.319648325350129880e+00
4.693128615617752075e+01 -1.179083384573459625e+01 -1.296287119295442380e+00
2.777808791399002075e+01 -8.005555525422096252e+00 -8.000255226157548805e-01
5.787220412492752075e+01 -1.899823130667209625e+01 -1.397544443514192380e+00
6.175013381242752075e+01 -1.976312388479709625e+01 -1.452781259920442380e+00
6.934156447649002075e+01 -2.175360240042209625e+01 -1.577369272615754880e+00
3.829029494524002075e+01 -1.037408579885959625e+01 -9.596019386313798805e-01
4.351661330461502075e+01 -1.168536509573459625e+01 -1.043403208162629880e+00
5.647559767961502075e+01 -1.535443247854709625e+01 -1.265159189607942380e+00
7.408143264055252075e+01 -2.017962779104709625e+01 -1.561103403475129880e+00
2.777845412492752075e+01 -8.009705916047096252e+00 -6.668468116782548805e-01
9.027320510149002075e+01 -3.117962779104709625e+01 -1.613410532381379880e+00
3.829053908586502075e+01 -1.037982310354709625e+01 -7.773662208579423805e-01
4.351685744524002075e+01 -1.169183482229709625e+01 -8.365703224204423805e-01
5.647571974992752075e+01 -1.536285533010959625e+01 -9.967113136313798805e-01
2.735340529680252075e+01 -7.849183455109596252e+00 -5.284190773032548805e-01
2.917908889055252075e+01 -8.231141462922096252e+00 -5.381389259360673805e-01
3.133716994524002075e+01 -8.695008650422096252e+00 -5.508037208579423805e-01
3.396937209367752075e+01 -9.278870955109596252e+00 -5.658794044516923805e-01
3.731959182024002075e+01 -1.005328501760959625e+01 -5.860362648032548805e-01
4.201551467180252075e+01 -1.120123423635959625e+01 -6.161723732016923805e-01
5.141273146867752075e+01 -1.375128306448459625e+01 -6.828685401938798805e-01
2.737195998430252075e+01 -7.860291853547096252e+00 -3.974681495688798805e-01
2.916285353899002075e+01 -8.229188337922096252e+00 -3.985210060141923805e-01
3.126380568742752075e+01 -8.672913923859596252e+00 -4.000468849204423805e-01
3.381470900774002075e+01 -9.229188337922096252e+00 -4.024272560141923805e-01
3.720374709367752075e+01 -1.001910533010959625e+01 -4.070506691001298805e-01
4.255726271867752075e+01 -1.138690318167209625e+01 -4.178233741782548805e-01
2.737488967180252075e+01 -7.865418806672096252e+00 -2.656322120688798805e-01
8.471229201555252075e+01 -3.009857310354709625e+01 9.633678207174511954e-02
1.068323928117752075e+01 -5.916150957345962524e-01 -9.041209816001298805e-01
1.070301467180252075e+01 -4.885877519845962524e-01 -9.001994728110673805e-01
1.071790724992752075e+01 -3.843397051095962524e-01 -8.962169288657548805e-01
1.073292189836502075e+01 -2.799695879220962524e-01 -8.922343849204423805e-01
1.074769240617752075e+01 -1.763318926095962524e-01 -8.882823585532548805e-01
1.076258498430252075e+01 -7.281626760959625244e-02 -8.843303321860673805e-01
1.077369338274002075e+01 3.167591989040374756e-02 -8.801494239829423805e-01
1.076844435930252075e+01 1.392198652029037476e-01 -8.752208351157548805e-01
1.166114455461502075e+01 -8.937391191720962524e-01 -9.157024024985673805e-01
1.167628127336502075e+01 -7.786268144845962524e-01 -9.113078712485673805e-01
1.169703322649002075e+01 -6.655897051095962524e-01 -9.069896339438798805e-01
1.171216994524002075e+01 -5.507215410470962524e-01 -9.026103614829423805e-01
1.172706252336502075e+01 -4.365857988595962524e-01 -8.982463478110673805e-01
1.174024611711502075e+01 -3.222059160470962524e-01 -8.938060401938798805e-01
1.174818068742752075e+01 -2.066053301095962524e-01 -8.893352149985673805e-01
1.176112014055252075e+01 -9.295786917209625244e-02 -8.848949073813798805e-01
1.285023146867752075e+01 -1.260926619172096252e+00 -9.297557472251298805e-01
1.286524611711502075e+01 -1.132996931672096252e+00 -9.248729347251298805e-01
1.288013869524002075e+01 -1.005311384797096252e+00 -9.200053810141923805e-01
1.287391310930252075e+01 -8.718885332345962524e-01 -9.139629005454423805e-01
1.286597853899002075e+01 -7.391981035470962524e-01 -9.078899024985673805e-01
1.285804396867752075e+01 -6.074842363595962524e-01 -9.018626808188798805e-01
1.285010939836502075e+01 -4.761365801095962524e-01 -8.958507179282548805e-01
1.284241896867752075e+01 -3.461316972970962524e-01 -8.898997901938798805e-01
1.431873732805252075e+01 -1.714539900422096252e+00 -9.471202491782548805e-01
1.434180861711502075e+01 -1.573060408234596252e+00 -9.417186378501298805e-01
1.435596877336502075e+01 -1.429261580109596252e+00 -9.362254737876298805e-01
1.437025099992752075e+01 -1.285462751984596252e+00 -9.307475685141923805e-01
1.438441115617752075e+01 -1.142640486359596252e+00 -9.253001808188798805e-01
1.439844924211502075e+01 -1.000428572297096252e+00 -9.198680519126298805e-01
1.438477736711502075e+01 -8.512586504220962524e-01 -9.130778907798173805e-01
1.436109572649002075e+01 -7.014783769845962524e-01 -9.062114357016923805e-01
1.613966017961502075e+01 -2.277039900422096252e+00 -9.665141700766923805e-01
1.618592482805252075e+01 -2.122620955109596252e+00 -9.617992042563798805e-01
1.621912795305252075e+01 -1.964417830109596252e+00 -9.564891456626298805e-01
1.619361525774002075e+01 -1.789613142609596252e+00 -9.484782814048173805e-01
1.616834670305252075e+01 -1.616883650422096252e+00 -9.405742286704423805e-01
1.614344435930252075e+01 -1.445619001984596252e+00 -9.327312110923173805e-01
1.611854201555252075e+01 -1.275330916047096252e+00 -9.249339698813798805e-01
1.609388381242752075e+01 -1.106995955109596252e+00 -9.172282814048173805e-01
1.841614943742752075e+01 -2.980409041047096252e+00 -9.879375099204423805e-01
1.844031935930252075e+01 -2.794740095734596252e+00 -9.808421730063798805e-01
1.844935256242752075e+01 -2.605164900422096252e+00 -9.736247657798173805e-01
1.845850783586502075e+01 -2.415833845734596252e+00 -9.663920997641923805e-01
1.846741896867752075e+01 -2.227967634797096252e+00 -9.592204689048173805e-01
1.847633010149002075e+01 -2.040955916047096252e+00 -9.520946144126298805e-01
1.848524123430252075e+01 -1.854066267609596252e+00 -9.449687599204423805e-01
1.847913771867752075e+01 -1.665223494172096252e+00 -9.377513526938798805e-01
2.178297072649002075e+01 -4.020326033234596252e+00 -1.027564585115754880e+00
2.179151564836502075e+01 -3.793397322297096252e+00 -1.019080698397004880e+00
2.179359084367752075e+01 -3.565614119172096252e+00 -1.010383188631379880e+00
2.179554396867752075e+01 -3.338319197297096252e+00 -1.001716196443879880e+00
2.179749709367752075e+01 -3.112855330109596252e+00 -9.931102394126298805e-01
2.179945021867752075e+01 -2.888734236359596252e+00 -9.845653175376298805e-01
2.180140334367752075e+01 -2.664857283234596252e+00 -9.760203956626298805e-01
2.180335646867752075e+01 -2.442933455109596252e+00 -9.675517677329423805e-01
2.620008498430252075e+01 -5.384950056672096252e+00 -1.069404184725129880e+00
2.628052932024002075e+01 -5.131410017609596252e+00 -1.061667978670442380e+00
2.638990432024002075e+01 -4.885926619172096252e+00 -1.054175913240754880e+00
2.647083693742752075e+01 -4.630799666047096252e+00 -1.046393930818879880e+00
2.655164748430252075e+01 -4.376405134797096252e+00 -1.038627207186067380e+00
2.663245803117752075e+01 -4.121644392609596252e+00 -1.030845224764192380e+00
2.657081252336502075e+01 -3.830994978547096252e+00 -1.019416391756379880e+00
2.644654494524002075e+01 -3.529481306672096252e+00 -1.005607187654817380e+00
3.383973342180252075e+01 -7.744813337922096252e+00 -1.157004892732942380e+00
3.394813185930252075e+01 -7.416566267609596252e+00 -1.146995127107942380e+00
3.405665236711502075e+01 -7.087952986359596252e+00 -1.136970102693879880e+00
3.404432326555252075e+01 -6.724427595734596252e+00 -1.123679697420442380e+00
3.412037307024002075e+01 -6.387757673859596252e+00 -1.112830698397004880e+00
3.419630080461502075e+01 -6.051331892609596252e+00 -1.101981699373567380e+00
3.406946974992752075e+01 -5.664613142609596252e+00 -1.085990488436067380e+00
3.391102248430252075e+01 -5.276185408234596252e+00 -1.069404184725129880e+00
4.693275099992752075e+01 -1.178949107229709625e+01 -1.296271860506379880e+00
4.709290724992752075e+01 -1.133441294729709625e+01 -1.282386362459504880e+00
4.725342971086502075e+01 -1.087860240042209625e+01 -1.268485605623567380e+00
4.741468459367752075e+01 -1.042071665823459625e+01 -1.254508554842317380e+00
4.749464064836502075e+01 -9.942201033234596252e+00 -1.238837778475129880e+00
4.714686232805252075e+01 -9.355653181672096252e+00 -1.214255869295442380e+00
4.698170119524002075e+01 -8.822083845734596252e+00 -1.193717539217317380e+00
4.656812697649002075e+01 -8.238221541047096252e+00 -1.168433725740754880e+00
7.408375197649002075e+01 -2.017755259573459625e+01 -1.561057627107942380e+00
7.366639357805252075e+01 -1.925543345510959625e+01 -1.526938974764192380e+00
7.352088576555252075e+01 -1.842486704885959625e+01 -1.497962534334504880e+00
7.295570021867752075e+01 -1.748297251760959625e+01 -1.462058603670442380e+00
7.216395217180252075e+01 -1.649994029104709625e+01 -1.423057138826692380e+00
7.139368849992752075e+01 -1.554339732229709625e+01 -1.385108530428254880e+00
7.032947951555252075e+01 -1.453277720510959625e+01 -1.343101084139192380e+00
6.929066115617752075e+01 -1.355719126760959625e+01 -1.302466928865754880e+00
1.076832228899002075e+01 1.395860761404037476e-01 -8.752055763266923805e-01
1.076685744524002075e+01 2.457872480154037476e-01 -8.703380226157548805e-01
1.076050978899002075e+01 3.524767011404037476e-01 -8.654552101157548805e-01
1.075416213274002075e+01 4.590440839529037476e-01 -8.605723976157548805e-01
1.074781447649002075e+01 5.646349042654037476e-01 -8.557353614829423805e-01
1.074146682024002075e+01 6.697374433279037476e-01 -8.509288429282548805e-01
1.073524123430252075e+01 7.745958417654037476e-01 -8.461223243735673805e-01
1.072462111711502075e+01 8.793321698904037476e-01 -8.413615821860673805e-01
1.176087599992752075e+01 -9.259165823459625244e-02 -8.848643898032548805e-01
1.176600295305252075e+01 2.252064645290374756e-02 -8.803020118735673805e-01
1.176246291399002075e+01 1.389757245779037476e-01 -8.750072120688798805e-01
1.175404006242752075e+01 2.564073652029037476e-01 -8.696818946860673805e-01
1.174561721086502075e+01 3.728624433279037476e-01 -8.644176124595048805e-01
1.173719435930252075e+01 4.885850995779037476e-01 -8.591838478110673805e-01
1.172303420305252075e+01 6.050401777029037476e-01 -8.539195655845048805e-01
1.171339064836502075e+01 7.196642011404037476e-01 -8.486705421470048805e-01
1.284205275774002075e+01 -3.456434160470962524e-01 -8.898540138266923805e-01
1.282728224992752075e+01 -2.147840410470962524e-01 -8.838725685141923805e-01
1.281263381242752075e+01 -8.490122854709625244e-02 -8.779216407798173805e-01
1.280482131242752075e+01 4.327259957790374756e-02 -8.723521827720048805e-01
1.281251174211502075e+01 1.675401777029037476e-01 -8.676066993735673805e-01
1.282020217180252075e+01 2.913194745779037476e-01 -8.628764747641923805e-01
1.282777053117752075e+01 4.152208417654037476e-01 -8.581615089438798805e-01
1.283533889055252075e+01 5.383897870779037476e-01 -8.534618019126298805e-01
1.436085158586502075e+01 -7.008680254220962524e-01 -9.061809181235673805e-01
1.434791213274002075e+01 -5.546277910470962524e-01 -8.994823097251298805e-01
1.432593947649002075e+01 -4.071668535470962524e-01 -8.927379249595048805e-01
1.430408889055252075e+01 -2.604383379220962524e-01 -8.860087989829423805e-01
1.428248244524002075e+01 -1.151746660470962524e-01 -8.793559669516923805e-01
1.426563674211502075e+01 2.825795114040374756e-02 -8.729777931235673805e-01
1.427198439836502075e+01 1.672960370779037476e-01 -8.676677345298173805e-01
1.426978713274002075e+01 3.068224042654037476e-01 -8.623424171470048805e-01
1.609302932024002075e+01 -1.106263533234596252e+00 -9.171672462485673805e-01
1.607300978899002075e+01 -9.402479082345962524e-01 -9.099803566001298805e-01
1.607728224992752075e+01 -7.804578691720962524e-01 -9.038920997641923805e-01
1.608143264055252075e+01 -6.206678301095962524e-01 -8.977885841391923805e-01
1.608570510149002075e+01 -4.618543535470962524e-01 -8.917308448813798805e-01
1.608985549211502075e+01 -3.037732988595962524e-01 -8.857036232016923805e-01
1.609412795305252075e+01 -1.455701738595962524e-01 -8.796764015220048805e-01
1.609827834367752075e+01 1.153431832790374756e-02 -8.736796974204423805e-01
1.847864943742752075e+01 -1.664369001984596252e+00 -9.377055763266923805e-01
1.849354201555252075e+01 -1.481263533234596252e+00 -9.307170509360673805e-01
1.849366408586502075e+01 -1.295228376984596252e+00 -9.236217140220048805e-01
1.849378615617752075e+01 -1.109437361359596252e+00 -9.165263771079423805e-01
1.847498732805252075e+01 -9.213270097970962524e-01 -9.087901710532548805e-01
1.842640334367752075e+01 -7.289441972970962524e-01 -8.999858497641923805e-01
1.837806349992752075e+01 -5.377820879220962524e-01 -8.912273048423173805e-01
1.832874709367752075e+01 -3.486951738595962524e-01 -8.829722999595048805e-01
2.180237990617752075e+01 -2.441956892609596252e+00 -9.674907325766923805e-01
2.179481154680252075e+01 -2.218934431672096252e+00 -9.589915870688798805e-01
2.178724318742752075e+01 -1.997010603547096252e+00 -9.505229591391923805e-01
2.170875197649002075e+01 -1.760926619172096252e+00 -9.397197364829423805e-01
2.163148146867752075e+01 -1.528504744172096252e+00 -9.290691017173173805e-01
2.155518752336502075e+01 -1.298524275422096252e+00 -9.185405372641923805e-01
2.147925978899002075e+01 -1.070374861359596252e+00 -9.080882667563798805e-01
2.144959670305252075e+01 -8.527234941720962524e-01 -8.992076515220048805e-01
2.644556838274002075e+01 -3.528382673859596252e+00 -1.005530893709504880e+00
2.631202346086502075e+01 -3.228700056672096252e+00 -9.918132423423173805e-01
2.623524123430252075e+01 -2.944886580109596252e+00 -9.792247413657548805e-01
2.621241408586502075e+01 -2.673768416047096252e+00 -9.688792823813798805e-01
2.618983107805252075e+01 -2.405091658234596252e+00 -9.586253761313798805e-01
2.616737014055252075e+01 -2.138001814484596252e+00 -9.484325050376298805e-01
2.606324416399002075e+01 -1.857362166047096252e+00 -9.366527198813798805e-01
2.593861037492752075e+01 -1.577699080109596252e+00 -9.238505958579423805e-01
3.390894728899002075e+01 -5.274476423859596252e+00 -1.069312631990754880e+00
3.373865920305252075e+01 -4.888490095734596252e+00 -1.052787363436067380e+00
3.349195510149002075e+01 -4.491151228547096252e+00 -1.034583628084504880e+00
3.324915724992752075e+01 -4.099915876984596252e+00 -1.016669809725129880e+00
3.302039748430252075e+01 -3.718812361359596252e+00 -9.993510841391923805e-01
3.298292189836502075e+01 -3.378602400422096252e+00 -9.866557716391923805e-01
3.294544631242752075e+01 -3.039246931672096252e+00 -9.739909767173173805e-01
3.280848342180252075e+01 -2.687196150422096252e+00 -9.592204689048173805e-01
4.656312209367752075e+01 -8.235413923859596252e+00 -1.168281137850129880e+00
4.600172072649002075e+01 -7.629578962922096252e+00 -1.140525400545442380e+00
4.560145217180252075e+01 -7.071595564484596252e+00 -1.116370737459504880e+00
4.530079299211502075e+01 -6.542420759797096252e+00 -1.094428598787629880e+00
4.500648146867752075e+01 -6.024110212922096252e+00 -1.072928964998567380e+00
4.422596389055252075e+01 -5.425477400422096252e+00 -1.042777597811067380e+00
4.363428908586502075e+01 -4.875428572297096252e+00 -1.016578256990754880e+00
4.375257521867752075e+01 -4.455018416047096252e+00 -1.003470957186067380e+00
6.928455764055252075e+01 -1.355328501760959625e+01 -1.302283823397004880e+00
6.877552443742752075e+01 -1.272113169729709625e+01 -1.270392954256379880e+00
6.831971389055252075e+01 -1.191388072073459625e+01 -1.239722788240754880e+00
6.859473830461502075e+01 -1.126446665823459625e+01 -1.219916880037629880e+00
7.044190627336502075e+01 -1.091644419729709625e+01 -1.222175180818879880e+00
7.080091506242752075e+01 -1.026263560354709625e+01 -1.202842295076692380e+00
7.244837599992752075e+01 -9.822694197297096252e+00 -1.200492441561067380e+00
7.271204787492752075e+01 -9.131165876984596252e+00 -1.179175913240754880e+00
9.627589064836502075e+01 -1.688202036917209625e+01 -1.171363413240754880e+00
8.643238478899002075e+01 -1.400067271292209625e+01 -1.046561777498567380e+00
8.218861037492752075e+01 -1.150518931448459625e+01 -9.516215919516923805e-01
9.486732131242752075e+01 -1.759271372854709625e+01 -7.486034034751298805e-01
9.025538283586502075e+01 -1.567596568167209625e+01 -6.939921974204423805e-01
8.584730178117752075e+01 -1.390106333792209625e+01 -6.436229347251298805e-01
8.162354689836502075e+01 -1.225421275198459625e+01 -5.970683692954423805e-01
7.755653029680252075e+01 -1.072186411917209625e+01 -5.520396827720048805e-01
7.371509963274002075e+01 -9.315125837922096252e+00 -5.127025245688798805e-01
9.664649611711502075e+01 -1.698602427542209625e+01 -2.751536964438798805e-01
8.216883498430252075e+01 -1.152642954885959625e+01 -1.918712257407548805e-01
9.624598342180252075e+01 -1.691912974417209625e+01 1.717457176186201195e-01
8.243665724992752075e+01 -1.074884165823459625e+01 2.154926658608076195e-01
9.596754103899002075e+01 -1.687701548635959625e+01 6.183552146889326195e-01
8.206409865617752075e+01 -1.153302134573459625e+01 5.665363670326826195e-01
9.686927443742752075e+01 -1.807733286917209625e+01 1.047661244962370120e+00
9.611561232805252075e+01 -1.692144908010959625e+01 1.065773427579557620e+00
9.742664748430252075e+01 -1.618707408010959625e+01 1.112114369962370120e+00
8.193397170305252075e+01 -1.152288950979709625e+01 9.428028465248701195e-01
8.235755568742752075e+01 -1.076068247854709625e+01 9.746937156654951195e-01
9.530140334367752075e+01 -1.775641001760959625e+01 1.472114980313932620e+00
9.562598830461502075e+01 -1.683624400198459625e+01 1.505180776212370120e+00
9.674390822649002075e+01 -1.606988658010959625e+01 1.553047597501432620e+00
8.201942092180252075e+01 -1.154986704885959625e+01 1.323997914884245120e+00
8.302393752336502075e+01 -1.088116587698459625e+01 1.366463124845182620e+00
9.545728713274002075e+01 -1.780401743948459625e+01 1.918739736173307620e+00
9.632300978899002075e+01 -1.699249400198459625e+01 1.964973867032682620e+00
9.617994338274002075e+01 -1.597528208792209625e+01 1.987923085782682620e+00
8.147181349992752075e+01 -1.229986704885959625e+01 1.666679799649870120e+00
8.099732619524002075e+01 -1.138580454885959625e+01 1.679466664884245120e+00
8.256788283586502075e+01 -1.081964243948459625e+01 1.739281118009245120e+00
9.525001174211502075e+01 -1.678827036917209625e+01 2.384483754727995120e+00
8.161512404680252075e+01 -1.317242564260959625e+01 2.027382314298307620e+00
8.228638869524002075e+01 -1.246124400198459625e+01 2.067802846524870120e+00
8.113135939836502075e+01 -1.142108286917209625e+01 2.056404531095182620e+00
8.370496779680252075e+01 -1.101690806448459625e+01 2.153770864102995120e+00
1.072462111711502075e+01 8.796983808279037476e-01 -8.413310646079423805e-01
1.071827346086502075e+01 9.832140058279037476e-01 -8.366466163657548805e-01
1.071790724992752075e+01 1.085508927702903748e+00 -8.325725196860673805e-01
1.072034865617752075e+01 1.187437638640403748e+00 -8.286662696860673805e-01
1.072279006242752075e+01 1.288878068327903748e+00 -8.247752784751298805e-01
1.072523146867752075e+01 1.390196427702903748e+00 -8.208995460532548805e-01
1.072779494524002075e+01 1.491636857390403748e+00 -8.170085548423173805e-01
1.072608596086502075e+01 1.592833146452903748e+00 -8.131633399985673805e-01
1.171351271867752075e+01 7.200304120779037476e-01 -8.486705421470048805e-01
1.169764357805252075e+01 8.350206464529037476e-01 -8.433910011313798805e-01
1.168751174211502075e+01 9.486681073904037476e-01 -8.382030128501298805e-01
1.168067580461502075e+01 1.061705216765403748e+00 -8.334422706626298805e-01
1.168275099992752075e+01 1.173033341765403748e+00 -8.292003273032548805e-01
1.168482619524002075e+01 1.283995255827903748e+00 -8.249736427329423805e-01
1.168128615617752075e+01 1.395689591765403748e+00 -8.207164405845048805e-01
1.168323928117752075e+01 1.506163224577903748e+00 -8.164897560141923805e-01
1.283533889055252075e+01 5.388780683279037476e-01 -8.534312843345048805e-01
1.283631545305252075e+01 6.627794355154037476e-01 -8.487163185141923805e-01
1.283716994524002075e+01 7.864366620779037476e-01 -8.439860939048173805e-01
1.283802443742752075e+01 9.102159589529037476e-01 -8.392711280845048805e-01
1.283887892961502075e+01 1.033262833952903748e+00 -8.345714210532548805e-01
1.283985549211502075e+01 1.156065568327903748e+00 -8.298869728110673805e-01
1.284070998430252075e+01 1.278990373015403748e+00 -8.252025245688798805e-01
1.284168654680252075e+01 1.401182755827903748e+00 -8.205333351157548805e-01
1.426978713274002075e+01 3.073106855154037476e-01 -8.623271583579423805e-01
1.427747756242752075e+01 4.448839277029037476e-01 -8.570781349204423805e-01
1.427650099992752075e+01 5.834337323904037476e-01 -8.517985939048173805e-01
1.427564650774002075e+01 7.221056073904037476e-01 -8.465037941001298805e-01
1.427466994524002075e+01 8.599229902029037476e-01 -8.412395118735673805e-01
1.427381545305252075e+01 9.973741620779037476e-01 -8.360057472251298805e-01
1.427296096086502075e+01 1.134947404265403748e+00 -8.307567237876298805e-01
1.426356154680252075e+01 1.272398576140403748e+00 -8.255077003501298805e-01
1.609840041399002075e+01 1.214466989040374756e-02 -8.736644386313798805e-01
1.609461623430252075e+01 1.699815839529037476e-01 -8.676372169516923805e-01
1.609083205461502075e+01 3.274522870779037476e-01 -8.616252540610673805e-01
1.608716994524002075e+01 4.849229902029037476e-01 -8.556285499595048805e-01
1.608338576555252075e+01 6.414171308279037476e-01 -8.496471046470048805e-01
1.605396682024002075e+01 8.002306073904037476e-01 -8.427043556235673805e-01
1.602247267961502075e+01 9.587999433279037476e-01 -8.356700538657548805e-01
1.603016310930252075e+01 1.112364396452903748e+00 -8.302226661704423805e-01
1.832899123430252075e+01 -3.480848222970962524e-01 -8.829417823813798805e-01
1.833387404680252075e+01 -1.687635332345962524e-01 -8.760753273032548805e-01
1.832557326555252075e+01 1.202259957790374756e-02 -8.691783546470048805e-01
1.828150588274002075e+01 1.974474042654037476e-01 -8.610149024985673805e-01
1.823780471086502075e+01 3.809190839529037476e-01 -8.529582618735673805e-01
1.819910842180252075e+01 5.625597089529037476e-01 -8.450999855063798805e-01
1.819080764055252075e+01 7.405382245779037476e-01 -8.383098243735673805e-01
1.816822463274002075e+01 9.185167402029037476e-01 -8.315196632407548805e-01
2.145020705461502075e+01 -8.521131426095962524e-01 -8.992076515220048805e-01
2.143372756242752075e+01 -6.377576738595962524e-01 -8.910289405845048805e-01
2.141724807024002075e+01 -4.242566972970962524e-01 -8.828807472251298805e-01
2.140076857805252075e+01 -2.108777910470962524e-01 -8.747325538657548805e-01
2.138453322649002075e+01 7.921308279037475586e-04 -8.666606544516923805e-01
2.136829787492752075e+01 2.117296308279037476e-01 -8.586192726157548805e-01
2.135206252336502075e+01 4.224229902029037476e-01 -8.505778907798173805e-01
2.133594924211502075e+01 6.316515058279037476e-01 -8.425975441001298805e-01
2.593812209367752075e+01 -1.576722517609596252e+00 -9.238048194907548805e-01
2.580482131242752075e+01 -1.299012556672096252e+00 -9.110942482016923805e-01
2.570631057024002075e+01 -1.029603376984596252e+00 -8.987804054282548805e-01
2.573939162492752075e+01 -7.791150957345962524e-01 -8.905711769126298805e-01
2.579981642961502075e+01 -5.326551347970962524e-01 -8.830791114829423805e-01
2.585902053117752075e+01 -2.855848222970962524e-01 -8.755412696860673805e-01
2.588978224992752075e+01 -3.411997854709625244e-02 -8.678660987876298805e-01
2.602039748430252075e+01 2.074571698904037476e-01 -8.620525001548173805e-01
3.280762892961502075e+01 -2.685853376984596252e+00 -9.591594337485673805e-01
3.259949904680252075e+01 -2.326966658234596252e+00 -9.431224464438798805e-01
3.239405471086502075e+01 -1.973328962922096252e+00 -9.272990821860673805e-01
3.252112990617752075e+01 -1.667054548859596252e+00 -9.187083839438798805e-01
3.283582717180252075e+01 -1.382630720734596252e+00 -9.139934181235673805e-01
3.305469924211502075e+01 -1.082093611359596252e+00 -9.071117042563798805e-01
3.327674514055252075e+01 -7.771619707345962524e-01 -9.001384376548173805e-01
3.369166213274002075e+01 -4.871229082345962524e-01 -8.969035743735673805e-01
4.375452834367752075e+01 -4.453919783234596252e+00 -1.003455698397004880e+00
4.389051467180252075e+01 -4.035218611359596252e+00 -9.906840919516923805e-01
4.442725783586502075e+01 -3.671204939484596252e+00 -9.846568702720048805e-01
4.535548049211502075e+01 -3.347108259797096252e+00 -9.847331642173173805e-01
4.654127150774002075e+01 -3.037782087922096252e+00 -9.884563087485673805e-01
4.710340529680252075e+01 -2.636903181672096252e+00 -9.814677833579423805e-01
4.751234084367752075e+01 -2.208924666047096252e+00 -9.716716407798173805e-01
4.901844435930252075e+01 -1.874329939484596252e+00 -9.784160255454423805e-01
7.271326857805252075e+01 -9.128846541047096252e+00 -1.179114878084504880e+00
6.994813185930252075e+01 -7.976991072297096252e+00 -1.119239389803254880e+00
6.648658400774002075e+01 -6.785096541047096252e+00 -1.052741587068879880e+00
6.985792189836502075e+01 -6.555848494172096252e+00 -1.070426523592317380e+00
7.089600783586502075e+01 -5.981141462922096252e+00 -1.058799326326692380e+00
5.769459182024002075e+01 -3.814027205109596252e+00 -8.857799171470048805e-01
5.505323439836502075e+01 -2.972962751984596252e+00 -8.373637794516923805e-01
5.239454299211502075e+01 -2.186829939484596252e+00 -7.906718849204423805e-01
7.087098342180252075e+01 -8.127015486359596252e+00 -8.056560157798173805e-01
6.981007033586502075e+01 -6.560120955109596252e+00 -7.503123878501298805e-01
5.769410353899002075e+01 -3.822694197297096252e+00 -6.228862403891923805e-01
5.505286818742752075e+01 -2.981263533234596252e+00 -5.869517921470048805e-01
5.239417678117752075e+01 -2.194642439484596252e+00 -5.528026222251298805e-01
7.368934279680252075e+01 -9.308411970734596252e+00 -5.125346778891923805e-01
7.001893264055252075e+01 -8.008729353547096252e+00 -4.758067726157548805e-01
6.655176955461502075e+01 -6.814271345734596252e+00 -4.438396095298173805e-01
6.326722365617752075e+01 -5.713563337922096252e+00 -4.129253028891923805e-01
6.016297560930252075e+01 -4.705262556672096252e+00 -3.847728370688798805e-01
5.721998244524002075e+01 -3.778870955109596252e+00 -3.590312599204423805e-01
5.444520217180252075e+01 -2.928407087922096252e+00 -3.342052101157548805e-01
5.183900099992752075e+01 -2.152284041047096252e+00 -3.129191993735673805e-01
6.973194533586502075e+01 -6.570985212922096252e+00 -1.097484230063798805e-01
8.244031935930252075e+01 -1.074652232229709625e+01 2.155994773842451195e-01
6.968177443742752075e+01 -6.574769392609596252e+00 2.090229392983076195e-01
6.968555861711502075e+01 -6.585877791047096252e+00 5.295948387123701195e-01
8.235743361711502075e+01 -1.075787486135959625e+01 9.747700096108076195e-01
8.220252639055252075e+01 -9.901795759797096252e+00 9.957203269936201195e-01
6.973682814836502075e+01 -6.603089705109596252e+00 8.492359519936201195e-01
8.302186232805252075e+01 -1.087799204885959625e+01 1.366493642423307620e+00
8.184888869524002075e+01 -9.860413923859596252e+00 1.368278920743620120e+00
6.987232619524002075e+01 -6.631410017609596252e+00 1.172737538907682620e+00
8.237086135149002075e+01 -1.078473033010959625e+01 1.734596669767057620e+00
7.039759474992752075e+01 -7.420716658234596252e+00 1.484764516446745120e+00
6.985572463274002075e+01 -6.639832869172096252e+00 1.491951406095182620e+00
7.081324416399002075e+01 -5.349061384797096252e+00 1.557426869962370120e+00
8.135352736711502075e+01 -1.063177622854709625e+01 2.086006581876432620e+00
6.949354201555252075e+01 -8.002259626984596252e+00 1.762245595548307620e+00
7.108716994524002075e+01 -7.529359236359596252e+00 1.829201161954557620e+00
6.929542189836502075e+01 -6.576356306672096252e+00 1.796532094571745120e+00
6.891663771867752075e+01 -5.836121931672096252e+00 1.805092275235807620e+00
7.033082228899002075e+01 -5.305848494172096252e+00 1.867668569181120120e+00
5.866102248430252075e+01 -2.832948103547096252e+00 1.549217641446745120e+00
1.072596389055252075e+01 1.593199357390403748e+00 -8.131328224204423805e-01
1.072755080461502075e+01 1.693907365202903748e+00 -8.092876075766923805e-01
1.072486525774002075e+01 1.794859513640403748e+00 -8.054576515220048805e-01
1.072230178117752075e+01 1.896055802702903748e+00 -8.016124366782548805e-01
1.071998244524002075e+01 1.996641740202903748e+00 -7.978129982016923805e-01
1.072864943742752075e+01 2.096617326140403748e+00 -7.946086524985673805e-01
1.074000197649002075e+01 2.196959123015403748e+00 -7.915416358970048805e-01
1.074671584367752075e+01 2.297300919890403748e+00 -7.884898780845048805e-01
1.168299514055252075e+01 1.506529435515403748e+00 -8.164744972251298805e-01
1.167884474992752075e+01 1.617369279265403748e+00 -8.122478126548173805e-01
1.168030959367752075e+01 1.727476701140403748e+00 -8.080363868735673805e-01
1.167615920305252075e+01 1.838316544890403748e+00 -8.038097023032548805e-01
1.167200881242752075e+01 1.948546037077903748e+00 -7.995982765220048805e-01
1.167615920305252075e+01 2.058287248015403748e+00 -7.958140968345048805e-01
1.168360549211502075e+01 2.168150529265403748e+00 -7.924571632407548805e-01
1.169666701555252075e+01 2.277647599577903748e+00 -7.891154884360673805e-01
1.284156447649002075e+01 1.401671037077903748e+00 -8.205180763266923805e-01
1.283582717180252075e+01 1.524107560515403748e+00 -8.158488868735673805e-01
1.283008986711502075e+01 1.646422013640403748e+00 -8.111796974204423805e-01
1.282423049211502075e+01 1.768858537077903748e+00 -8.065105079673173805e-01
1.281849318742752075e+01 1.890684708952903748e+00 -8.018565773032548805e-01
1.281495314836502075e+01 2.012144669890403748e+00 -7.973247169516923805e-01
1.284986525774002075e+01 2.132628068327903748e+00 -7.945170997641923805e-01
1.286817580461502075e+01 2.253599748015403748e+00 -7.909618019126298805e-01
1.426343947649002075e+01 1.272886857390403748e+00 -8.254771827720048805e-01
1.426380568742752075e+01 1.409117326140403748e+00 -8.202891944907548805e-01
1.425574904680252075e+01 1.545958146452903748e+00 -8.150706886313798805e-01
1.424769240617752075e+01 1.682798966765403748e+00 -8.098369239829423805e-01
1.423963576555252075e+01 1.818907365202903748e+00 -8.046489357016923805e-01
1.423170119524002075e+01 1.954649552702903748e+00 -7.994762062095048805e-01
1.425587111711502075e+01 2.089659318327903748e+00 -7.956004737876298805e-01
1.429139357805252075e+01 2.224424943327903748e+00 -7.925181983970048805e-01
1.603016310930252075e+01 1.112852677702903748e+00 -8.301921485923173805e-01
1.604810744524002075e+01 1.265440568327903748e+00 -8.254008888266923805e-01
1.604896193742752075e+01 1.419493302702903748e+00 -8.199535011313798805e-01
1.603748732805252075e+01 1.574522599577903748e+00 -8.140330909751298805e-01
1.602613478899002075e+01 1.728697404265403748e+00 -8.081584571860673805e-01
1.601478224992752075e+01 1.882383927702903748e+00 -8.022838233970048805e-01
1.601636916399002075e+01 2.035948380827903748e+00 -7.968974708579423805e-01
1.607130080461502075e+01 2.187681779265403748e+00 -7.934184669516923805e-01
1.816810256242752075e+01 9.191270917654037476e-01 -8.314891456626298805e-01
1.820948439836502075e+01 1.091246232390403748e+00 -8.262553810141923805e-01
1.827906447649002075e+01 1.262144669890403748e+00 -8.223338722251298805e-01
1.834937697649002075e+01 1.434630021452903748e+00 -8.183971046470048805e-01
1.841993361711502075e+01 1.607847794890403748e+00 -8.144298194907548805e-01
1.848450881242752075e+01 1.782530412077903748e+00 -8.102336524985673805e-01
1.852161818742752075e+01 1.959654435515403748e+00 -8.051066993735673805e-01
1.862562209367752075e+01 2.135435685515403748e+00 -8.025127052329423805e-01
2.133546096086502075e+01 6.323839277029037476e-01 -8.425517677329423805e-01
2.131043654680252075e+01 8.414903730154037476e-01 -8.345714210532548805e-01
2.132349807024002075e+01 1.047300919890403748e+00 -8.277049659751298805e-01
2.147510939836502075e+01 1.245665177702903748e+00 -8.246837257407548805e-01
2.162818557024002075e+01 1.445860490202903748e+00 -8.216167091391923805e-01
2.178345900774002075e+01 1.648985490202903748e+00 -8.185344337485673805e-01
2.194129592180252075e+01 1.855528458952903748e+00 -8.153758644126298805e-01
2.210084182024002075e+01 2.064146623015403748e+00 -8.122020362876298805e-01
2.602112990617752075e+01 2.081895917654037476e-01 -8.620372413657548805e-01
2.615711623430252075e+01 4.514757245779037476e-01 -8.564677833579423805e-01
2.632313185930252075e+01 6.951280683279037476e-01 -8.508983253501298805e-01
2.646265822649002075e+01 9.442735761404037476e-01 -8.452067970298173805e-01
2.666834670305252075e+01 1.191710099577903748e+00 -8.409801124595048805e-01
2.697938185930252075e+01 1.438780412077903748e+00 -8.389964698813798805e-01
2.729468947649002075e+01 1.692564591765403748e+00 -8.375468849204423805e-01
2.766297560930252075e+01 1.950377091765403748e+00 -8.364177345298173805e-01
3.369544631242752075e+01 -4.862684160470962524e-01 -8.969340919516923805e-01
3.407142287492752075e+01 -1.853650957345962524e-01 -8.928294776938798805e-01
3.437623244524002075e+01 1.277452558279037476e-01 -8.871074317954423805e-01
3.482203322649002075e+01 4.392686933279037476e-01 -8.837962745688798805e-01
3.547913771867752075e+01 7.477403730154037476e-01 -8.841319679282548805e-01
3.605591994524002075e+01 1.071959123015403748e+00 -8.825755714438798805e-01
3.619630080461502075e+01 1.421690568327903748e+00 -8.728404640220048805e-01
3.643983107805252075e+01 1.770567521452903748e+00 -8.648601173423173805e-01
4.901807814836502075e+01 -1.872620955109596252e+00 -9.783549903891923805e-01
4.916529494524002075e+01 -1.399842634797096252e+00 -9.639354347251298805e-01
4.701441603899002075e+01 -7.636121660470962524e-01 -9.160075782798173805e-01
4.485499221086502075e+01 -1.687635332345962524e-01 -8.694072364829423805e-01
4.924024611711502075e+01 5.291615426540374756e-02 -9.150310157798173805e-01
4.172425490617752075e+01 8.391710370779037476e-01 -7.968516944907548805e-01
4.547486525774002075e+01 1.136778458952903748e+00 -8.321757911704423805e-01
4.882239943742752075e+01 1.515318498015403748e+00 -8.598094581626298805e-01
5.239539748430252075e+01 -2.185120955109596252e+00 -7.906261085532548805e-01
4.972132521867752075e+01 -1.451966658234596252e+00 -7.455363868735673805e-01
6.037293654680252075e+01 -1.709412947297096252e+00 -8.345256446860673805e-01
6.117872267961502075e+01 -1.158875837922096252e+00 -8.218608497641923805e-01
5.850147658586502075e+01 -4.199842363595962524e-01 -7.765422462485673805e-01
4.172413283586502075e+01 8.327013105154037476e-01 -6.075511573813798805e-01
4.541285353899002075e+01 1.131651505827903748e+00 -6.251597999595048805e-01
6.703248244524002075e+01 1.137877091765403748e+00 -7.877879737876298805e-01
5.239515334367752075e+01 -2.192933455109596252e+00 -5.527568458579423805e-01
4.972108107805252075e+01 -1.459535017609596252e+00 -5.200877784751298805e-01
6.117823439836502075e+01 -1.168153181672096252e+00 -5.440593360923173805e-01
5.850098830461502075e+01 -4.288953691720962524e-01 -5.111919044516923805e-01
4.172401076555252075e+01 8.263536542654037476e-01 -4.192882179282548805e-01
4.536634474992752075e+01 1.126158341765403748e+00 -4.199138282798173805e-01
5.182130080461502075e+01 -2.148988142609596252e+00 -3.128429054282548805e-01
4.937745314836502075e+01 -1.439393416047096252e+00 -2.930980323813798805e-01
4.709046584367752075e+01 -7.903455644845962524e-01 -2.762675880454423805e-01
4.492884474992752075e+01 -1.936658769845962524e-01 -2.597880958579423805e-01
4.291663771867752075e+01 3.501573652029037476e-01 -2.448344825766923805e-01
4.104249221086502075e+01 8.477159589529037476e-01 -2.312083839438798805e-01
3.927906447649002075e+01 1.305357560515403748e+00 -2.177959083579423805e-01
3.762672072649002075e+01 1.723814591765403748e+00 -2.064891456626298805e-01
5.975111037492752075e+01 -2.284364119172096252e+00 -3.249317398294238046e-02
4.742322951555252075e+01 -8.209852129220962524e-01 -6.064563980325488046e-02
4.519398146867752075e+01 -2.166150957345962524e-01 -5.442005386575488046e-02
4.311841994524002075e+01 3.333116620779037476e-01 -4.906421890481738046e-02
4.118507033586502075e+01 8.356309980154037476e-01 -4.441028824075488046e-02
3.936683303117752075e+01 1.296690568327903748e+00 -4.039722671731738046e-02
3.766407424211502075e+01 1.717222794890403748e+00 -3.702503433450488046e-02
5.979371291399002075e+01 -2.296937361359596252e+00 2.393116355873701195e-01
5.990723830461502075e+01 -1.713197126984596252e+00 2.598194480873701195e-01
4.520887404680252075e+01 6.647325605154037476e-01 1.794056297279951195e-01
4.515113478899002075e+01 1.111876115202903748e+00 1.935505271889326195e-01
5.948853713274002075e+01 -2.281312361359596252e+00 5.085071922279951195e-01
5.978846389055252075e+01 -1.713929548859596252e+00 5.317158103920576195e-01
4.520240432024002075e+01 6.581407636404037476e-01 3.845905662514326195e-01
4.550330764055252075e+01 1.094053849577903748e+00 4.035114646889326195e-01
5.967408400774002075e+01 -2.305360212922096252e+00 7.819446922279951195e-01
5.985914260149002075e+01 -1.727967634797096252e+00 8.044056297279951195e-01
4.519605666399002075e+01 6.514268964529037476e-01 5.886005760170576195e-01
4.522108107805252075e+01 1.095884904265403748e+00 6.035541892983076195e-01
5.966517287492752075e+01 -2.313783064484596252e+00 1.054222524259245120e+00
5.991224318742752075e+01 -1.740907087922096252e+00 1.078773915860807620e+00
4.519141799211502075e+01 6.447130292654037476e-01 7.936634422279951195e-01
4.522266799211502075e+01 1.088926896452903748e+00 8.087543846108076195e-01
5.982764846086502075e+01 -2.336121931672096252e+00 1.330955922696745120e+00
4.530286818742752075e+01 6.332384198904037476e-01 1.000816762540495120e+00
4.527491408586502075e+01 1.080259904265403748e+00 1.015388906095182620e+00
5.866053420305252075e+01 -2.830872908234596252e+00 1.549248159024870120e+00
5.959913283586502075e+01 -2.326478376984596252e+00 1.595528066251432620e+00
6.095728713274002075e+01 -1.834046736359596252e+00 1.657020986173307620e+00
4.527650099992752075e+01 6.273790448904037476e-01 1.205589711759245120e+00
4.511024123430252075e+01 1.078672990202903748e+00 1.214302480313932620e+00
3.170191603899002075e+01 3.599180802702903748e+00 1.135643422696745120e+00
3.177235060930252075e+01 3.991636857390403748e+00 1.152321279142057620e+00
3.274049025774002075e+01 4.967100724577903748e+00 1.370308339688932620e+00
1.814771682024002075e+01 6.772154435515403748e+00 1.380287587735807620e+00
1.807801467180252075e+01 7.193419083952903748e+00 1.393776357267057620e+00
3.875744163990020752e+00 1.078863392770290375e+01 1.897026479337370120e+00
4.464245140552520752e+00 1.005682240426540375e+01 2.510887563321745120e+00
4.171520531177520752e+00 1.130474720895290375e+01 1.937447011563932620e+00
