8.496564626693725586e+00 -1.449649851769208908e+00 -1.945878199767321348e-01
8.511701345443725586e+00 -1.374698679894208908e+00 -1.940079859923571348e-01
8.523175954818725586e+00 -1.299137156456708908e+00 -1.934281520079821348e-01
8.534528493881225586e+00 -1.223209422081708908e+00 -1.928483180236071348e-01
8.545881032943725586e+00 -1.147647898644208908e+00 -1.922837428282946348e-01
8.557355642318725586e+00 -1.071720164269208908e+00 -1.917039088439196348e-01
8.568708181381225586e+00 -9.961586408317089081e-01 -1.911240748595446348e-01
8.576154470443725586e+00 -9.201088361442089081e-01 -1.905442408751696348e-01
9.250348806381225586e+00 -1.596256297081708908e+00 -1.939927272032946348e-01
9.270978689193725586e+00 -1.515934031456708908e+00 -1.938248805236071348e-01
9.291730642318725586e+00 -1.435367625206708908e+00 -1.936722926329821348e-01
9.316388845443725586e+00 -1.355167429894208908e+00 -1.934891871642321348e-01
9.336286306381225586e+00 -1.274234812706708908e+00 -1.932755641173571348e-01
9.343976736068725586e+00 -1.191104929894208908e+00 -1.926346949767321348e-01
9.356305837631225586e+00 -1.109073679894208908e+00 -1.920090846251696348e-01
9.368512868881225586e+00 -1.026920359581708908e+00 -1.913834742736071348e-01
1.003758025169372559e+01 -1.749454539269208908e+00 -1.880112818907946348e-01
1.006052947044372559e+01 -1.662784617394208908e+00 -1.878281764220446348e-01
1.008347868919372559e+01 -1.575870554894208908e+00 -1.876603297423571348e-01
1.010667204856872559e+01 -1.488590281456708908e+00 -1.874772242736071348e-01
1.012974333763122559e+01 -1.401432078331708908e+00 -1.873093775939196348e-01
1.015293669700622559e+01 -1.313907664269208908e+00 -1.871262721251696348e-01
1.017600798606872559e+01 -1.226505320519208908e+00 -1.869584254454821348e-01
1.019920134544372559e+01 -1.138980906456708908e+00 -1.867753199767321348e-01
1.100242400169372559e+01 -1.937198679894208908e+00 -1.831284693907946348e-01
1.102280974388122559e+01 -1.841739695519208908e+00 -1.823960475157946348e-01
1.105308318138122559e+01 -1.747867625206708908e+00 -1.823960475157946348e-01
1.108335661888122559e+01 -1.653507273644208908e+00 -1.823960475157946348e-01
1.111375212669372559e+01 -1.559268992394208908e+00 -1.823960475157946348e-01
1.114426970481872559e+01 -1.464420359581708908e+00 -1.823960475157946348e-01
1.117478728294372559e+01 -1.369571726769208908e+00 -1.823960475157946348e-01
1.119895720481872559e+01 -1.273746531456708908e+00 -1.823960475157946348e-01
1.235947966575622559e+01 -2.201236765831708908e+00 -1.851884059142321348e-01
1.237510466575622559e+01 -2.093204539269208908e+00 -1.843644313048571348e-01
1.239060759544372559e+01 -1.985172312706708908e+00 -1.835404566954821348e-01
1.240623259544372559e+01 -1.876773875206708908e+00 -1.827164820861071348e-01
1.243516325950622559e+01 -1.770938914269208908e+00 -1.824418238829821348e-01
1.247092986106872559e+01 -1.665714304894208908e+00 -1.824418238829821348e-01
1.250669646263122559e+01 -1.560367625206708908e+00 -1.824418238829821348e-01
1.254258513450622559e+01 -1.454898875206708908e+00 -1.824418238829821348e-01
1.413157439231872559e+01 -2.545963328331708908e+00 -1.901475123595446348e-01
1.418223357200622559e+01 -2.429142039269208908e+00 -1.900559596251696348e-01
1.420445036888122559e+01 -2.306827586144208908e+00 -1.892930201720446348e-01
1.422666716575622559e+01 -2.184024851769208908e+00 -1.885300807189196348e-01
1.424888396263122559e+01 -2.061710398644208908e+00 -1.877671412657946348e-01
1.427122282981872559e+01 -1.938785593956708908e+00 -1.870042018126696348e-01
1.429990935325622559e+01 -1.817325633019208908e+00 -1.864701441954821348e-01
1.434214568138122559e+01 -1.697452586144208908e+00 -1.867905787657946348e-01
1.475279021263122559e+01 -2.667057078331708908e+00 -1.411820582579821348e-01
1.541758513450622559e+01 -2.659000437706708908e+00 -1.609269313048571348e-01
1.613938689231872559e+01 -2.650089304894208908e+00 -1.823502711486071348e-01
1.643992400169372559e+01 -2.557682078331708908e+00 -1.902238063048571348e-01
1.649351286888122559e+01 -2.421451609581708908e+00 -1.902238063048571348e-01
1.654746794700622559e+01 -2.284244578331708908e+00 -1.902238063048571348e-01
1.660154509544372559e+01 -2.147037547081708908e+00 -1.902238063048571348e-01
1.665574431419372559e+01 -2.009342234581708908e+00 -1.902238063048571348e-01
1.507163786888122559e+01 -2.729557078331708908e+00 -7.849895278923213482e-02
1.921531462669372559e+01 -3.365055125206708908e+00 -1.903306178282946348e-01
1.667759490013122559e+01 -2.746036570519208908e+00 -1.188889674376696348e-01
1.692698454856872559e+01 -2.640323679894208908e+00 -1.240311793517321348e-01
1.778953337669372559e+01 -2.629459422081708908e+00 -1.457139186095446348e-01
1.874119353294372559e+01 -2.617252390831708908e+00 -1.696396998595446348e-01
1.948020720481872559e+01 -2.559391062706708908e+00 -1.881791285704821348e-01
1.950230193138122559e+01 -2.393009226769208908e+00 -1.869126490782946348e-01
1.507163786888122559e+01 -2.729923289269208908e+00 -5.195730132982134819e-03
2.222288298606872559e+01 -3.924381297081708908e+00 -1.658402613829821348e-01
2.238902068138122559e+01 -3.758731883019208908e+00 -1.675950221251696348e-01
1.776658415794372559e+01 -2.782413523644208908e+00 -6.166850845329463482e-02
2.263010954856872559e+01 -3.405094187706708908e+00 -1.689683131407946348e-01
2.297105193138122559e+01 -3.258976023644208908e+00 -1.745530299376696348e-01
2.028367400169372559e+01 -2.675113718956708908e+00 -1.128007106017321348e-01
2.095042204856872559e+01 -2.588687937706708908e+00 -1.257554225157946348e-01
1.507151579856872559e+01 -2.730411570519208908e+00 6.769550521858036518e-02
2.398911833763122559e+01 -4.253360789269208908e+00 -9.146892349235713482e-02
2.462498259544372559e+01 -4.155704539269208908e+00 -1.008683375548571348e-01
1.776646208763122559e+01 -2.783023875206708908e+00 2.347553451545536518e-02
2.631431365013122559e+01 -3.995792429894208908e+00 -1.267625025939196348e-01
2.718028044700622559e+01 -3.898014109581708908e+00 -1.398850611876696348e-01
2.046030974388122559e+01 -2.700992625206708908e+00 -1.946269790641963482e-02
2.829453825950622559e+01 -3.578556101769208908e+00 -1.549302272032946348e-01
1.507139372825622559e+01 -2.730899851769208908e+00 1.409834690857678652e-01
2.639329314231872559e+01 -4.700870554894208908e+00 -8.476369781419634819e-03
2.719968962669372559e+01 -4.612979929894208908e+00 -1.712810317985713482e-02
1.776634001731872559e+01 -2.783512156456708908e+00 1.090468235779553652e-01
2.883555388450622559e+01 -4.400577586144208908e+00 -3.437053482048213482e-02
2.987779021263122559e+01 -4.307926218956708908e+00 -4.573833267204463482e-02
2.046018767356872559e+01 -2.701725047081708908e+00 7.830036361701786518e-02
3.317905974388122559e+01 -4.237491648644208908e+00 -8.368694107048213482e-02
1.507127165794372559e+01 -2.731266062706708908e+00 2.138594456482678652e-01
2.799009490013122559e+01 -4.998600047081708908e+00 1.032790013123303652e-01
2.904429411888122559e+01 -4.940860789269208908e+00 9.619892318733036518e-02
1.776621794700622559e+01 -2.784122508019208908e+00 1.941603489685803652e-01
3.235752654075622559e+01 -4.965763133019208908e+00 7.228840072639286518e-02
3.400657439231872559e+01 -4.935245554894208908e+00 6.073749740608036518e-02
2.046006560325622559e+01 -2.702335398644208908e+00 1.755293675232678652e-01
3.797642302513122559e+01 -4.885074656456708908e+00 3.272236068733036518e-02
1.507114958763122559e+01 -2.731754343956708908e+00 2.871321507263928652e-01
2.932285857200622559e+01 -5.247257273644208908e+00 2.316969700623303652e-01
3.072422575950622559e+01 -5.239810984581708908e+00 2.273176976013928652e-01
1.776609587669372559e+01 -2.784610789269208908e+00 2.792586155701428652e-01
3.445420622825622559e+01 -5.302799265831708908e+00 2.170485325623303652e-01
3.633140349388122559e+01 -5.289005320519208908e+00 2.122114964295178652e-01
2.045982146263122559e+01 -2.703067820519208908e+00 2.732771702576428652e-01
4.063206267356872559e+01 -5.244327586144208908e+00 2.022322483826428652e-01
1.507102751731872559e+01 -2.732242625206708908e+00 3.599928684998303652e-01
3.105332732200622559e+01 -5.569889109581708908e+00 3.721083470154553652e-01
3.307859587669372559e+01 -5.658390086144208908e+00 3.754042454529553652e-01
1.776597380638122559e+01 -2.785221140831708908e+00 3.647993870545178652e-01
3.675669646263122559e+01 -5.672916453331708908e+00 3.823469944763928652e-01
3.891917204856872559e+01 -5.682926218956708908e+00 3.864210911560803652e-01
2.045969939231872559e+01 -2.703678172081708908e+00 3.704909153748303652e-01
4.347849822044372559e+01 -5.629337351769208908e+00 3.955000706482678652e-01
1.492320036888122559e+01 -2.703922312706708908e+00 4.324415989685803652e-01
1.558042693138122559e+01 -2.693180125206708908e+00 4.363478489685803652e-01
1.629087615013122559e+01 -2.681095164269208908e+00 4.409865208435803652e-01
1.706748747825622559e+01 -2.667911570519208908e+00 4.460524388123303652e-01
1.791258025169372559e+01 -2.653263133019208908e+00 4.515761204529553652e-01
1.884324431419372559e+01 -2.637149851769208908e+00 4.576643772888928652e-01
1.986619353294372559e+01 -2.619327586144208908e+00 4.643477268982678652e-01
2.099522185325622559e+01 -2.599063914269208908e+00 4.722670384217053652e-01
1.478050017356872559e+01 -2.676578562706708908e+00 5.031660862732678652e-01
1.547092986106872559e+01 -2.673404734581708908e+00 5.107649632263928652e-01
1.622288298606872559e+01 -2.669620554894208908e+00 5.190352268982678652e-01
1.704954314231872559e+01 -2.665348093956708908e+00 5.281294651795178652e-01
1.783848357200622559e+01 -2.641910593956708908e+00 5.369185276795178652e-01
1.895725798606872559e+01 -2.655094187706708908e+00 5.491408177185803652e-01
2.006785368919372559e+01 -2.648990672081708908e+00 5.613631077576428652e-01
2.122715544700622559e+01 -2.631046336144208908e+00 5.741804905701428652e-01
1.490379118919372559e+01 -2.700992625206708908e+00 5.768355198670178652e-01
1.553977751731872559e+01 -2.686588328331708908e+00 5.863722630310803652e-01
1.622569060325622559e+01 -2.670597117394208908e+00 5.970686741638928652e-01
1.697337126731872559e+01 -2.653141062706708908e+00 6.087263890076428652e-01
1.778562712669372559e+01 -2.634098093956708908e+00 6.214064427185803652e-01
1.867515349388122559e+01 -2.612857859581708908e+00 6.352919407654553652e-01
1.978294157981872559e+01 -2.608829539269208908e+00 6.524733372498303652e-01
2.105906462669372559e+01 -2.609073679894208908e+00 6.727827854920178652e-01
1.475999236106872559e+01 -2.673526804894208908e+00 6.460951634217053652e-01
1.548692107200622559e+01 -2.677310984581708908e+00 6.606520481873303652e-01
1.628220915794372559e+01 -2.681095164269208908e+00 6.765822239685803652e-01
1.716123747825622559e+01 -2.685367625206708908e+00 6.941756077576428652e-01
4.443455290794372559e+01 -6.909244578331708908e+00 1.226005441742017865e+00
4.708897185325622559e+01 -6.928897898644208908e+00 1.279136545257642865e+00
5.016026091575622559e+01 -6.965518992394208908e+00 1.340583688812330365e+00
5.367210173606872559e+01 -7.010929148644208908e+00 1.410819894867017865e+00
3.758775115013122559e+01 -7.118473093956708908e+00 1.266807443695142865e+00
3.962730193138122559e+01 -7.170352976769208908e+00 1.316810495452955365e+00
4.176267790794372559e+01 -7.205265086144208908e+00 1.369209177093580365e+00
4.384715056419372559e+01 -7.194767039269208908e+00 1.419395334320142865e+00
4.633103728294372559e+01 -7.214908640831708908e+00 1.480354196624830365e+00
4.931101775169372559e+01 -7.267887156456708908e+00 1.554649240570142865e+00
5.265098357200622559e+01 -7.324527781456708908e+00 1.636619455413892865e+00
5.627256560325622559e+01 -7.363712351769208908e+00 1.725562936859205365e+00
3.919395232200622559e+01 -7.432315867394208908e+00 1.491706735687330365e+00
4.127403044700622559e+01 -7.478092234581708908e+00 1.551170236663892865e+00
4.333604216575622559e+01 -7.485904734581708908e+00 1.611183054046705365e+00
4.564805388450622559e+01 -7.500431101769208908e+00 1.678443796234205365e+00
4.850449919700622559e+01 -7.565250437706708908e+00 1.761466867523267865e+00
5.192039275169372559e+01 -7.666080515831708908e+00 1.860679514007642865e+00
5.511863493919372559e+01 -7.680240672081708908e+00 1.953758127288892865e+00
5.882993865013122559e+01 -7.710880320519208908e+00 2.063178903656080365e+00
8.576154470443725586e+00 -9.198646955192089081e-01 -1.905442408751696348e-01
8.588117361068725586e+00 -8.444252423942089081e-01 -1.899644068907946348e-01
8.605329275131225586e+00 -7.694740705192089081e-01 -1.899338893126696348e-01
8.623395681381225586e+00 -6.941566877067089081e-01 -1.899338893126696348e-01
8.641340017318725586e+00 -6.190834455192089081e-01 -1.899338893126696348e-01
8.659284353256225586e+00 -5.435219220817089081e-01 -1.899338893126696348e-01
8.677350759506225586e+00 -4.679603986442089081e-01 -1.899338893126696348e-01
8.691510915756225586e+00 -3.920326642692089081e-01 -1.899338893126696348e-01
9.368512868881225586e+00 -1.026676218956708908e+00 -1.913834742736071348e-01
9.377301931381225586e+00 -9.440346173942089081e-01 -1.907578639220446348e-01
9.385968923568725586e+00 -8.615150861442089081e-01 -1.901169947814196348e-01
9.407819509506225586e+00 -7.800941877067089081e-01 -1.899644068907946348e-01
9.428327322006225586e+00 -6.986732892692089081e-01 -1.899644068907946348e-01
9.444196462631225586e+00 -6.162758283317089081e-01 -1.899644068907946348e-01
9.464704275131225586e+00 -5.343666486442089081e-01 -1.899644068907946348e-01
9.473249197006225586e+00 -4.514809064567089081e-01 -1.893235377501696348e-01
1.019920134544372559e+01 -1.138614695519208908e+00 -1.867753199767321348e-01
1.021934294700622559e+01 -1.050479929894208908e+00 -1.866227320861071348e-01
1.023936247825622559e+01 -9.622230939567089081e-01 -1.864701441954821348e-01
1.025962615013122559e+01 -8.733559064567089081e-01 -1.863175563048571348e-01
1.027988982200622559e+01 -7.847328595817089081e-01 -1.861649684142321348e-01
1.030015349388122559e+01 -6.956215314567089081e-01 -1.860123805236071348e-01
1.032041716575622559e+01 -6.066322736442089081e-01 -1.858445338439196348e-01
1.034080290794372559e+01 -5.173988752067089081e-01 -1.856919459532946348e-01
1.119895720481872559e+01 -1.273380320519208908e+00 -1.823960475157946348e-01
1.123228240013122559e+01 -1.178531687706708908e+00 -1.823960475157946348e-01
1.125925993919372559e+01 -1.082462351769208908e+00 -1.823960475157946348e-01
1.128635954856872559e+01 -9.857826642692089081e-01 -1.823960475157946348e-01
1.131345915794372559e+01 -8.892250470817089081e-01 -1.823960475157946348e-01
1.134068083763122559e+01 -7.920570783317089081e-01 -1.823960475157946348e-01
1.136790251731872559e+01 -6.948891095817089081e-01 -1.823960475157946348e-01
1.138865447044372559e+01 -5.969887189567089081e-01 -1.823960475157946348e-01
1.254270720481872559e+01 -1.454532664269208908e+00 -1.824418238829821348e-01
1.257468962669372559e+01 -1.348087351769208908e+00 -1.824418238829821348e-01
1.260691618919372559e+01 -1.241397898644208908e+00 -1.824418238829821348e-01
1.263926482200622559e+01 -1.133976023644208908e+00 -1.824418238829821348e-01
1.267149138450622559e+01 -1.026554148644208908e+00 -1.824418238829821348e-01
1.270408415794372559e+01 -9.183998517692089081e-01 -1.824418238829821348e-01
1.273667693138122559e+01 -8.103676252067089081e-01 -1.824418238829821348e-01
1.276926970481872559e+01 -7.018471173942089081e-01 -1.824418238829821348e-01
1.434238982200622559e+01 -1.696964304894208908e+00 -1.867905787657946348e-01
1.440550017356872559e+01 -1.579410593956708908e+00 -1.872788600157946348e-01
1.444370818138122559e+01 -1.457950633019208908e+00 -1.872330836486071348e-01
1.445689177513122559e+01 -1.332950633019208908e+00 -1.862717799376696348e-01
1.447007536888122559e+01 -1.208316843956708908e+00 -1.853257350157946348e-01
1.448338103294372559e+01 -1.083316843956708908e+00 -1.843644313048571348e-01
1.449656462669372559e+01 -9.586830548942089081e-01 -1.834183863829821348e-01
1.450047087669372559e+01 -8.334389142692089081e-01 -1.825181178282946348e-01
1.665598845481872559e+01 -2.008853953331708908e+00 -1.902390650939196348e-01
1.670615935325622559e+01 -1.870060008019208908e+00 -1.902390650939196348e-01
1.672862029075622559e+01 -1.727359812706708908e+00 -1.893693141173571348e-01
1.674387907981872559e+01 -1.583316843956708908e+00 -1.882706813048571348e-01
1.675913786888122559e+01 -1.439762156456708908e+00 -1.871720484923571348e-01
1.677439665794372559e+01 -1.295597117394208908e+00 -1.860734156798571348e-01
1.678953337669372559e+01 -1.152042429894208908e+00 -1.849747828673571348e-01
1.680479216575622559e+01 -1.008487742394208908e+00 -1.838761500548571348e-01
1.950230193138122559e+01 -2.392398875206708908e+00 -1.869126490782946348e-01
1.952000212669372559e+01 -2.225528758019208908e+00 -1.856309107970446348e-01
1.955698943138122559e+01 -2.060855906456708908e+00 -1.843796900939196348e-01
1.957481169700622559e+01 -1.893253367394208908e+00 -1.830979518126696348e-01
1.962571501731872559e+01 -1.729557078331708908e+00 -1.827012232970446348e-01
1.969224333763122559e+01 -1.566104929894208908e+00 -1.827012232970446348e-01
1.973985075950622559e+01 -1.400821726769208908e+00 -1.827012232970446348e-01
1.981492400169372559e+01 -1.237125437706708908e+00 -1.829148463439196348e-01
2.095872282981872559e+01 -2.589176218956708908e+00 -1.259385279845446348e-01
2.226109099388122559e+01 -2.572086375206708908e+00 -1.528702906798571348e-01
2.372678923606872559e+01 -2.552555125206708908e+00 -1.831742457579821348e-01
2.399168181419372559e+01 -2.376773875206708908e+00 -1.869584254454821348e-01
2.401341032981872559e+01 -2.173038523644208908e+00 -1.854020289611071348e-01
2.403513884544372559e+01 -1.968570750206708908e+00 -1.838303736876696348e-01
2.408372282981872559e+01 -1.767154734581708908e+00 -1.828690699767321348e-01
2.417759490013122559e+01 -1.568668406456708908e+00 -1.828690699767321348e-01
2.829697966575622559e+01 -3.577945750206708908e+00 -1.549760035704821348e-01
2.315488982200622559e+01 -2.685733836144208908e+00 -6.307231704704463482e-02
2.935606169700622559e+01 -3.216495554894208908e+00 -1.687852076720446348e-01
2.567661833763122559e+01 -2.561954539269208908e+00 -1.028824977111071348e-01
2.728306365013122559e+01 -2.503971140831708908e+00 -1.284409693907946348e-01
2.947630095481872559e+01 -2.473087351769208908e+00 -1.637803248595446348e-01
3.074888396263122559e+01 -2.329166453331708908e+00 -1.831132106017321348e-01
3.089353728294372559e+01 -2.078800242394208908e+00 -1.831132106017321348e-01
3.318589568138122559e+01 -4.237369578331708908e+00 -8.376323501579463482e-02
2.315476775169372559e+01 -2.686466258019208908e+00 4.698932846076786518e-02
3.655711150169372559e+01 -4.065982859581708908e+00 -1.215592555236071348e-01
2.588828825950622559e+01 -2.586002390831708908e+00 1.599872787483036518e-02
2.854392790794372559e+01 -2.632389109581708908e+00 -1.537334243766963482e-02
4.088670134544372559e+01 -3.530582468956708908e+00 -1.672898463439196348e-01
4.138853240013122559e+01 -3.226383250206708908e+00 -1.704331568907946348e-01
3.498374724388122559e+01 -2.390323679894208908e+00 -8.832561294548213482e-02
3.798801970481872559e+01 -4.885440867394208908e+00 3.264606674201786518e-02
2.315452361106872559e+01 -2.687198679894208908e+00 1.564558811951428652e-01
4.201572966575622559e+01 -4.710636179894208908e+00 5.500680999830365181e-03
2.588071990013122559e+01 -2.586124461144208908e+00 1.379469700623303652e-01
2.854368376731872559e+01 -2.633365672081708908e+00 1.186293431092053652e-01
4.983311247825622559e+01 -4.360660593956708908e+00 -4.708110610954463482e-02
5.342954802513122559e+01 -4.242496531456708908e+00 -7.163249771110713482e-02
3.662717986106872559e+01 -2.516422312706708908e+00 6.220234115608036518e-02
4.064732146263122559e+01 -5.245060008019208908e+00 2.021864720154553652e-01
2.315440154075622559e+01 -2.688053172081708908e+00 2.664870091248303652e-01
4.573264861106872559e+01 -5.150333445519208908e+00 1.889723606873303652e-01
2.587315154075622559e+01 -2.586124461144208908e+00 2.598036595154553652e-01
2.854343962669372559e+01 -2.634342234581708908e+00 2.526167698670178652e-01
5.712400603294372559e+01 -5.038150828331708908e+00 1.608961888123303652e-01
6.217014861106872559e+01 -4.981266062706708908e+00 1.500471897888928652e-01
3.662705779075622559e+01 -2.517765086144208908e+00 2.338942356873303652e-01
4.349143767356872559e+01 -5.629825633019208908e+00 3.955153294373303652e-01
2.315415740013122559e+01 -2.688785593956708908e+00 3.759230442810803652e-01
4.931089568138122559e+01 -5.573917429894208908e+00 4.077986546326428652e-01
2.586558318138122559e+01 -2.586246531456708908e+00 3.822096653748303652e-01
2.854319548606872559e+01 -2.635440867394208908e+00 3.873061009217053652e-01
6.193736052513122559e+01 -5.486393015831708908e+00 4.341963597107678652e-01
6.500022673606872559e+01 -5.222232859581708908e+00 4.424055882263928652e-01
3.662681365013122559e+01 -2.519107859581708908e+00 4.046553440857678652e-01
2.100327849388122559e+01 -2.599552195519208908e+00 4.723128147888928652e-01
2.226743865013122559e+01 -2.577579539269208908e+00 4.802779026795178652e-01
2.368089079856872559e+01 -2.552188914269208908e+00 4.897688694763928652e-01
2.530027556419372559e+01 -2.525333445519208908e+00 5.006483860779553652e-01
2.725217986106872559e+01 -2.505802195519208908e+00 5.136488743592053652e-01
2.952036833763122559e+01 -2.482608836144208908e+00 5.287855931092053652e-01
3.216367888450622559e+01 -2.454166453331708908e+00 5.464094944763928652e-01
3.529636931419372559e+01 -2.419376414269208908e+00 5.681990452576428652e-01
2.123521208763122559e+01 -2.631534617394208908e+00 5.742720433045178652e-01
2.248435759544372559e+01 -2.605777781456708908e+00 5.884016819763928652e-01
2.388108611106872559e+01 -2.576725047081708908e+00 6.041945286560803652e-01
2.545896697044372559e+01 -2.543643992394208908e+00 6.220473118592053652e-01
2.724082732200622559e+01 -2.505680125206708908e+00 6.422041722107678652e-01
2.943943572044372559e+01 -2.476139109581708908e+00 6.669844456482678652e-01
3.222080779075622559e+01 -2.460269968956708908e+00 6.981734104920178652e-01
3.554038786888122559e+01 -2.439273875206708908e+00 7.354048558045178652e-01
2.106821990013122559e+01 -2.609684031456708908e+00 6.729353733826428652e-01
2.250510954856872559e+01 -2.609195750206708908e+00 6.950148411560803652e-01
2.414463591575622559e+01 -2.608707468956708908e+00 7.208021946717053652e-01
5.760130095481872559e+01 -6.067203562706708908e+00 1.226478464202955365e+00
6.585801482200622559e+01 -6.414981883019208908e+00 1.354301340179517865e+00
6.902390837669372559e+01 -6.150821726769208908e+00 1.405692941742017865e+00
7.460044646263122559e+01 -6.040103953331708908e+00 1.494102365570142865e+00
8.169688200950622559e+01 -5.952945750206708908e+00 1.608299142913892865e+00
5.369859099388122559e+01 -7.012882273644208908e+00 1.411338693695142865e+00
5.746043181419372559e+01 -7.031314890831708908e+00 1.487663156585767865e+00
5.560716032981872559e+01 -6.324161570519208908e+00 1.453910715179517865e+00
6.514378142356872559e+01 -6.896183054894208908e+00 1.644477731781080365e+00
6.799607634544372559e+01 -6.633853953331708908e+00 1.703864938812330365e+00
7.273008513450622559e+01 -6.497379343956708908e+00 1.800788766937330365e+00
7.888926482200622559e+01 -6.405094187706708908e+00 1.926414377288892865e+00
8.513779997825622559e+01 -6.217960398644208908e+00 2.054374582367017865e+00
5.629514861106872559e+01 -7.365177195519208908e+00 1.726112253265455365e+00
5.655454802513122559e+01 -6.918643992394208908e+00 1.734825021820142865e+00
5.544578337669372559e+01 -6.307071726769208908e+00 1.710304147796705365e+00
5.554905486106872559e+01 -5.846256297081708908e+00 1.713798410492017865e+00
7.115623259544372559e+01 -6.956363718956708908e+00 2.096351511077955365e+00
7.644627165794372559e+01 -6.845157664269208908e+00 2.230354196624830365e+00
5.782188200950622559e+01 -4.627506297081708908e+00 1.777900583343580365e+00
9.288474822044372559e+01 -6.811222117394208908e+00 2.639732248382642865e+00
5.885215544700622559e+01 -7.712223093956708908e+00 2.063835031585767865e+00
6.062046599388122559e+01 -7.435123484581708908e+00 2.115699655609205365e+00
5.532859587669372559e+01 -6.295108836144208908e+00 1.965049631195142865e+00
5.953648161888122559e+01 -6.285587351769208908e+00 2.089012033538892865e+00
5.830918669700622559e+01 -5.657291453331708908e+00 2.055732614593580365e+00
8.091648650169372559e+01 -7.263248484581708908e+00 2.714149362640455365e+00
5.761729216575622559e+01 -4.612369578331708908e+00 2.040107614593580365e+00
5.796861052513122559e+01 -4.153873484581708908e+00 2.053977853851392865e+00
8.691632986068725586e+00 -3.917885236442089081e-01 -1.899338893126696348e-01
8.710309743881225586e+00 -3.159828595817089081e-01 -1.899338893126696348e-01
8.725080251693725586e+00 -2.396889142692089081e-01 -1.899338893126696348e-01
8.739972829818725586e+00 -1.630287580192089081e-01 -1.899338893126696348e-01
8.754743337631225586e+00 -8.636860176920890808e-02 -1.899338893126696348e-01
8.769757986068725586e+00 -9.342234581708908081e-03 -1.899338893126696348e-01
8.784650564193725586e+00 6.768413260579109192e-02 -1.899338893126696348e-01
8.795636892318725586e+00 1.449546404182910919e-01 -1.899338893126696348e-01
9.473371267318725586e+00 -4.511146955192089081e-01 -1.893082789611071348e-01
9.477887868881225586e+00 -3.678627423942089081e-01 -1.886521510314196348e-01
9.482404470443725586e+00 -2.846107892692089081e-01 -1.879807643126696348e-01
9.491071462631225586e+00 -2.013588361442089081e-01 -1.872788600157946348e-01
9.495588064193725586e+00 -1.179848127067089081e-01 -1.866074732970446348e-01
9.496198415756225586e+00 -3.424457833170890808e-02 -1.859666041564196348e-01
9.500715017318725586e+00 4.900737479329109192e-02 -1.852952174376696348e-01
9.505231618881225586e+00 1.323813982307910919e-01 -1.846238307189196348e-01
1.034092497825622559e+01 -5.170326642692089081e-01 -1.856919459532946348e-01
1.035813689231872559e+01 -4.274330548942089081e-01 -1.855698756407946348e-01
1.037534880638122559e+01 -3.375893048942089081e-01 -1.854325465392321348e-01
1.039256072044372559e+01 -2.472572736442089081e-01 -1.853104762267321348e-01
1.040183806419372559e+01 -1.565590314567089081e-01 -1.847764186095446348e-01
1.040769743919372559e+01 -6.549457833170890808e-02 -1.840897731017321348e-01
1.041355681419372559e+01 2.532573416829109192e-02 -1.833878688048571348e-01
1.041941618919372559e+01 1.162681169807910919e-01 -1.827012232970446348e-01
1.138889861106872559e+01 -5.967445783317089081e-01 -1.823960475157946348e-01
1.141904997825622559e+01 -4.992103986442089081e-01 -1.823960475157946348e-01
1.142747282981872559e+01 -3.999672345817089081e-01 -1.817246607970446348e-01
1.143296599388122559e+01 -3.002357892692089081e-01 -1.809159449767321348e-01
1.143858122825622559e+01 -2.008705548942089081e-01 -1.801224879454821348e-01
1.144419646263122559e+01 -1.010170392692089081e-01 -1.793137721251696348e-01
1.144968962669372559e+01 -1.529734581708908081e-03 -1.785203150939196348e-01
1.144956755638122559e+01 9.795757010579109192e-02 -1.777573756407946348e-01
1.276951384544372559e+01 -7.016029767692089081e-01 -1.824570826720446348e-01
1.279820036888122559e+01 -5.924721173942089081e-01 -1.824570826720446348e-01
1.282700896263122559e+01 -4.829750470817089081e-01 -1.824570826720446348e-01
1.285593962669372559e+01 -3.727455548942089081e-01 -1.824570826720446348e-01
1.288499236106872559e+01 -2.623939923942089081e-01 -1.824570826720446348e-01
1.291416716575622559e+01 -1.514320783317089081e-01 -1.824570826720446348e-01
1.294334197044372559e+01 -4.034809395670890808e-02 -1.824570826720446348e-01
1.297263884544372559e+01 7.110210135579109192e-02 -1.824570826720446348e-01
1.450083708763122559e+01 -8.330727033317089081e-01 -1.825181178282946348e-01
1.454722380638122559e+01 -7.106361798942089081e-01 -1.825181178282946348e-01
1.458323454856872559e+01 -5.871010236442089081e-01 -1.825181178282946348e-01
1.461948943138122559e+01 -4.624672345817089081e-01 -1.825181178282946348e-01
1.465586638450622559e+01 -3.378334455192089081e-01 -1.825181178282946348e-01
1.469248747825622559e+01 -2.123451642692089081e-01 -1.825181178282946348e-01
1.472910857200622559e+01 -8.661274239420890808e-02 -1.825181178282946348e-01
1.475510954856872559e+01 3.960796073079109192e-02 -1.825181178282946348e-01
1.680491423606872559e+01 -1.007999461144208908e+00 -1.838761500548571348e-01
1.681565642356872559e+01 -8.640785627067089081e-01 -1.827775172423571348e-01
1.685642790794372559e+01 -7.217445783317089081e-01 -1.825944117736071348e-01
1.690354704856872559e+01 -5.788002423942089081e-01 -1.826096705626696348e-01
1.695066618919372559e+01 -4.356117658317089081e-01 -1.826096705626696348e-01
1.699815154075622559e+01 -2.913246564567089081e-01 -1.826096705626696348e-01
1.704563689231872559e+01 -1.467934064567089081e-01 -1.826096705626696348e-01
1.709348845481872559e+01 -1.651804894208908081e-03 -1.826096705626696348e-01
1.981565642356872559e+01 -1.236637156456708908e+00 -1.829301051329821348e-01
1.990464568138122559e+01 -1.072818797081708908e+00 -1.836167506407946348e-01
1.997202849388122559e+01 -9.064369611442089081e-01 -1.832200221251696348e-01
2.001658415794372559e+01 -7.372475080192089081e-01 -1.827164820861071348e-01
2.008067107200622559e+01 -5.689125470817089081e-01 -1.827164820861071348e-01
2.014524626731872559e+01 -3.991127423942089081e-01 -1.827164820861071348e-01
2.019016814231872559e+01 -2.284584455192089081e-01 -1.827164820861071348e-01
2.025510954856872559e+01 -5.743793770670890808e-02 -1.827164820861071348e-01
2.417832732200622559e+01 -1.567935984581708908e+00 -1.828690699767321348e-01
2.426914763450622559e+01 -1.367984812706708908e+00 -1.828690699767321348e-01
2.436057829856872559e+01 -1.166568797081708908e+00 -1.828843287657946348e-01
2.445286345481872559e+01 -9.631996564567089081e-01 -1.828843287657946348e-01
2.454551482200622559e+01 -7.592201642692089081e-01 -1.828843287657946348e-01
2.463902068138122559e+01 -5.530434064567089081e-01 -1.828843287657946348e-01
2.473289275169372559e+01 -3.462562970817089081e-01 -1.828843287657946348e-01
2.482737517356872559e+01 -1.381264142692089081e-01 -1.828995875548571348e-01
3.089439177513122559e+01 -2.077945750206708908e+00 -1.831284693907946348e-01
3.103794646263122559e+01 -1.825504343956708908e+00 -1.831284693907946348e-01
3.118272185325622559e+01 -1.570987742394208908e+00 -1.831284693907946348e-01
3.132932829856872559e+01 -1.313297312706708908e+00 -1.831284693907946348e-01
3.147654509544372559e+01 -1.054386179894208908e+00 -1.831437281798571348e-01
3.160288786888122559e+01 -7.916908673942089081e-01 -1.827622584532946348e-01
3.162913298606872559e+01 -5.253334455192089081e-01 -1.807328395079821348e-01
3.165537810325622559e+01 -2.587318830192089081e-01 -1.787034205626696348e-01
3.500571990013122559e+01 -2.390934031456708908e+00 -8.858501235954463482e-02
3.850034880638122559e+01 -2.330509226769208908e+00 -1.287614039611071348e-01
4.261082243919372559e+01 -2.248355906456708908e+00 -1.759110621642321348e-01
4.287962126731872559e+01 -1.901554148644208908e+00 -1.759110621642321348e-01
4.315098357200622559e+01 -1.551822703331708908e+00 -1.759263209532946348e-01
4.342661833763122559e+01 -1.196842234581708908e+00 -1.759415797423571348e-01
4.370591521263122559e+01 -8.388100080192089081e-01 -1.759568385314196348e-01
4.398557829856872559e+01 -4.765053205192089081e-01 -1.759568385314196348e-01
3.662705779075622559e+01 -2.515323679894208908e+00 6.221759994514286518e-02
3.932090544700622559e+01 -2.387393992394208908e+00 4.428852279670536518e-02
6.577549529075622559e+01 -3.621646922081708908e+00 -1.536484889220446348e-01
6.791184782981872559e+01 -3.176334422081708908e+00 -1.648331813048571348e-01
7.684348845481872559e+01 -2.986759226769208908e+00 -2.263261012267321348e-01
8.327317595481872559e+01 -2.561222117394208908e+00 -2.680588893126696348e-01
7.164939665794372559e+01 -1.564029734581708908e+00 -1.770859889220446348e-01
8.201988005638122559e+01 -1.147281687706708908e+00 -2.467576197814196348e-01
3.662693572044372559e+01 -2.516666453331708908e+00 2.339094944763928652e-01
3.932090544700622559e+01 -2.388858836144208908e+00 2.283552952576428652e-01
7.390720915794372559e+01 -4.105899851769208908e+00 1.264113255310803652e-01
8.221421599388122559e+01 -3.906803172081708908e+00 1.074141331482678652e-01
9.464048552513122559e+01 -3.747501414269208908e+00 7.781208236701786518e-02
6.091929411888122559e+01 -1.799137156456708908e+00 1.785963841248303652e-01
7.165159392356872559e+01 -1.567081492394208908e+00 1.556013890076428652e-01
8.511875700950622559e+01 -1.205387156456708908e+00 1.254652806092053652e-01
3.662669157981872559e+01 -2.518131297081708908e+00 4.046706028748303652e-01
3.932090544700622559e+01 -2.390323679894208908e+00 4.114149876404553652e-01
8.159580779075622559e+01 -4.564640086144208908e+00 4.824141331482678652e-01
9.093699431419372559e+01 -4.354312937706708908e+00 5.038832493592053652e-01
5.343613982200622559e+01 -1.995304148644208908e+00 4.445113011170178652e-01
6.024827361106872559e+01 -1.778629343956708908e+00 4.607008763123303652e-01
6.988023161888122559e+01 -1.523990672081708908e+00 4.831465550232678652e-01
8.174131560325622559e+01 -1.149112742394208908e+00 5.113142796326428652e-01
3.531956267356872559e+01 -2.420108836144208908e+00 5.683516331482678652e-01
3.902598357200622559e+01 -2.371891062706708908e+00 5.926436253357678652e-01
4.273374724388122559e+01 -2.262271922081708908e+00 6.183394261170178652e-01
4.708787322044372559e+01 -2.122745554894208908e+00 6.485976048279553652e-01
5.287278532981872559e+01 -1.973331492394208908e+00 6.884993382263928652e-01
3.556529021263122559e+01 -2.440128367394208908e+00 7.356795140076428652e-01
8.370884490013122559e+01 -5.398136179894208908e+00 1.255699045257642865e+00
9.533592009544372559e+01 -5.386539500206708908e+00 1.387046701507642865e+00
8.173716521263122559e+01 -5.953678172081708908e+00 1.608924753265455365e+00
8.989280486106872559e+01 -5.820133250206708908e+00 1.737327463226392865e+00
8.518943572044372559e+01 -6.219425242394208908e+00 2.055427438812330365e+00
9.712071013450622559e+01 -6.313419383019208908e+00 2.298896677093580365e+00
9.295579314231872559e+01 -6.813907664269208908e+00 2.641487009124830365e+00
5.796873259544372559e+01 -4.152164500206708908e+00 2.053993112640455365e+00
8.795758962631225586e+00 1.451987810432910919e-01 -1.899338893126696348e-01
8.802961111068725586e+00 2.227134294807910919e-01 -1.894608668517321348e-01
8.804303884506225586e+00 3.002280779182910919e-01 -1.888657740782946348e-01
8.805646657943725586e+00 3.781089372932910919e-01 -1.882706813048571348e-01
8.806989431381225586e+00 4.558677263557910919e-01 -1.876908473204821348e-01
8.808332204818725586e+00 5.337485857307910919e-01 -1.870957545470446348e-01
8.809674978256225586e+00 6.115073747932910919e-01 -1.865006617736071348e-01
8.806989431381225586e+00 6.891440935432910919e-01 -1.859055690001696348e-01
9.505231618881225586e+00 1.326255388557910919e-01 -1.846238307189196348e-01
9.513776540756225586e+00 2.159995622932910919e-01 -1.843491725157946348e-01
9.525739431381225586e+00 2.994956560432910919e-01 -1.842576197814196348e-01
9.541852712631225586e+00 3.834800310432910919e-01 -1.841355494689196348e-01
9.553815603256225586e+00 4.674644060432910919e-01 -1.840439967345446348e-01
9.561750173568725586e+00 5.518149919807910919e-01 -1.839829615782946348e-01
9.573835134506225586e+00 6.361655779182910919e-01 -1.838914088439196348e-01
9.585920095443725586e+00 7.207603044807910919e-01 -1.837998561095446348e-01
1.041941618919372559e+01 1.165122576057910919e-01 -1.827012232970446348e-01
1.042893767356872559e+01 2.074546404182910919e-01 -1.823655299376696348e-01
9.940656423568725586e+00 2.987632341682910919e-01 -1.579209498595446348e-01
9.868512868881225586e+00 3.855552263557910919e-01 -1.536637477111071348e-01
9.858503103256225586e+00 4.718589372932910919e-01 -1.524277857970446348e-01
1.049509978294372559e+01 5.741538591682910919e-01 -1.823655299376696348e-01
1.051170134544372559e+01 6.663169451057910919e-01 -1.823655299376696348e-01
1.052842497825622559e+01 7.589683122932910919e-01 -1.823655299376696348e-01
1.144968962669372559e+01 9.832378104329109192e-02 -1.777573756407946348e-01
1.146885466575622559e+01 1.976890154182910919e-01 -1.774216822814196348e-01
9.821515798568725586e+00 2.983970232307910919e-01 -1.043473414611071348e-01
9.795026540756225586e+00 3.845786638557910919e-01 -1.024247340392321348e-01
9.789899587631225586e+00 4.703940935432910919e-01 -1.014481715392321348e-01
1.159739470481872559e+01 6.005210466682910919e-01 -1.795273951720446348e-01
1.162986540794372559e+01 7.024497576057910919e-01 -1.800461940001696348e-01
1.165672087669372559e+01 8.046226091682910919e-01 -1.806260279845446348e-01
1.297288298606872559e+01 7.146831229329109192e-02 -1.824570826720446348e-01
1.299815154075622559e+01 1.834067888557910919e-01 -1.824570826720446348e-01
9.770490407943725586e+00 2.980308122932910919e-01 -5.480205337516963482e-02
9.752546072006225586e+00 3.838462419807910919e-01 -5.333720962516963482e-02
9.748761892318725586e+00 4.692954607307910919e-01 -5.243694107048213482e-02
1.260362029075622559e+01 6.244468279182910919e-01 -1.630784205626696348e-01
1.312583708763122559e+01 7.506675310432910919e-01 -1.824723414611071348e-01
1.315171599388122559e+01 8.652915544807910919e-01 -1.824723414611071348e-01
1.475547575950622559e+01 4.009624198079109192e-02 -1.825333766173571348e-01
1.479881072044372559e+01 1.666831560432910919e-01 -1.825333766173571348e-01
9.738141775131225586e+00 2.976646013557910919e-01 -6.126516265794634819e-03
9.724347829818725586e+00 3.831138201057910919e-01 -4.890554351732134819e-03
9.720929861068725586e+00 4.683188982307910919e-01 -4.005544586107134819e-03
1.249461150169372559e+01 6.211509294807910919e-01 -9.870158950798213482e-02
1.496397185325622559e+01 8.098716326057910919e-01 -1.825333766173571348e-01
1.498631072044372559e+01 9.396323747932910919e-01 -1.825333766173571348e-01
1.709385466575622559e+01 -1.163523644208908081e-03 -1.826096705626696348e-01
1.713731169700622559e+01 1.448325701057910919e-01 -1.826096705626696348e-01
9.718122243881225586e+00 2.971763201057910919e-01 4.161823471076786518e-02
9.705426931381225586e+00 3.826255388557910919e-01 4.276264389045536518e-02
9.702131032943725586e+00 4.675864763557910919e-01 4.363239486701786518e-02
1.244456267356872559e+01 6.194419451057910919e-01 -3.740703384391963482e-02
1.735838103294372559e+01 8.870200701057910919e-01 -1.826249293517321348e-01
1.740318083763122559e+01 1.037654835730791092e+00 -1.826249293517321348e-01
2.025559782981872559e+01 -5.682758614420890808e-02 -1.827317408751696348e-01
2.031651091575622559e+01 1.151694841682910919e-01 -1.827317408751696348e-01
9.708234548568725586e+00 2.968101091682910919e-01 8.917988021858036518e-02
9.696515798568725586e+00 3.821372576057910919e-01 9.024799545295536518e-02
9.692975759506225586e+00 4.670981951057910919e-01 9.110248764045536518e-02
9.907209157943725586e+00 5.575522966682910919e-01 8.646381576545536518e-02
9.882795095443725586e+00 6.434897966682910919e-01 8.759296615608036518e-02
9.837018728256225586e+00 7.282065935432910919e-01 8.953083236701786518e-02
2.482798552513122559e+01 -1.373939923942089081e-01 -1.828995875548571348e-01
2.491904997825622559e+01 7.220073416829109192e-02 -1.828995875548571348e-01
9.705426931381225586e+00 2.963218279182910919e-01 1.362379856873303652e-01
9.493879079818725586e+00 3.801841326057910919e-01 1.413954563904553652e-01
9.439313650131225586e+00 4.625815935432910919e-01 1.432875462342053652e-01
9.402570486068725586e+00 5.448569841682910919e-01 1.447981663513928652e-01
9.373761892318725586e+00 6.265220232307910919e-01 1.461256809998303652e-01
9.347394704818725586e+00 7.078208513557910919e-01 1.474074192810803652e-01
3.165562224388122559e+01 -2.578773908317089081e-01 -1.787034205626696348e-01
3.167979216575622559e+01 9.090382605791091919e-03 -1.766587428282946348e-01
9.708966970443725586e+00 2.959556169807910919e-01 1.831587620545178652e-01
9.469465017318725586e+00 3.795737810432910919e-01 1.878126927185803652e-01
9.364728689193725586e+00 4.609946794807910919e-01 1.902540989685803652e-01
9.326276540756225586e+00 5.426597185432910919e-01 1.916121311951428652e-01
9.298200368881225586e+00 6.237144060432910919e-01 1.928175755310803652e-01
9.272687673568725586e+00 7.044028826057910919e-01 1.939619847107678652e-01
4.398765349388122559e+01 -4.752846173942089081e-01 -1.759720973204821348e-01
4.427647185325622559e+01 -1.084633283317089081e-01 -1.759720973204821348e-01
9.719709157943725586e+00 2.954673357307910919e-01 2.302626438904553652e-01
9.455304861068725586e+00 3.789634294807910919e-01 2.341078587342053652e-01
9.353254079818725586e+00 4.603843279182910919e-01 2.360457249451428652e-01
9.312726736068725586e+00 5.418052263557910919e-01 2.372664280701428652e-01
9.282941579818725586e+00 6.227378435432910919e-01 2.383498020935803652e-01
9.257795095443725586e+00 7.033042497932910919e-01 2.393721409607678652e-01
8.212302947044372559e+01 -1.146793406456708908e+00 -2.474747828673571348e-01
9.741071462631225586e+00 2.951011247932910919e-01 2.771529026795178652e-01
9.444806814193725586e+00 3.784751482307910919e-01 2.800062962342053652e-01
9.352521657943725586e+00 4.598960466682910919e-01 2.814101048279553652e-01
9.311017751693725586e+00 5.414390154182910919e-01 2.824477024842053652e-01
9.271711111068725586e+00 6.218833513557910919e-01 2.834700413513928652e-01
9.246442556381225586e+00 7.024497576057910919e-01 2.843855686951428652e-01
8.511863493919372559e+01 -1.202945750206708908e+00 1.254957981873303652e-01
9.648786306381225586e+00 2.947349138557910919e-01 3.245009251404553652e-01
9.439191579818725586e+00 3.779868669807910919e-01 3.257979222107678652e-01
9.365339040756225586e+00 4.597739763557910919e-01 3.267287083435803652e-01
9.327131032943725586e+00 5.413169451057910919e-01 3.275832005310803652e-01
9.295881032943725586e+00 6.222495622932910919e-01 3.286513157654553652e-01
9.270734548568725586e+00 7.029380388557910919e-01 3.294600315857678652e-01
8.186436247825622559e+01 -1.148990672081708908e+00 5.115736790467053652e-01
9.615705251693725586e+00 2.943687029182910919e-01 3.713759251404553652e-01
9.471662282943725586e+00 3.778647966682910919e-01 3.718489476013928652e-01
9.398175954818725586e+00 4.597739763557910919e-01 3.724592991638928652e-01
9.354230642318725586e+00 5.415610857307910919e-01 3.731154270935803652e-01
9.319562673568725586e+00 6.226157732307910919e-01 3.738020726013928652e-01
9.294294118881225586e+00 7.034263201057910919e-01 3.745039768982678652e-01
9.624006032943725586e+00 2.938804216682910919e-01 4.179610081482678652e-01
9.483136892318725586e+00 3.774985857307910919e-01 4.178084202576428652e-01
9.387555837631225586e+00 4.591636247932910919e-01 4.179304905701428652e-01
9.334943532943725586e+00 5.407065935432910919e-01 4.183424778748303652e-01
9.298078298568725586e+00 6.215171404182910919e-01 4.188460179138928652e-01
9.274030447006225586e+00 7.022056169807910919e-01 4.196852513123303652e-01
9.636823415756225586e+00 2.933921404182910919e-01 4.649275608826428652e-01
9.491071462631225586e+00 3.771323747932910919e-01 4.640730686951428652e-01
9.390119314193725586e+00 4.587974138557910919e-01 4.636915989685803652e-01
9.335309743881225586e+00 5.402183122932910919e-01 4.638441868592053652e-01
9.298932790756225586e+00 6.210288591682910919e-01 4.641951390076428652e-01
9.276471853256225586e+00 7.018394060432910919e-01 4.646986790467053652e-01
9.658063650131225586e+00 2.930259294807910919e-01 5.118941136170178652e-01
9.504132986068725586e+00 3.767661638557910919e-01 5.102309056092053652e-01
9.404157400131225586e+00 4.586753435432910919e-01 5.094221897888928652e-01
9.357892751693725586e+00 5.403403826057910919e-01 5.094527073670178652e-01
9.321515798568725586e+00 6.213950701057910919e-01 5.096510716248303652e-01
9.298566579818725586e+00 7.023276872932910919e-01 5.102919407654553652e-01
9.692121267318725586e+00 2.925376482307910919e-01 5.595473118592053652e-01
9.517316579818725586e+00 3.765220232307910919e-01 5.567702122498303652e-01
9.426984548568725586e+00 4.585532732307910919e-01 5.557020970154553652e-01
9.392926931381225586e+00 5.407065935432910919e-01 5.557783909607678652e-01
9.359235525131225586e+00 6.221274919807910919e-01 5.558699436951428652e-01
9.338849782943725586e+00 7.035483904182910919e-01 5.562208958435803652e-01
9.758771657943725586e+00 2.920493669807910919e-01 6.083449192810803652e-01
9.534162282943725586e+00 3.761558122932910919e-01 6.032637425232678652e-01
9.423810720443725586e+00 4.580649919807910919e-01 6.012800999451428652e-01
9.393659353256225586e+00 5.403403826057910919e-01 6.015547581482678652e-01
9.370221853256225586e+00 6.220054216682910919e-01 6.017378636170178652e-01
9.351300954818725586e+00 7.035483904182910919e-01 6.020430393982678652e-01
9.557599782943725586e+00 3.759116716682910919e-01 6.503371067810803652e-01
9.430158376693725586e+00 4.576987810432910919e-01 6.473463841248303652e-01
9.385846853256225586e+00 5.397300310432910919e-01 6.468123265076428652e-01
9.363385915756225586e+00 6.213950701057910919e-01 6.469343968201428652e-01
9.345685720443725586e+00 7.029380388557910919e-01 6.474379368592053652e-01
8.806989431381225586e+00 6.893882341682910919e-01 -1.859055690001696348e-01
8.808942556381225586e+00 7.672690935432910919e-01 -1.853104762267321348e-01
8.806867361068725586e+00 8.450278826057910919e-01 -1.847153834532946348e-01
8.804792165756225586e+00 9.230308122932910919e-01 -1.841202906798571348e-01
8.802716970443725586e+00 1.000911671668291092e+00 -1.835251979064196348e-01
8.800519704818725586e+00 1.079158741980791092e+00 -1.829301051329821348e-01
8.798444509506225586e+00 1.157039601355791092e+00 -1.823350123595446348e-01
8.802350759506225586e+00 1.235652882605791092e+00 -1.823044947814196348e-01
9.586042165756225586e+00 7.210044451057910919e-01 -1.837998561095446348e-01
9.594953298568725586e+00 8.057212419807910919e-01 -1.837388209532946348e-01
9.603986501693725586e+00 8.905601091682910919e-01 -1.836625270079821348e-01
9.617170095443725586e+00 9.763755388557910919e-01 -1.835557154845446348e-01
9.618512868881225586e+00 1.061214406043291092e+00 -1.830979518126696348e-01
9.611921072006225586e+00 1.145809132605791092e+00 -1.824418238829821348e-01
9.620099782943725586e+00 1.231502491980791092e+00 -1.823350123595446348e-01
9.630597829818725586e+00 1.317684132605791092e+00 -1.823350123595446348e-01
1.052842497825622559e+01 7.592124529182910919e-01 -1.823807887267321348e-01
1.054136443138122559e+01 8.518638201057910919e-01 -1.823807887267321348e-01
1.055430388450622559e+01 9.450034685432910919e-01 -1.823807887267321348e-01
1.056736540794372559e+01 1.038631398230791092e+00 -1.823807887267321348e-01
1.058042693138122559e+01 1.132259327918291092e+00 -1.823807887267321348e-01
1.059348845481872559e+01 1.226619679480791092e+00 -1.823807887267321348e-01
1.060667204856872559e+01 1.320980031043291092e+00 -1.823807887267321348e-01
1.061985564231872559e+01 1.415706593543291092e+00 -1.823807887267321348e-01
1.165696501731872559e+01 8.049888201057910919e-01 -1.806412867736071348e-01
1.169224333763122559e+01 9.081382341682910919e-01 -1.811600856017321348e-01
1.172178435325622559e+01 1.011775929480791092e+00 -1.817246607970446348e-01
1.175169157981872559e+01 1.116268116980791092e+00 -1.822892359923571348e-01
1.177134490013122559e+01 1.220272023230791092e+00 -1.824265650939196348e-01
1.178819060325622559e+01 1.324886281043291092e+00 -1.824265650939196348e-01
1.180515837669372559e+01 1.429622609168291092e+00 -1.824265650939196348e-01
1.181492400169372559e+01 1.533992726355791092e+00 -1.824265650939196348e-01
1.315183806419372559e+01 8.656577654182910919e-01 -1.824723414611071348e-01
1.317344450950622559e+01 9.805259294807910919e-01 -1.824723414611071348e-01
1.319517302513122559e+01 1.096004445105791092e+00 -1.824723414611071348e-01
1.321702361106872559e+01 1.212337452918291092e+00 -1.824723414611071348e-01
1.323887419700622559e+01 1.328792531043291092e+00 -1.824723414611071348e-01
1.326096892356872559e+01 1.446102101355791092e+00 -1.824723414611071348e-01
1.328306365013122559e+01 1.563533741980791092e+00 -1.824723414611071348e-01
1.330528044700622559e+01 1.681575734168291092e+00 -1.824723414611071348e-01
1.498655486106872559e+01 9.401206560432910919e-01 -1.825333766173571348e-01
1.502671599388122559e+01 1.071224171668291092e+00 -1.825333766173571348e-01
1.505589079856872559e+01 1.202449757605791092e+00 -1.825333766173571348e-01
1.508543181419372559e+01 1.334896046668291092e+00 -1.825333766173571348e-01
1.511485075950622559e+01 1.467464406043291092e+00 -1.825333766173571348e-01
1.514463591575622559e+01 1.601131398230791092e+00 -1.825333766173571348e-01
1.517442107200622559e+01 1.735042531043291092e+00 -1.825486354064196348e-01
1.519285368919372559e+01 1.868465382605791092e+00 -1.825486354064196348e-01
1.740342497825622559e+01 1.038143116980791092e+00 -1.826249293517321348e-01
1.744383025169372559e+01 1.189388234168291092e+00 -1.826249293517321348e-01
1.748447966575622559e+01 1.341365773230791092e+00 -1.826249293517321348e-01
1.752537322044372559e+01 1.494808156043291092e+00 -1.826249293517321348e-01
1.756651091575622559e+01 1.648616749793291092e+00 -1.826249293517321348e-01
1.760789275169372559e+01 1.803768116980791092e+00 -1.826249293517321348e-01
1.764951872825622559e+01 1.959407765418291092e+00 -1.826249293517321348e-01
1.769126677513122559e+01 2.115779835730791092e+00 -1.826401881407946348e-01
9.836896657943725586e+00 7.285728044807910919e-01 8.953083236701786518e-02
9.838727712631225586e+00 8.148765154182910919e-01 9.020221908576786518e-02
1.033067107200622559e+01 9.295005388557910919e-01 7.891071517951786518e-02
1.032822966575622559e+01 1.020320851355791092e+00 7.973468978889286518e-02
2.097300505638122559e+01 1.900325734168291092e+00 -1.833420924376696348e-01
2.097678923606872559e+01 2.080989796668291092e+00 -1.819382838439196348e-01
9.744123220443725586e+00 1.239925343543291092e+00 9.615314682014286518e-02
9.854596853256225586e+00 1.336971241980791092e+00 9.413898666389286518e-02
9.347272634506225586e+00 7.080649919807910919e-01 1.474226780701428652e-01
9.326886892318725586e+00 7.893638201057910919e-01 1.485518284607678652e-01
9.288923025131225586e+00 8.693198747932910919e-01 1.500319309998303652e-01
9.274274587631225586e+00 9.504966326057910919e-01 1.510390110779553652e-01
9.275373220443725586e+00 1.032405812293291092e+00 1.517256565857678652e-01
9.256940603256225586e+00 1.113216359168291092e+00 1.528090306092053652e-01
9.250470876693725586e+00 1.194515187293291092e+00 1.536330052185803652e-01
9.247297048568725586e+00 1.276180226355791092e+00 1.544112034607678652e-01
9.272565603256225586e+00 7.046470232307910919e-01 1.939619847107678652e-01
9.252912282943725586e+00 7.852134294807910919e-01 1.949995823670178652e-01
9.239362478256225586e+00 8.660239763557910919e-01 1.959456272888928652e-01
9.226178884506225586e+00 9.468345232307910919e-01 1.968916722107678652e-01
9.217389822006225586e+00 1.027767140418291092e+00 1.977614231873303652e-01
9.211042165756225586e+00 1.108943898230791092e+00 1.985853977967053652e-01
9.205793142318725586e+00 1.189998585730791092e+00 1.993941136170178652e-01
9.203595876693725586e+00 1.271419484168291092e+00 2.001723118592053652e-01
9.257673025131225586e+00 7.035483904182910919e-01 2.393873997498303652e-01
9.238507986068725586e+00 7.841147966682910919e-01 2.403487034607678652e-01
9.224225759506225586e+00 8.646812029182910919e-01 2.412642308045178652e-01
9.215680837631225586e+00 9.457358904182910919e-01 2.421187229920178652e-01
9.208356618881225586e+00 1.026546437293291092e+00 2.429579563904553652e-01
9.200788259506225586e+00 1.107601124793291092e+00 2.437971897888928652e-01
9.197370290756225586e+00 1.188777882605791092e+00 2.445906468201428652e-01
9.193830251693725586e+00 1.269954640418291092e+00 2.453841038513928652e-01
9.246320486068725586e+00 7.026938982307910919e-01 2.843855686951428652e-01
9.227155447006225586e+00 7.831382341682910919e-01 2.853010960388928652e-01
9.227399587631225586e+00 8.644370622932910919e-01 2.860792942810803652e-01
9.222882986068725586e+00 9.457358904182910919e-01 2.868880101013928652e-01
9.215558767318725586e+00 1.026668507605791092e+00 2.877272434998303652e-01
9.207380056381225586e+00 1.107723195105791092e+00 2.885664768982678652e-01
9.203962087631225586e+00 1.188899952918291092e+00 2.893599339295178652e-01
9.200422048568725586e+00 1.270198781043291092e+00 2.901686497498303652e-01
9.270612478256225586e+00 7.031821794807910919e-01 3.294600315857678652e-01
9.252912282943725586e+00 7.838706560432910919e-01 3.302992649842053652e-01
9.239850759506225586e+00 8.646812029182910919e-01 3.308943577576428652e-01
9.230085134506225586e+00 9.457358904182910919e-01 3.317335911560803652e-01
9.223005056381225586e+00 1.026790577918291092e+00 3.325423069763928652e-01
9.213971853256225586e+00 1.107845265418291092e+00 3.333815403748303652e-01
9.210553884506225586e+00 1.189022023230791092e+00 3.344343968201428652e-01
9.207135915756225586e+00 1.270320851355791092e+00 3.352431126404553652e-01
9.294172048568725586e+00 7.037925310432910919e-01 3.745039768982678652e-01
9.276593923568725586e+00 7.846030779182910919e-01 3.752974339295178652e-01
9.263288259506225586e+00 8.655356951057910919e-01 3.760908909607678652e-01
9.252668142318725586e+00 9.468345232307910919e-01 3.768996067810803652e-01
9.245099782943725586e+00 1.027889210730791092e+00 3.777235813904553652e-01
9.239118337631225586e+00 1.109432179480791092e+00 3.785475559998303652e-01
9.234479665756225586e+00 1.190731007605791092e+00 3.793715306092053652e-01
9.232282400131225586e+00 1.272396046668291092e+00 3.801955052185803652e-01
9.273908376693725586e+00 7.024497576057910919e-01 4.196852513123303652e-01
9.257062673568725586e+00 7.832603044807910919e-01 4.201887913513928652e-01
9.242780447006225586e+00 8.639487810432910919e-01 4.209364720154553652e-01
9.230329275131225586e+00 9.448813982307910919e-01 4.217146702576428652e-01
9.221418142318725586e+00 1.025691945105791092e+00 4.225081272888928652e-01
9.214093923568725586e+00 1.106868702918291092e+00 4.233168431092053652e-01
9.208234548568725586e+00 1.187923390418291092e+00 4.241255589295178652e-01
9.205793142318725586e+00 1.269222218543291092e+00 4.252089329529553652e-01
9.276349782943725586e+00 7.022056169807910919e-01 4.646986790467053652e-01
9.260236501693725586e+00 7.828940935432910919e-01 4.654005833435803652e-01
9.246564626693725586e+00 8.637046404182910919e-01 4.661177464295178652e-01
9.235090017318725586e+00 9.447593279182910919e-01 4.668806858826428652e-01
9.227277517318725586e+00 1.025691945105791092e+00 4.676588841248303652e-01
9.221051931381225586e+00 1.106990773230791092e+00 4.684828587342053652e-01
9.216413259506225586e+00 1.188167531043291092e+00 4.693068333435803652e-01
9.214460134506225586e+00 1.269588429480791092e+00 4.701765843201428652e-01
9.298444509506225586e+00 7.025718279182910919e-01 5.102919407654553652e-01
9.281965017318725586e+00 7.836265154182910919e-01 5.106886692810803652e-01
9.268659353256225586e+00 8.645591326057910919e-01 5.113905735779553652e-01
9.257428884506225586e+00 9.457358904182910919e-01 5.121229954529553652e-01
9.249738454818725586e+00 1.026912648230791092e+00 5.129164524842053652e-01
9.244001150131225586e+00 1.108455616980791092e+00 5.137404270935803652e-01
9.239850759506225586e+00 1.189876515418291092e+00 5.145796604920178652e-01
9.238630056381225586e+00 1.271541554480791092e+00 5.157240696717053652e-01
9.338849782943725586e+00 7.037925310432910919e-01 5.562208958435803652e-01
9.323590993881225586e+00 7.850913591682910919e-01 5.568465061951428652e-01
9.311628103256225586e+00 8.665122576057910919e-01 5.575484104920178652e-01
9.302472829818725586e+00 9.482993669807910919e-01 5.582960911560803652e-01
9.295148611068725586e+00 1.029842335730791092e+00 5.590895481873303652e-01
9.289045095443725586e+00 1.111629445105791092e+00 5.598982640076428652e-01
9.284284353256225586e+00 1.193416554480791092e+00 5.607527561951428652e-01
9.282087087631225586e+00 1.275325734168291092e+00 5.616530247498303652e-01
9.351178884506225586e+00 7.039146013557910919e-01 6.020430393982678652e-01
9.337751150131225586e+00 7.853354997932910919e-01 6.026686497498303652e-01
9.327619314193725586e+00 8.670005388557910919e-01 6.033858128357678652e-01
9.319806814193725586e+00 9.489097185432910919e-01 6.039198704529553652e-01
9.313459157943725586e+00 1.030696827918291092e+00 6.047285862732678652e-01
9.307965993881225586e+00 1.112728077918291092e+00 6.058119602967053652e-01
9.303571462631225586e+00 1.194637257605791092e+00 6.066664524842053652e-01
9.301007986068725586e+00 1.276790577918291092e+00 6.075667210388928652e-01
9.345563650131225586e+00 7.031821794807910919e-01 6.474379368592053652e-01
9.332868337631225586e+00 7.847251482307910919e-01 6.478041477967053652e-01
9.322980642318725586e+00 8.662681169807910919e-01 6.485060520935803652e-01
9.315412282943725586e+00 9.481772966682910919e-01 6.492842503357678652e-01
9.309064626693725586e+00 1.029842335730791092e+00 6.500929661560803652e-01
9.303571462631225586e+00 1.111995656043291092e+00 6.509169407654553652e-01
9.299054861068725586e+00 1.193782765418291092e+00 6.517866917420178652e-01
9.296125173568725586e+00 1.275814015418291092e+00 6.529311009217053652e-01
8.802472829818725586e+00 1.236019093543291092e+00 -1.823197535704821348e-01
8.811383962631225586e+00 1.315364796668291092e+00 -1.823197535704821348e-01
8.816388845443725586e+00 1.394588429480791092e+00 -1.823197535704821348e-01
8.821271657943725586e+00 1.474300343543291092e+00 -1.823197535704821348e-01
8.826276540756225586e+00 1.554012257605791092e+00 -1.823197535704821348e-01
8.831281423568725586e+00 1.634212452918291092e+00 -1.823197535704821348e-01
8.836286306381225586e+00 1.714534718543291092e+00 -1.823197535704821348e-01
8.837140798568725586e+00 1.794368702918291092e+00 -1.823197535704821348e-01
9.630719900131225586e+00 1.318050343543291092e+00 -1.823502711486071348e-01
9.637555837631225586e+00 1.404109913855791092e+00 -1.823502711486071348e-01
9.644269704818725586e+00 1.490413624793291092e+00 -1.823502711486071348e-01
9.655988454818725586e+00 1.578060109168291092e+00 -1.823502711486071348e-01
9.662824392318725586e+00 1.664974171668291092e+00 -1.823502711486071348e-01
9.664899587631225586e+00 1.752010304480791092e+00 -1.823502711486071348e-01
9.671735525131225586e+00 1.839534718543291092e+00 -1.823502711486071348e-01
9.678693532943725586e+00 1.927425343543291092e+00 -1.823502711486071348e-01
1.061997771263122559e+01 1.415950734168291092e+00 -1.823807887267321348e-01
1.062925505638122559e+01 1.510677296668291092e+00 -1.823807887267321348e-01
1.063865447044372559e+01 1.605647999793291092e+00 -1.823807887267321348e-01
1.064805388450622559e+01 1.701351124793291092e+00 -1.823807887267321348e-01
1.065745329856872559e+01 1.797054249793291092e+00 -1.823807887267321348e-01
1.066697478294372559e+01 1.893489796668291092e+00 -1.823807887267321348e-01
1.067637419700622559e+01 1.989925343543291092e+00 -1.823807887267321348e-01
9.773664236068725586e+00 1.941951710730791092e+00 -1.391373805236071348e-01
1.181504607200622559e+01 1.534358937293291092e+00 -1.824265650939196348e-01
1.183506560325622559e+01 1.640193898230791092e+00 -1.824265650939196348e-01
1.184788298606872559e+01 1.745662648230791092e+00 -1.824265650939196348e-01
1.186094450950622559e+01 1.851985890418291092e+00 -1.824265650939196348e-01
1.187388396263122559e+01 1.958431202918291092e+00 -1.824265650939196348e-01
1.188706755638122559e+01 2.065731007605791092e+00 -1.824265650939196348e-01
1.190012907981872559e+01 2.173030812293291092e+00 -1.824265650939196348e-01
9.714948415756225586e+00 1.932064015418291092e+00 -8.872234146110713482e-02
1.330564665794372559e+01 1.681941945105791092e+00 -1.824876002501696348e-01
1.332359099388122559e+01 1.800106007605791092e+00 -1.824876002501696348e-01
1.334153532981872559e+01 1.918758351355791092e+00 -1.824876002501696348e-01
1.335960173606872559e+01 2.038265187293291092e+00 -1.824876002501696348e-01
1.249204802513122559e+01 2.040096241980791092e+00 -1.486130885314196348e-01
1.246592497825622559e+01 2.147029835730791092e+00 -1.469651393126696348e-01
1.341441130638122559e+01 2.399715382605791092e+00 -1.824876002501696348e-01
9.683576345443725586e+00 1.926570851355791092e+00 -3.965007583610713482e-02
1.519321990013122559e+01 1.868953663855791092e+00 -1.825486354064196348e-01
1.523020720481872559e+01 2.004939991980791092e+00 -1.825486354064196348e-01
1.525571990013122559e+01 2.140438038855791092e+00 -1.825638941954821348e-01
1.528159880638122559e+01 2.277156788855791092e+00 -1.825638941954821348e-01
1.242112517356872559e+01 2.030086476355791092e+00 -8.559428970329463482e-02
1.238694548606872559e+01 2.135189015418291092e+00 -8.373271743766963482e-02
1.535960173606872559e+01 2.690853077918291092e+00 -1.825638941954821348e-01
9.662091970443725586e+00 1.922664601355791092e+00 8.537180023267865181e-03
1.769199919700622559e+01 2.116390187293291092e+00 -1.826554469298571348e-01
9.906110525131225586e+00 1.430477101355791092e+00 4.537189682014286518e-02
1.769761443138122559e+01 2.423274952918291092e+00 -1.806565455626696348e-01
1.769480681419372559e+01 2.577083546668291092e+00 -1.794816188048571348e-01
1.239060759544372559e+01 2.025325734168291092e+00 -2.472698013298213482e-02
1.234519743919372559e+01 2.128597218543291092e+00 -2.263652603141963482e-02
1.768613982200622559e+01 3.038997609168291092e+00 -1.759568385314196348e-01
9.648053884506225586e+00 1.919856984168291092e+00 5.655658920295536518e-02
9.854840993881225586e+00 1.337337452918291092e+00 9.413898666389286518e-02
9.889264822006225586e+00 1.428157765418291092e+00 9.395588119514286518e-02
1.004014372825622559e+01 1.533382374793291092e+00 9.120929916389286518e-02
9.804548025131225586e+00 1.593440968543291092e+00 9.763324935920536518e-02
9.790754079818725586e+00 1.678890187293291092e+00 9.864032943733036518e-02
9.827131032943725586e+00 1.771785695105791092e+00 9.842670639045536518e-02
9.847760915756225586e+00 1.862728077918291092e+00 9.835041244514286518e-02
9.641828298568725586e+00 1.918392140418291092e+00 1.039961643982678652e-01
9.247297048568725586e+00 1.276546437293291092e+00 1.544112034607678652e-01
9.245099782943725586e+00 1.358333546668291092e+00 1.551283665467053652e-01
9.246076345443725586e+00 1.440731007605791092e+00 1.557997532654553652e-01
9.250959157943725586e+00 1.523982960730791092e+00 1.563795872498303652e-01
9.278058767318725586e+00 1.610286671668291092e+00 1.565321751404553652e-01
9.290876150131225586e+00 1.695369679480791092e+00 1.569594212342053652e-01
9.308210134506225586e+00 1.781307179480791092e+00 1.573103733826428652e-01
9.329084157943725586e+00 1.868221241980791092e+00 1.576002903748303652e-01
9.203717947006225586e+00 1.271663624793291092e+00 2.001723118592053652e-01
9.202985525131225586e+00 1.353328663855791092e+00 2.009047337342053652e-01
9.204694509506225586e+00 1.435359913855791092e+00 2.015913792420178652e-01
9.209821462631225586e+00 1.518367726355791092e+00 2.022475071717053652e-01
9.217023611068725586e+00 1.601619679480791092e+00 2.028578587342053652e-01
9.230695486068725586e+00 1.686336476355791092e+00 2.033919163513928652e-01
9.249860525131225586e+00 1.772029835730791092e+00 2.038344212342053652e-01
9.273175954818725586e+00 1.858943898230791092e+00 2.042311497498303652e-01
9.193830251693725586e+00 1.270198781043291092e+00 2.453841038513928652e-01
9.195173025131225586e+00 1.351985890418291092e+00 2.461470433045178652e-01
9.196027517318725586e+00 1.433895070105791092e+00 2.469099827576428652e-01
9.195173025131225586e+00 1.516048390418291092e+00 2.476881809998303652e-01
9.202619314193725586e+00 1.599178273230791092e+00 2.483900852967053652e-01
9.215802907943725586e+00 1.683772999793291092e+00 2.490309544373303652e-01
9.235578298568725586e+00 1.769344288855791092e+00 2.495955296326428652e-01
9.264264822006225586e+00 1.856990773230791092e+00 2.500838108826428652e-01
9.200422048568725586e+00 1.270442921668291092e+00 2.901686497498303652e-01
9.202375173568725586e+00 1.352352101355791092e+00 2.909773655701428652e-01
9.203351736068725586e+00 1.434261281043291092e+00 2.917860813904553652e-01
9.197126150131225586e+00 1.515804249793291092e+00 2.926405735779553652e-01
9.194806814193725586e+00 1.597713429480791092e+00 2.934798069763928652e-01
9.208234548568725586e+00 1.682186085730791092e+00 2.942274876404553652e-01
9.228864431381225586e+00 1.767879445105791092e+00 2.949446507263928652e-01
9.263532400131225586e+00 1.856380421668291092e+00 2.955855198670178652e-01
9.207135915756225586e+00 1.270564991980791092e+00 3.352431126404553652e-01
9.209821462631225586e+00 1.352596241980791092e+00 3.361128636170178652e-01
9.210553884506225586e+00 1.434627491980791092e+00 3.367384739685803652e-01
9.216901540756225586e+00 1.517757374793291092e+00 3.375929661560803652e-01
9.224836111068725586e+00 1.601131398230791092e+00 3.384627171326428652e-01
9.237775564193725586e+00 1.685848195105791092e+00 3.393324681092053652e-01
9.260114431381225586e+00 1.772029835730791092e+00 3.404158421326428652e-01
9.289167165756225586e+00 1.859920460730791092e+00 3.412855931092053652e-01
9.232282400131225586e+00 1.272640187293291092e+00 3.801955052185803652e-01
9.231794118881225586e+00 1.354549366980791092e+00 3.811110325623303652e-01
9.232892751693725586e+00 1.436702687293291092e+00 3.820265599060803652e-01
9.236676931381225586e+00 1.519710499793291092e+00 3.829726048279553652e-01
9.243757009506225586e+00 1.603206593543291092e+00 3.839186497498303652e-01
9.255475759506225586e+00 1.687801320105791092e+00 3.848799534607678652e-01
9.277326345443725586e+00 1.774105031043291092e+00 3.858870335388928652e-01
9.307477712631225586e+00 1.862239796668291092e+00 3.869398899842053652e-01
9.205793142318725586e+00 1.269588429480791092e+00 4.252241917420178652e-01
9.205549001693725586e+00 1.351253468543291092e+00 4.259413548279553652e-01
9.207013845443725586e+00 1.433284718543291092e+00 4.269179173279553652e-01
9.211896657943725586e+00 1.516170460730791092e+00 4.279249974060803652e-01
9.219220876693725586e+00 1.599422413855791092e+00 4.289473362732678652e-01
9.229474782943725586e+00 1.683650929480791092e+00 4.300001927185803652e-01
9.248029470443725586e+00 1.769222218543291092e+00 4.311293431092053652e-01
9.282453298568725586e+00 1.857723195105791092e+00 4.326399632263928652e-01
9.214460134506225586e+00 1.269954640418291092e+00 4.701765843201428652e-01
9.214215993881225586e+00 1.351619679480791092e+00 4.711836643982678652e-01
9.215802907943725586e+00 1.433772999793291092e+00 4.722212620545178652e-01
9.220685720443725586e+00 1.516780812293291092e+00 4.733046360779553652e-01
9.228132009506225586e+00 1.600154835730791092e+00 4.744032688904553652e-01
9.238385915756225586e+00 1.684383351355791092e+00 4.755629368592053652e-01
9.257062673568725586e+00 1.770076710730791092e+00 4.768294163513928652e-01
9.290876150131225586e+00 1.858577687293291092e+00 4.782942601013928652e-01
9.238630056381225586e+00 1.271785695105791092e+00 5.157240696717053652e-01
9.238996267318725586e+00 1.353816945105791092e+00 5.165480442810803652e-01
9.241681814193725586e+00 1.436336476355791092e+00 5.176466770935803652e-01
9.247297048568725586e+00 1.519588429480791092e+00 5.188216038513928652e-01
9.255964040756225586e+00 1.603328663855791092e+00 5.200423069763928652e-01
9.267804861068725586e+00 1.688045460730791092e+00 5.213240452576428652e-01
9.289899587631225586e+00 1.774471241980791092e+00 5.227736302185803652e-01
9.325666189193725586e+00 1.863582570105791092e+00 5.247420140076428652e-01
9.282087087631225586e+00 1.275691945105791092e+00 5.616530247498303652e-01
9.281354665756225586e+00 1.357845265418291092e+00 5.627516575623303652e-01
9.281842947006225586e+00 1.440486866980791092e+00 5.638808079529553652e-01
9.283796072006225586e+00 1.523616749793291092e+00 5.650404759217053652e-01
9.290754079818725586e+00 1.607479054480791092e+00 5.663069554138928652e-01
9.301740407943725586e+00 1.692317921668291092e+00 5.676802464295178652e-01
9.320905447006225586e+00 1.778621632605791092e+00 5.692366429138928652e-01
9.345075368881225586e+00 1.866146046668291092e+00 5.708998509217053652e-01
9.301007986068725586e+00 1.277034718543291092e+00 6.075819798279553652e-01
9.299543142318725586e+00 1.359310109168291092e+00 6.086958714295178652e-01
9.298932790756225586e+00 1.441951710730791092e+00 6.098555393982678652e-01
9.299421072006225586e+00 1.525081593543291092e+00 6.108015843201428652e-01
9.302839040756225586e+00 1.608577687293291092e+00 6.120528050232678652e-01
9.310285329818725586e+00 1.693050343543291092e+00 6.136702366638928652e-01
9.322858572006225586e+00 1.778377491980791092e+00 6.151961155701428652e-01
9.339826345443725586e+00 1.864803273230791092e+00 6.168288059998303652e-01
9.296247243881225586e+00 1.276058156043291092e+00 6.529463597107678652e-01
9.294416189193725586e+00 1.358333546668291092e+00 6.538466282654553652e-01
9.293439626693725586e+00 1.440853077918291092e+00 6.550368138123303652e-01
9.293439626693725586e+00 1.523860890418291092e+00 6.562575169373303652e-01
9.296125173568725586e+00 1.607112843543291092e+00 6.575545140076428652e-01
9.302350759506225586e+00 1.691463429480791092e+00 6.589735813904553652e-01
9.313581228256225586e+00 1.776424366980791092e+00 6.605604954529553652e-01
9.346784353256225586e+00 1.865291554480791092e+00 6.630781956482678652e-01
-2.840837717056274414e+00 1.144954640418291092e+00 7.999190159607678652e-01
-2.812517404556274414e+00 1.236995656043291092e+00 8.024214573670178652e-01
-2.753313302993774414e+00 1.333553273230791092e+00 8.064040013123303652e-01
-4.024431467056274414e+00 1.021419484168291092e+00 8.199538059998303652e-01
-4.002825021743774414e+00 1.112972218543291092e+00 8.220442601013928652e-01
-3.963518381118774414e+00 1.206966359168291092e+00 8.248671360779553652e-01
-3.873918771743774414e+00 1.308162648230791092e+00 8.299940892029553652e-01
-6.407854318618774414e+00 8.729819841682910919e-01 8.255690403748303652e-01
-6.391618967056274414e+00 9.642905779182910919e-01 8.274000950623303652e-01
-6.362322092056274414e+00 1.057674366980791092e+00 8.297652073670178652e-01
-6.303362131118774414e+00 1.154842335730791092e+00 8.333357640076428652e-01
-3.939104318618774414e+00 1.538265187293291092e+00 9.304426976013928652e-01
-7.595598459243774414e+00 7.686118669807910919e-01 8.244093724060803652e-01
-7.583757638931274414e+00 8.599204607307910919e-01 8.260573216248303652e-01
-7.563493967056274414e+00 9.520835466682910919e-01 8.280409642029553652e-01
-7.524919748306274414e+00 1.046932179480791092e+00 8.307570286560803652e-01
-7.441545724868774414e+00 1.147396046668291092e+00 8.352888890076428652e-01
7.072178435325622559e+01 1.080974956229329109e+01 3.978599435882642865e+00
-8.766985177993774414e+00 5.822104997932910919e-01 8.342818089295178652e-01
-8.762834787368774414e+00 6.725425310432910919e-01 8.351668186951428652e-01
-8.753679513931274414e+00 7.636069841682910919e-01 8.365095921326428652e-01
-8.736955881118774414e+00 8.558921404182910919e-01 8.381728001404553652e-01
-8.707292795181274414e+00 9.495200701057910919e-01 8.403548069763928652e-01
-8.647844552993774414e+00 1.047298390418291092e+00 8.437422581482678652e-01
-8.378191232681274414e+00 1.169734913855791092e+00 8.556746311951428652e-01
6.996311736106872559e+01 1.080474467948079109e+01 4.042762643890455365e+00
-9.860735177993774414e+00 9.491538591682910919e-01 8.435438938904553652e-01
-9.765520334243774414e+00 1.051204640418291092e+00 8.483961888123303652e-01
7.084873747825622559e+01 1.101604839041829109e+01 4.120628244476392865e+00
6.996372771263122559e+01 1.108868022635579109e+01 4.009986764984205365e+00
-1.224537873268127441e+01 7.854575701057910919e-01 8.223494358826428652e-01
-1.220106720924377441e+01 8.814048357307910919e-01 8.249739476013928652e-01
-1.208046174049377441e+01 9.854087419807910919e-01 8.305281468201428652e-01
-9.793840646743774414e+00 1.321712452918291092e+00 9.196547337342053652e-01
6.991209197044372559e+01 1.055913921073079109e+01 4.001426584320142865e+00
7.073557829856872559e+01 1.144353862479329109e+01 4.043449289398267865e+00
-6.521644806861877441e+01 -1.458316843956708908e+00 8.344496556092053652e-01
-6.608571076393127441e+01 -1.471012156456708908e+00 8.587416477967053652e-01
-6.703944611549377441e+01 -1.588077586144208908e+00 8.542403050232678652e-01
-6.696315217018127441e+01 -1.475284617394208908e+00 8.587111302185803652e-01
-6.797242951393127441e+01 -1.800113718956708908e+00 8.461226292420178652e-01
-6.793715119361877441e+01 -1.691715281456708908e+00 8.487929173279553652e-01
-6.788636994361877441e+01 -1.581119578331708908e+00 8.519972630310803652e-01
-6.782814240455627441e+01 -1.468692820519208908e+00 8.558119602967053652e-01
-6.971351838111877441e+01 -1.759952586144208908e+00 8.495253392029553652e-01
-6.966786408424377441e+01 -1.646915476769208908e+00 8.523634739685803652e-01
-6.957545685768127441e+01 -1.528263133019208908e+00 8.568495579529553652e-01
9.269880056381225586e+00 7.818782765418291092e+00 3.611274606781080365e+00
-1.708562185764312744e+02 -6.042179148644208908e+00 1.325385934906080365e+00
-1.716086599826812744e+02 -4.466617625206708908e+00 1.337440378265455365e+00
