8.088132143020629883e+00 -3.060246407985687256e+00 -8.161954902112427135e-01
8.167111635208129883e+00 -2.995793282985687256e+00 -8.140134833753052135e-01
8.243405580520629883e+00 -2.928898751735687256e+00 -8.118314765393677135e-01
8.320309877395629883e+00 -2.861271798610687256e+00 -8.096189521253052135e-01
8.391110658645629883e+00 -2.789494454860687256e+00 -8.069791816174927135e-01
8.450253725051879883e+00 -2.709904611110687256e+00 -8.035306952893677135e-01
8.505002260208129883e+00 -2.627140939235687256e+00 -7.997465156018677135e-01
8.556088685989379883e+00 -2.542424142360687256e+00 -7.960081122815552135e-01
8.807797670364379883e+00 -3.566716134548187256e+00 -8.186826728284302135e-01
8.883969545364379883e+00 -3.489689767360687256e+00 -8.157529853284302135e-01
8.964474916458129883e+00 -3.415226876735687256e+00 -8.128232978284302135e-01
9.041562318801879883e+00 -3.337346017360687256e+00 -8.098630927503052135e-01
9.118649721145629883e+00 -3.259343087673187256e+00 -8.069028876721802135e-01
9.196103334426879883e+00 -3.181096017360687256e+00 -8.039426825940552135e-01
9.269833803176879883e+00 -3.099675118923187256e+00 -8.009519599378052135e-01
9.347836732864379883e+00 -3.020817697048187256e+00 -7.979459784924927135e-01
9.615109682083129883e+00 -4.134953439235687256e+00 -8.183927558362427135e-01
9.717343568801879883e+00 -4.063908517360687256e+00 -8.162260077893677135e-01
9.802853822708129883e+00 -3.980656564235687256e+00 -8.130216620862427135e-01
9.888974428176879883e+00 -3.896672189235687256e+00 -8.097715400159302135e-01
9.974118471145629883e+00 -3.811833322048187256e+00 -8.064756415784302135e-01
1.004845929145812988e+01 -3.719670236110687256e+00 -8.025236152112427135e-01
1.012322735786437988e+01 -3.627018868923187256e+00 -7.985563300549927135e-01
1.019787335395812988e+01 -3.534489572048187256e+00 -7.945890448987427135e-01
1.061901593208312988e+01 -4.841496407985687256e+00 -8.201475165784302135e-01
1.072411847114562988e+01 -4.757756173610687256e+00 -8.167753241956177135e-01
1.082104229927062988e+01 -4.667424142360687256e+00 -8.132352851331177135e-01
1.091875958442687988e+01 -4.576359689235687256e+00 -8.096647284924927135e-01
1.101665997505187988e+01 -4.485173165798187256e+00 -8.060789130628052135e-01
1.111498761177062988e+01 -4.393498361110687256e+00 -8.024778388440552135e-01
1.121423077583312988e+01 -4.301091134548187256e+00 -7.988615058362427135e-01
1.130724835395812988e+01 -4.204777657985687256e+00 -7.952299140393677135e-01
1.173669171333312988e+01 -5.628361642360687256e+00 -8.159513495862427135e-01
1.186730694770812988e+01 -5.545597970485687256e+00 -8.130674384534302135e-01
1.199908185005187988e+01 -5.462101876735687256e+00 -8.101530097424927135e-01
1.213256573677062988e+01 -5.377629220485687256e+00 -8.072080634534302135e-01
1.226678204536437988e+01 -5.292668282985687256e+00 -8.042478583753052135e-01
1.240215802192687988e+01 -5.206852853298187256e+00 -8.012418769299927135e-01
1.252233624458312988e+01 -5.109440743923187256e+00 -7.974576972424927135e-01
1.263689923286437988e+01 -5.008244454860687256e+00 -7.933836005628052135e-01
1.323156476020812988e+01 -6.680607736110687256e+00 -8.161191962659302135e-01
1.338543438911437988e+01 -6.591862618923187256e+00 -8.124113105237427135e-01
1.355053448677062988e+01 -6.508610665798187256e+00 -8.094816230237427135e-01
1.372857403755187988e+01 -6.431096017360687256e+00 -8.069334052503052135e-01
1.390832257270812988e+01 -6.352726876735687256e+00 -8.043699286878052135e-01
1.405297589302062988e+01 -6.249821603298187256e+00 -8.002805732190552135e-01
1.418780255317687988e+01 -6.138615548610687256e+00 -7.956724189221802135e-01
1.431286358833312988e+01 -6.020939767360687256e+00 -7.910642646253052135e-01
1.511468243598937988e+01 -8.006169259548187256e+00 -8.139371894299927135e-01
1.530621075630187988e+01 -7.915471017360687256e+00 -8.103361152112427135e-01
1.551531720161437988e+01 -7.834050118923187256e+00 -8.072385810315552135e-01
1.571514630317687988e+01 -7.742497384548187256e+00 -8.036222480237427135e-01
1.591680645942687988e+01 -7.650090157985687256e+00 -7.999753974378052135e-01
1.612103009223937988e+01 -7.556584298610687256e+00 -7.962675116956177135e-01
1.632854962348937988e+01 -7.461491525173187256e+00 -7.925138495862427135e-01
1.651696515083312988e+01 -7.352848947048187256e+00 -7.880125068128052135e-01
1.767858624458312988e+01 -9.810978829860687256e+00 -8.133115790784302135e-01
1.795409893989562988e+01 -9.740178048610687256e+00 -8.101377509534302135e-01
1.825335431098937988e+01 -9.680851876735687256e+00 -8.069486640393677135e-01
1.851983380317687988e+01 -9.593693673610687256e+00 -8.030118964612427135e-01
1.874804425239562988e+01 -9.478703439235687256e+00 -7.977781318128052135e-01
1.897887921333312988e+01 -9.362370431423187256e+00 -7.924833320081177135e-01
1.919732403755187988e+01 -9.234318673610687256e+00 -7.872037909924927135e-01
1.943340802192687988e+01 -9.115300118923187256e+00 -7.817869208753052135e-01
2.057226300239562988e+01 -1.184882062673568726e+01 -7.922849677503052135e-01
2.105566143989562988e+01 -1.187836164236068726e+01 -7.918424628674927135e-01
2.155560040473937988e+01 -1.190887922048568726e+01 -7.913846991956177135e-01
2.207458233833312988e+01 -1.194061750173568726e+01 -7.909116767346802135e-01
2.256078839302062988e+01 -1.194147199392318726e+01 -7.892179511487427135e-01
2.294122052192687988e+01 -1.186603254079818726e+01 -7.845792792737427135e-01
2.328796124458312988e+01 -1.176227277517318726e+01 -7.788267157971802135e-01
2.365411114692687988e+01 -1.166583722829818726e+01 -7.733182929456177135e-01
2.430138897895812988e+01 -1.447528547048568726e+01 -7.572813056409302135e-01
2.497063946723937988e+01 -1.457770246267318726e+01 -7.565336249768677135e-01
2.566845440864562988e+01 -1.468463605642318726e+01 -7.557401679456177135e-01
2.639874005317687988e+01 -1.479633039236068726e+01 -7.549161933362427135e-01
2.699572491645812988e+01 -1.480743879079818726e+01 -7.509336493909302135e-01
2.762688946723937988e+01 -1.482819074392318726e+01 -7.471036933362427135e-01
2.844988751411437988e+01 -1.495331281423568726e+01 -7.461423896253052135e-01
2.930993390083312988e+01 -1.508441632986068726e+01 -7.451353095471802135e-01
3.004028058052062988e+01 -1.851691144704818726e+01 -7.114439032971802135e-01
3.092675518989562988e+01 -1.868439191579818726e+01 -7.078886054456177135e-01
3.173339581489562988e+01 -1.877789777517318726e+01 -7.023954413831177135e-01
3.281072735786437988e+01 -1.903107160329818726e+01 -6.999998115003052135e-01
3.397326397895812988e+01 -1.931610578298568726e+01 -6.978635810315552135e-01
3.520397686958312988e+01 -1.961761945486068726e+01 -6.955900214612427135e-01
3.648321270942687988e+01 -1.991937726736068726e+01 -6.927824042737427135e-01
3.744152569770812988e+01 -2.000030988454818726e+01 -6.850919745862427135e-01
3.617059063911437988e+01 -2.283685773611068726e+01 -6.060667060315552135e-01
3.788207745552062988e+01 -2.348212140798568726e+01 -6.034116767346802135e-01
3.970165753364562988e+01 -2.415729230642318726e+01 -6.001920722424927135e-01
4.161834454536437988e+01 -2.484930890798568726e+01 -5.961332343518677135e-01
4.363287091255187988e+01 -2.555951398611068726e+01 -5.912199042737427135e-01
4.574383282661437988e+01 -2.628168195486068726e+01 -5.852994941174927135e-01
4.794225811958312988e+01 -2.700507062673568726e+01 -5.780973456799927135e-01
5.018035626411437988e+01 -2.770245832204818726e+01 -5.693540595471802135e-01
6.648931622505187988e+01 -3.847540754079818726e+01 -3.503446601331177135e-01
6.722875714302062988e+01 -3.801459211111068726e+01 -3.208951972424927135e-01
6.674932599067687988e+01 -3.865240949392318726e+01 8.267400413757286515e-03
6.780468487739562988e+01 -3.837897199392318726e+01 4.081439748406978651e-02
3.976342511177062988e+01 -2.422931379079818726e+01 5.866718068719478651e-02
4.164471173286437988e+01 -2.489825910329818726e+01 8.979511037469478651e-02
4.356066632270812988e+01 -2.554547590017318726e+01 1.224641777575072865e-01
4.556695294380187988e+01 -2.620380109548568726e+01 1.572236992418822865e-01
4.782323956489562988e+01 -2.696674054861068726e+01 1.956758476793822865e-01
5.016070294380187988e+01 -2.772723859548568726e+01 2.377901054918822865e-01
3.614312481880187988e+01 -2.285516828298568726e+01 2.046937920153197865e-01
3.782513165473937988e+01 -2.348175519704818726e+01 2.397890068590697865e-01
3.954888653755187988e+01 -2.409454816579818726e+01 2.765016533434447865e-01
4.143511700630187988e+01 -2.477032941579818726e+01 3.165559746325072865e-01
4.357555890083312988e+01 -2.556610578298568726e+01 3.612642265856322865e-01
6.887579083442687988e+01 -3.905988019704818726e+01 7.835969902575072865e-01
6.861291241645812988e+01 -3.891766828298568726e+01 1.148510930687194787e+00
8.223620343208312988e+01 -4.718134015798568726e+01 1.863705632835632287e+00
8.284435772895812988e+01 -4.756976789236068726e+01 2.324704167991882287e+00
8.295196270942687988e+01 -4.765521711111068726e+01 2.774106023460632287e+00
8.556088685989379883e+00 -2.542057931423187256e+00 -7.959775947034302135e-01
8.609860658645629883e+00 -2.459050118923187256e+00 -7.922086738049927135e-01
8.660153627395629883e+00 -2.373845040798187256e+00 -7.884550116956177135e-01
8.710629701614379883e+00 -2.288273751735687256e+00 -7.847013495862427135e-01
8.760983705520629883e+00 -2.202946603298187256e+00 -7.809324286878052135e-01
8.811337709426879883e+00 -2.117619454860687256e+00 -7.771787665784302135e-01
8.861874818801879883e+00 -2.031926095485687256e+00 -7.734098456799927135e-01
8.908688783645629883e+00 -1.944645822048187256e+00 -7.696714423596802135e-01
9.347836732864379883e+00 -3.020329415798187256e+00 -7.979154609143677135e-01
9.421384096145629883e+00 -2.938176095485687256e+00 -7.949247382581177135e-01
9.492490053176879883e+00 -2.854191720485687256e+00 -7.914762519299927135e-01
9.544736146926879883e+00 -2.758610665798187256e+00 -7.871580146253052135e-01
9.588071107864379883e+00 -2.658635079860687256e+00 -7.823514960706177135e-01
9.631283998489379883e+00 -2.558781564235687256e+00 -7.775449775159302135e-01
9.669980287551879883e+00 -2.456364572048187256e+00 -7.727537177503052135e-01
9.713010072708129883e+00 -2.356999337673187256e+00 -7.679777167737427135e-01
1.019793438911437988e+01 -3.534123361110687256e+00 -7.945585273206177135e-01
1.026727032661437988e+01 -3.438054025173187256e+00 -7.905759833753052135e-01
1.033685040473937988e+01 -3.341862618923187256e+00 -7.865781806409302135e-01
1.040679669380187988e+01 -3.245060861110687256e+00 -7.825498603284302135e-01
1.047668194770812988e+01 -3.148381173610687256e+00 -7.785367988049927135e-01
1.054668927192687988e+01 -3.051457345485687256e+00 -7.745237372815552135e-01
1.061712384223937988e+01 -2.953923165798187256e+00 -7.704648993909302135e-01
1.068749737739562988e+01 -2.856633126735687256e+00 -7.664213202893677135e-01
1.130737042427062988e+01 -4.204289376735687256e+00 -7.952146552503052135e-01
1.140820050239562988e+01 -4.111882150173187256e+00 -7.915525458753052135e-01
1.150317120552062988e+01 -4.015080392360687256e+00 -7.878904365003052135e-01
1.159899640083312988e+01 -3.917424142360687256e+00 -7.841978095471802135e-01
1.169482159614562988e+01 -3.819401681423187256e+00 -7.804746650159302135e-01
1.177465558052062988e+01 -3.712101876735687256e+00 -7.759885810315552135e-01
1.185491681098937988e+01 -3.604069650173187256e+00 -7.714719794690552135e-01
1.192779278755187988e+01 -3.492253243923187256e+00 -7.669401191174927135e-01
1.263738751411437988e+01 -5.008000314235687256e+00 -7.933683417737427135e-01
1.274700665473937988e+01 -4.902775704860687256e+00 -7.892942450940552135e-01
1.285265851020812988e+01 -4.794255197048187256e+00 -7.849912665784302135e-01
1.294360089302062988e+01 -4.675969064235687256e+00 -7.799863837659302135e-01
1.303460431098937988e+01 -4.557805001735687256e+00 -7.749967597424927135e-01
1.312579083442687988e+01 -4.439274728298187256e+00 -7.699918769299927135e-01
1.321758770942687988e+01 -4.320012032985687256e+00 -7.649564765393677135e-01
1.330938458442687988e+01 -4.200749337673187256e+00 -7.599058173596802135e-01
1.431341290473937988e+01 -6.020695626735687256e+00 -7.910490058362427135e-01
1.445721173286437988e+01 -5.913029611110687256e+00 -7.865324042737427135e-01
1.461974835395812988e+01 -5.814396798610687256e+00 -7.830381415784302135e-01
1.478460431098937988e+01 -5.714421212673187256e+00 -7.794981025159302135e-01
1.495074200630187988e+01 -5.613469064235687256e+00 -7.759275458753052135e-01
1.511883282661437988e+01 -5.511540353298187256e+00 -7.723112128674927135e-01
1.523046612739562988e+01 -5.377018868923187256e+00 -7.665739081799927135e-01
1.532732892036437988e+01 -5.235051095485687256e+00 -7.607755683362427135e-01
1.651745343208312988e+01 -7.352360665798187256e+00 -7.879972480237427135e-01
1.667645001411437988e+01 -7.223942697048187256e+00 -7.826261542737427135e-01
1.686749005317687988e+01 -7.112248361110687256e+00 -7.782163642346802135e-01
1.710332989692687988e+01 -7.022404611110687256e+00 -7.750577948987427135e-01
1.734228253364562988e+01 -6.931340157985687256e+00 -7.718381904065552135e-01
1.755584454536437988e+01 -6.822941720485687256e+00 -7.676877997815552135e-01
1.768822979927062988e+01 -6.668156564235687256e+00 -7.609586738049927135e-01
1.782073712348937988e+01 -6.513371407985687256e+00 -7.542142890393677135e-01
1.943414044380187988e+01 -9.114811837673187256e+00 -7.817716620862427135e-01
1.973296856880187988e+01 -9.029484689235687256e+00 -7.781095527112427135e-01
2.006298565864562988e+01 -8.957096993923187256e+00 -7.744932197034302135e-01
2.037872052192687988e+01 -8.869938790798187256e+00 -7.707548163831177135e-01
2.065832257270812988e+01 -8.758610665798187256e+00 -7.659025214612427135e-01
2.090075421333312988e+01 -8.622990548610687256e+00 -7.599058173596802135e-01
2.111077618598937988e+01 -8.466008126735687256e+00 -7.535276435315552135e-01
2.135863995552062988e+01 -8.327092111110687256e+00 -7.473936103284302135e-01
2.365563702583312988e+01 -1.166571515798568726e+01 -7.733030341565552135e-01
2.408410382270812988e+01 -1.159991925954818726e+01 -7.690458320081177135e-01
2.450396466255187988e+01 -1.152130597829818726e+01 -7.642545722424927135e-01
2.483068585395812988e+01 -1.138165754079818726e+01 -7.571592353284302135e-01
2.516137433052062988e+01 -1.124030011892318726e+01 -7.499570868909302135e-01
2.549712872505187988e+01 -1.109674543142318726e+01 -7.426481269299927135e-01
2.583929181098937988e+01 -1.095038312673568726e+01 -7.352018378674927135e-01
2.618572735786437988e+01 -1.080218976736068726e+01 -7.276639960706177135e-01
2.931530499458312988e+01 -1.508636945486068726e+01 -7.451810859143677135e-01
3.021673321723937988e+01 -1.522321027517318726e+01 -7.441587470471802135e-01
3.095275616645812988e+01 -1.524518293142318726e+01 -7.396726630628052135e-01
3.149371075630187988e+01 -1.514093488454818726e+01 -7.314329169690552135e-01
3.229284405708312988e+01 -1.517047590017318726e+01 -7.267942450940552135e-01
3.302538800239562988e+01 -1.514813703298568726e+01 -7.205076240003052135e-01
3.356658673286437988e+01 -1.500983136892318726e+01 -7.108793281018677135e-01
3.437743878364562988e+01 -1.500201886892318726e+01 -7.046232245862427135e-01
3.745043683052062988e+01 -2.000409406423568726e+01 -6.851224921643677135e-01
3.891802716255187988e+01 -2.036554425954818726e+01 -6.824064277112427135e-01
4.013659405708312988e+01 -2.054974836111068726e+01 -6.756925605237427135e-01
4.182891583442687988e+01 -2.097284406423568726e+01 -6.728086493909302135e-01
4.331884503364562988e+01 -2.124799054861068726e+01 -6.665220282971802135e-01
4.479144024848937988e+01 -2.148138898611068726e+01 -6.588010810315552135e-01
4.634875226020812988e+01 -2.172577375173568726e+01 -6.505613349378052135e-01
4.844970440864562988e+01 -2.221759504079818726e+01 -6.456785224378052135e-01
5.019524884223937988e+01 -2.770929425954818726e+01 -5.693693183362427135e-01
5.243530011177062988e+01 -2.835504621267318726e+01 -5.584440253674927135e-01
5.466528058052062988e+01 -2.894281476736068726e+01 -5.455808661878052135e-01
5.688335919380187988e+01 -2.947028058767318726e+01 -5.306882880628052135e-01
5.906640362739562988e+01 -2.993109601736068726e+01 -5.139188788831177135e-01
6.121239972114562988e+01 -3.032379621267318726e+01 -4.952268622815552135e-01
6.351311993598937988e+01 -3.074847882986068726e+01 -4.753294013440552135e-01
6.606292462348937988e+01 -3.125397199392318726e+01 -4.545469306409302135e-01
6.722649884223937988e+01 -3.801019757986068726e+01 -3.207731269299927135e-01
5.282830548286437988e+01 -2.859979718923568726e+01 -2.786588691174927135e-01
6.855871319770812988e+01 -3.697613996267318726e+01 -2.615537665784302135e-01
7.150469708442687988e+01 -3.773065656423568726e+01 -2.302579902112427135e-01
7.966369366645812988e+01 -4.129376691579818726e+01 -1.939115546643677135e-01
8.150066876411437988e+01 -4.125470441579818726e+01 -1.569852851331177135e-01
6.365667462348937988e+01 -3.083868879079818726e+01 -1.450834296643677135e-01
6.634155011177062988e+01 -3.141205304861068726e+01 -1.125974677503052135e-01
6.780889630317687988e+01 -3.837848371267318726e+01 4.093646779656978651e-02
5.282500958442687988e+01 -2.861066144704818726e+01 2.057073265319786515e-03
7.003149151802062988e+01 -3.784308332204818726e+01 1.100435234606322865e-01
8.041753888130187988e+01 -4.277692121267318726e+01 1.956148125231322865e-01
5.909130597114562988e+01 -2.997259992361068726e+01 1.052217461168822865e-01
6.117577862739562988e+01 -3.033270734548568726e+01 1.425142265856322865e-01
6.344842267036437988e+01 -3.074396222829818726e+01 1.825838066637572865e-01
6.610571026802062988e+01 -3.130621808767318726e+01 2.268190361559447865e-01
5.017632794380187988e+01 -2.773444074392318726e+01 2.380189873278197865e-01
5.234551739692687988e+01 -2.833990949392318726e+01 2.780580498278197865e-01
5.446984601020812988e+01 -2.886920636892318726e+01 3.205690361559447865e-01
5.682269024848937988e+01 -2.947650617361068726e+01 3.670320488512572865e-01
8.110491681098937988e+01 -4.212604230642318726e+01 6.570863701403197865e-01
8.147350811958312988e+01 -4.127814191579818726e+01 6.923494316637572865e-01
8.366222882270812988e+01 -4.138568586111068726e+01 7.491579033434447865e-01
8.407806134223937988e+01 -4.825165265798568726e+01 1.009274480491882287e+00
6.874236798286437988e+01 -3.713153547048568726e+01 8.323183037340697865e-01
6.941094708442687988e+01 -3.659918683767318726e+01 8.679475761950072865e-01
8.197857403755187988e+01 -4.262714093923568726e+01 1.097622869163757287e+00
8.157690167427062988e+01 -4.135297101736068726e+01 1.119961736351257287e+00
8.260809063911437988e+01 -4.085065168142318726e+01 1.166150090843444787e+00
6.861718487739562988e+01 -3.891718000173568726e+01 1.148678777366882287e+00
6.868603253364562988e+01 -3.803192609548568726e+01 1.171475408226257287e+00
6.857488751411437988e+01 -3.705121320486068726e+01 1.192257878929382287e+00
6.957397198677062988e+01 -3.670770734548568726e+01 1.236310002952819787e+00
8.170660138130187988e+01 -4.249628156423568726e+01 1.520398137718444787e+00
8.195159649848937988e+01 -4.157391828298568726e+01 1.552334783226257287e+00
8.231768536567687988e+01 -4.071698468923568726e+01 1.586911199241882287e+00
8.223742413520812988e+01 -4.717841047048568726e+01 1.863827703148132287e+00
6.867022442817687988e+01 -3.803912824392318726e+01 1.538220403343444787e+00
8.225689435005187988e+01 -4.498224347829818726e+01 1.915036199241882287e+00
8.610308575630187988e+01 -4.606683820486068726e+01 2.041928289085632287e+00
8.415331768989562988e+01 -4.386652082204818726e+01 2.015500066429382287e+00
8.286926007270812988e+01 -4.758112043142318726e+01 2.325558660179382287e+00
8.434887433052062988e+01 -4.733856672048568726e+01 2.394940374046569787e+00
8.417974591255187988e+01 -4.611456769704818726e+01 2.410565374046569787e+00
8.372131085395812988e+01 -4.474054425954818726e+01 2.419110295921569787e+00
8.296502423286437988e+01 -4.765936750173568726e+01 2.774655339866882287e+00
8.313561749458312988e+01 -4.664020246267318726e+01 2.799221990257507287e+00
8.377959942817687988e+01 -4.479340070486068726e+01 2.863949773460632287e+00
8.909054994583129883e+00 -1.944523751735687256e+00 -7.696714423596802135e-01
8.958615541458129883e+00 -1.858586251735687256e+00 -7.659177802503052135e-01
9.004575014114379883e+00 -1.770695626735687256e+00 -7.621793769299927135e-01
9.050778627395629883e+00 -1.682438790798187256e+00 -7.584409736096802135e-01
9.096860170364379883e+00 -1.594426095485687256e+00 -7.546873115003052135e-01
9.142941713333129883e+00 -1.506291329860687256e+00 -7.509489081799927135e-01
9.189267396926879883e+00 -1.417912423610687256e+00 -7.471952460706177135e-01
9.231625795364379883e+00 -1.327946603298187256e+00 -7.434721015393677135e-01
9.713376283645629883e+00 -2.356755197048187256e+00 -7.679777167737427135e-01
9.751279115676879883e+00 -2.255070626735687256e+00 -7.632322333753052135e-01
9.796933412551879883e+00 -2.157170236110687256e+00 -7.586393378674927135e-01
9.854794740676879883e+00 -2.064763009548187256e+00 -7.549314521253052135e-01
9.912595033645629883e+00 -1.972355782985687256e+00 -7.512388251721802135e-01
9.970578432083129883e+00 -1.879826486110687256e+00 -7.475309394299927135e-01
1.002374005317687988e+01 -1.784489572048187256e+00 -7.438077948987427135e-01
1.008196759223937988e+01 -1.691471993923187256e+00 -7.400846503674927135e-01
1.068786358833312988e+01 -2.856388986110687256e+00 -7.664213202893677135e-01
1.075256085395812988e+01 -2.755680978298187256e+00 -7.623624823987427135e-01
1.081744122505187988e+01 -2.654850900173187256e+00 -7.582883857190552135e-01
1.088274884223937988e+01 -2.553410470485687256e+00 -7.541990302503052135e-01
1.094799542427062988e+01 -2.451970040798187256e+00 -7.501096747815552135e-01
1.101336407661437988e+01 -2.350285470485687256e+00 -7.460050605237427135e-01
1.107915997505187988e+01 -2.247990548610687256e+00 -7.418851874768677135e-01
1.114489483833312988e+01 -2.145695626735687256e+00 -7.377500556409302135e-01
1.192852520942687988e+01 -3.492131173610687256e+00 -7.669553779065552135e-01
1.201012921333312988e+01 -3.384465157985687256e+00 -7.624235175549927135e-01
1.208453106880187988e+01 -3.272648751735687256e+00 -7.578763984143677135e-01
1.215942120552062988e+01 -3.160221993923187256e+00 -7.532987616956177135e-01
1.223425030708312988e+01 -3.047673165798187256e+00 -7.487211249768677135e-01
1.230926251411437988e+01 -2.934880197048187256e+00 -7.441434882581177135e-01
1.238482403755187988e+01 -2.821354806423187256e+00 -7.395200751721802135e-01
1.245019268989562988e+01 -2.703556954860687256e+00 -7.348356269299927135e-01
1.330987286567687988e+01 -4.200505197048187256e+00 -7.599058173596802135e-01
1.339526104927062988e+01 -4.077458322048187256e+00 -7.548398993909302135e-01
1.348095440864562988e+01 -3.953923165798187256e+00 -7.497739814221802135e-01
1.356719708442687988e+01 -3.829655587673187256e+00 -7.446622870862427135e-01
1.365343976020812988e+01 -3.705388009548187256e+00 -7.395505927503052135e-01
1.373992657661437988e+01 -3.580632150173187256e+00 -7.344236396253052135e-01
1.382702374458312988e+01 -3.455021798610687256e+00 -7.292661689221802135e-01
1.391412091255187988e+01 -3.329533517360687256e+00 -7.241086982190552135e-01
1.532793927192687988e+01 -5.234684884548187256e+00 -7.607603095471802135e-01
1.544280743598937988e+01 -5.101262032985687256e+00 -7.549314521253052135e-01
1.552599835395812988e+01 -4.951237618923187256e+00 -7.484312079846802135e-01
1.561004376411437988e+01 -4.800724923610687256e+00 -7.419157050549927135e-01
1.569396710395812988e+01 -4.650578439235687256e+00 -7.354154609143677135e-01
1.577795147895812988e+01 -4.500187814235687256e+00 -7.288999579846802135e-01
1.586242413520812988e+01 -4.349064767360687256e+00 -7.223539374768677135e-01
1.593603253364562988e+01 -4.193669259548187256e+00 -7.159299872815552135e-01
1.782153058052062988e+01 -6.513005197048187256e+00 -7.541990302503052135e-01
1.794683575630187988e+01 -6.353581368923187256e+00 -7.474241279065552135e-01
1.807250714302062988e+01 -6.193303048610687256e+00 -7.406187079846802135e-01
1.819921612739562988e+01 -6.031681954860687256e+00 -7.337522529065552135e-01
1.832604718208312988e+01 -5.869938790798187256e+00 -7.268705390393677135e-01
1.845354962348937988e+01 -5.707463204860687256e+00 -7.199735663831177135e-01
1.858221173286437988e+01 -5.543766915798187256e+00 -7.130155585706177135e-01
1.871099591255187988e+01 -5.379826486110687256e+00 -7.060422919690552135e-01
2.136114239692687988e+01 -8.327458322048187256e+00 -7.474241279065552135e-01
2.155016827583312988e+01 -8.155583322048187256e+00 -7.399473212659302135e-01
2.173779034614562988e+01 -7.980900704860687256e+00 -7.317533515393677135e-01
2.190166974067687988e+01 -7.791935861110687256e+00 -7.234983466565552135e-01
2.206573224067687988e+01 -7.602360665798187256e+00 -7.152128241956177135e-01
2.223077130317687988e+01 -7.411808907985687256e+00 -7.068815253674927135e-01
2.237066388130187988e+01 -7.207829415798187256e+00 -6.985197089612427135e-01
2.253722882270812988e+01 -7.015324532985687256e+00 -6.900968573987427135e-01
2.618786358833312988e+01 -1.080206769704818726e+01 -7.276639960706177135e-01
2.651641583442687988e+01 -1.063959211111068726e+01 -7.196989081799927135e-01
2.678759503364562988e+01 -1.044415754079818726e+01 -7.105131171643677135e-01
2.706274151802062988e+01 -1.024591535329818726e+01 -7.012052558362427135e-01
2.749175763130187988e+01 -1.011627668142318726e+01 -6.943388007581177135e-01
2.770440411567687988e+01 -9.881901681423187256e+00 -6.836729072034302135e-01
2.793481183052062988e+01 -9.652165353298187256e+00 -6.731443427503052135e-01
2.816619610786437988e+01 -9.421574532985687256e+00 -6.625852607190552135e-01
3.438183331489562988e+01 -1.500275129079818726e+01 -7.046232245862427135e-01
3.494305157661437988e+01 -1.485419172048568726e+01 -6.944913886487427135e-01
3.548302960395812988e+01 -1.468536847829818726e+01 -6.837034247815552135e-01
3.634966778755187988e+01 -1.466095441579818726e+01 -6.764097236096802135e-01
3.683447003364562988e+01 -1.444440168142318726e+01 -6.640806220471802135e-01
3.732745099067687988e+01 -1.422394269704818726e+01 -6.515226386487427135e-01
3.792980694770812988e+01 -1.404230207204818726e+01 -6.397428534924927135e-01
3.830029034614562988e+01 -1.375311750173568726e+01 -6.252775214612427135e-01
4.846392560005187988e+01 -2.222272199392318726e+01 -6.457242988049927135e-01
4.984600567817687988e+01 -2.230853742361068726e+01 -6.332426093518677135e-01
5.161950421333312988e+01 -2.255634015798568726e+01 -6.225767157971802135e-01
5.333349347114562988e+01 -2.273614972829818726e+01 -6.099576972424927135e-01
5.447094464302062988e+01 -2.261542218923568726e+01 -5.922727607190552135e-01
5.607244610786437988e+01 -2.268256086111068726e+01 -5.765562079846802135e-01
5.789416241645812988e+01 -2.281195539236068726e+01 -5.607481025159302135e-01
5.928625226020812988e+01 -2.272321027517318726e+01 -5.413846991956177135e-01
6.608001446723937988e+01 -3.125995343923568726e+01 -4.545011542737427135e-01
7.569122052192687988e+01 -3.523932355642318726e+01 -4.512357734143677135e-01
7.958770489692687988e+01 -3.522418683767318726e+01 -3.899412177503052135e-01
8.993908429145812988e+01 -3.905145734548568726e+01 -3.695402167737427135e-01
6.634142804145812988e+01 -3.140912336111068726e+01 -1.125059150159302135e-01
7.958141827583312988e+01 -3.523907941579818726e+01 1.345538869500728651e-02
8.993090558052062988e+01 -3.906769269704818726e+01 8.422565236688228651e-02
6.612365460395812988e+01 -3.131256574392318726e+01 2.270326592028197865e-01
6.908349347114562988e+01 -3.196783918142318726e+01 2.762575127184447865e-01
7.302776837348937988e+01 -3.303778547048568726e+01 3.353548027575072865e-01
9.231747865676879883e+00 -1.327702462673187256e+00 -7.434568427503052135e-01
9.277096986770629883e+00 -1.238957345485687256e+00 -7.397031806409302135e-01
9.318722963333129883e+00 -1.148503243923187256e+00 -7.359952948987427135e-01
9.360532045364379883e+00 -1.057560861110687256e+00 -7.322721503674927135e-01
9.402280092239379883e+00 -9.669846892356872559e-01 -7.285490058362427135e-01
9.445309877395629883e+00 -8.766526579856872559e-01 -7.248868964612427135e-01
9.493100404739379883e+00 -7.874192595481872559e-01 -7.214384101331177135e-01
9.536374330520629883e+00 -6.968430876731872559e-01 -7.180051825940552135e-01
1.008208966255187988e+01 -1.691105782985687256e+00 -7.400693915784302135e-01
1.013476300239562988e+01 -1.595402657985687256e+00 -7.363462470471802135e-01
1.019280743598937988e+01 -1.501652657985687256e+00 -7.325925849378052135e-01
1.024596905708312988e+01 -1.405095040798187256e+00 -7.288389228284302135e-01
1.029913067817687988e+01 -1.308659493923187256e+00 -7.250852607190552135e-01
1.035247540473937988e+01 -1.211857736110687256e+00 -7.213163398206177135e-01
1.040075421333312988e+01 -1.112614572048187256e+00 -7.175626777112427135e-01
1.045428204536437988e+01 -1.015446603298187256e+00 -7.137784980237427135e-01
1.114526104927062988e+01 -2.145451486110687256e+00 -7.377500556409302135e-01
1.120507550239562988e+01 -2.040226876735687256e+00 -7.336301825940552135e-01
1.126513409614562988e+01 -1.934880197048187256e+00 -7.294950507581177135e-01
1.132549786567687988e+01 -1.828679025173187256e+00 -7.253294013440552135e-01
1.138586163520812988e+01 -1.722599923610687256e+00 -7.211790107190552135e-01
1.144500470161437988e+01 -1.615666329860687256e+00 -7.169370673596802135e-01
1.149725079536437988e+01 -1.505558907985687256e+00 -7.123899482190552135e-01
1.154937481880187988e+01 -1.395573556423187256e+00 -7.078428290784302135e-01
1.245013165473937988e+01 -2.702946603298187256e+00 -7.348051093518677135e-01
1.251525616645812988e+01 -2.584782540798187256e+00 -7.297086738049927135e-01
1.257384991645812988e+01 -2.463566720485687256e+00 -7.246580146253052135e-01
1.263274884223937988e+01 -2.341740548610687256e+00 -7.195920966565552135e-01
1.269146466255187988e+01 -2.220158517360687256e+00 -7.145414374768677135e-01
1.275036358833312988e+01 -2.098332345485687256e+00 -7.094755195081177135e-01
1.280950665473937988e+01 -1.975895822048187256e+00 -7.043790839612427135e-01
1.286169171333312988e+01 -1.851262032985687256e+00 -6.993894599378052135e-01
1.391460919380187988e+01 -3.329167306423187256e+00 -7.240934394299927135e-01
1.399493145942687988e+01 -3.200016915798187256e+00 -7.189359687268677135e-01
1.407555890083312988e+01 -3.070500314235687256e+00 -7.137479804456177135e-01
1.415679669380187988e+01 -2.940007150173187256e+00 -7.085294745862427135e-01
1.423803448677062988e+01 -2.809513986110687256e+00 -7.033109687268677135e-01
1.431945538520812988e+01 -2.678410470485687256e+00 -6.980619452893677135e-01
1.440154767036437988e+01 -2.546452462673187256e+00 -6.927824042737427135e-01
1.448370099067687988e+01 -2.414372384548187256e+00 -6.875028632581177135e-01
1.593615460395812988e+01 -4.193180978298187256e+00 -7.158994697034302135e-01
1.602502179145812988e+01 -4.044011056423187256e+00 -7.093229316174927135e-01
1.610339093208312988e+01 -3.889958322048187256e+00 -7.028226874768677135e-01
1.618224835395812988e+01 -3.735051095485687256e+00 -6.963071845471802135e-01
1.626092267036437988e+01 -3.580388009548187256e+00 -6.897764228284302135e-01
1.633978009223937988e+01 -3.425480782985687256e+00 -6.832456611096802135e-01
1.641906476020812988e+01 -3.269596993923187256e+00 -6.766843818128052135e-01
1.649871563911437988e+01 -3.114201486110687256e+00 -6.705656073987427135e-01
1.871148419380187988e+01 -5.379216134548187256e+00 -7.060270331799927135e-01
1.883251690864562988e+01 -5.210881173610687256e+00 -6.990385077893677135e-01
1.895434308052062988e+01 -5.041813790798187256e+00 -6.920194648206177135e-01
1.907720685005187988e+01 -4.871159493923187256e+00 -6.849393866956177135e-01
1.920019268989562988e+01 -4.700261056423187256e+00 -6.778593085706177135e-01
1.932378888130187988e+01 -4.528386056423187256e+00 -6.707334540784302135e-01
1.944842267036437988e+01 -4.355046212673187256e+00 -6.635313056409302135e-01
1.954394268989562988e+01 -4.171208322048187256e+00 -6.557035468518677135e-01
2.253753399848937988e+01 -7.014470040798187256e+00 -6.900663398206177135e-01
2.269628643989562988e+01 -6.817082345485687256e+00 -6.816129706799927135e-01
2.288378643989562988e+01 -6.629460275173187256e+00 -6.730375312268677135e-01
2.304565167427062988e+01 -6.428776681423187256e+00 -6.644468329846802135e-01
2.320800518989562988e+01 -6.227360665798187256e+00 -6.558256171643677135e-01
2.337139630317687988e+01 -6.024723947048187256e+00 -6.471433661878052135e-01
2.350140118598937988e+01 -5.807560861110687256e+00 -6.384000800549927135e-01
2.372124981880187988e+01 -5.621403634548187256e+00 -6.305418036878052135e-01
2.816680645942687988e+01 -9.420597970485687256e+00 -6.625547431409302135e-01
2.839147686958312988e+01 -9.184636056423187256e+00 -6.519193671643677135e-01
2.861785626411437988e+01 -8.946598947048187256e+00 -6.412076972424927135e-01
2.884679913520812988e+01 -8.705754220485687256e+00 -6.303739570081177135e-01
2.907690167427062988e+01 -8.463810861110687256e+00 -6.194791816174927135e-01
2.930889630317687988e+01 -8.219792306423187256e+00 -6.084928534924927135e-01
2.954363751411437988e+01 -7.973088204860687256e+00 -5.973844550549927135e-01
2.985217022895812988e+01 -7.750187814235687256e+00 -5.870695136487427135e-01
3.830096173286437988e+01 -1.375177472829818726e+01 -6.252164863049927135e-01
3.867010235786437988e+01 -1.345709699392318726e+01 -6.105985663831177135e-01
3.904375958442687988e+01 -1.315912336111068726e+01 -5.958127997815552135e-01
3.942309308052062988e+01 -1.285663312673568726e+01 -5.808134101331177135e-01
3.980517315864562988e+01 -1.255145734548568726e+01 -5.656766913831177135e-01
4.019140362739562988e+01 -1.224274152517318726e+01 -5.503568671643677135e-01
4.077398419380187988e+01 -1.199725812673568726e+01 -5.362119697034302135e-01
4.163561749458312988e+01 -1.184064191579818726e+01 -5.236539863049927135e-01
5.929009747505187988e+01 -2.272247785329818726e+01 -5.413084052503052135e-01
6.009722638130187988e+01 -2.236383527517318726e+01 -5.180692695081177135e-01
6.091918683052062988e+01 -2.199786847829818726e+01 -4.943876288831177135e-01
6.204723858833312988e+01 -2.173602765798568726e+01 -4.712095282971802135e-01
6.336480450630187988e+01 -2.152814191579818726e+01 -4.479856513440552135e-01
6.473138165473937988e+01 -2.131390851736068726e+01 -4.239225409924927135e-01
6.677697491645812988e+01 -2.131500715017318726e+01 -4.004545234143677135e-01
7.084905743598937988e+01 -2.198114484548568726e+01 -3.795652411878052135e-01
9.536801576614379883e+00 -6.965989470481872559e-01 -7.180204413831177135e-01
9.583554506301879883e+00 -6.069993376731872559e-01 -7.145566962659302135e-01
9.625973939895629883e+00 -5.154466032981872559e-01 -7.111234687268677135e-01
9.668698549270629883e+00 -4.234055876731872559e-01 -7.076597236096802135e-01
9.711362123489379883e+00 -3.314866423606872559e-01 -7.042112372815552135e-01
9.754086732864379883e+00 -2.392014861106872559e-01 -7.007322333753052135e-01
9.797177553176879883e+00 -1.464280486106872559e-01 -6.972532294690552135e-01
9.835568666458129883e+00 -5.243390798568725586e-02 -6.937894843518677135e-01
1.045452618598937988e+01 -1.015202462673187256e+00 -7.137632392346802135e-01
1.050231671333312988e+01 -9.155930876731872559e-01 -7.099943183362427135e-01
1.055560040473937988e+01 -8.175706267356872559e-01 -7.061948798596802135e-01
1.060381817817687988e+01 -7.169846892356872559e-01 -7.023954413831177135e-01
1.065203595161437988e+01 -6.165208220481872559e-01 -6.985960029065552135e-01
1.070043683052062988e+01 -5.156907439231872559e-01 -6.947813056409302135e-01
1.074352765083312988e+01 -4.126634001731872559e-01 -6.909818671643677135e-01
1.079217267036437988e+01 -3.113450407981872559e-01 -6.871366523206177135e-01
1.154974102973937988e+01 -1.395329415798187256e+00 -7.078275702893677135e-01
1.159649395942687988e+01 -1.283268868923187256e+00 -7.033414863049927135e-01
1.164330792427062988e+01 -1.170964181423187256e+00 -6.988401435315552135e-01
1.169036602973937988e+01 -1.058171212673187256e+00 -6.943235419690552135e-01
1.173736310005187988e+01 -9.453782439231872559e-01 -6.898069404065552135e-01
1.178442120552062988e+01 -8.324632048606872559e-01 -6.852750800549927135e-01
1.183178448677062988e+01 -7.190598845481872559e-01 -6.807279609143677135e-01
1.187908673286437988e+01 -6.056565642356872559e-01 -6.761961005628052135e-01
1.286230206489562988e+01 -1.850895822048187256e+00 -6.993894599378052135e-01
1.290716290473937988e+01 -1.723698556423187256e+00 -6.937437079846802135e-01
1.293957257270812988e+01 -1.592350900173187256e+00 -6.879758857190552135e-01
1.297210431098937988e+01 -1.460637032985687256e+00 -6.822080634534302135e-01
1.303002667427062988e+01 -1.337346017360687256e+00 -6.773405097424927135e-01
1.313537335395812988e+01 -1.227360665798187256e+00 -6.740140937268677135e-01
1.324212384223937988e+01 -1.115910470485687256e+00 -6.706571601331177135e-01
1.333959698677062988e+01 -1.000920236110687256e+00 -6.672849677503052135e-01
1.448467755317687988e+01 -2.414250314235687256e+00 -6.875028632581177135e-01
1.455968976020812988e+01 -2.278996407985687256e+00 -6.822385810315552135e-01
1.463500714302062988e+01 -2.143376290798187256e+00 -6.769437812268677135e-01
1.471093487739562988e+01 -2.006535470485687256e+00 -6.716184638440552135e-01
1.478692364692687988e+01 -1.869694650173187256e+00 -6.662778876721802135e-01
1.488134503364562988e+01 -1.737492501735687256e+00 -6.614408515393677135e-01
1.498693585395812988e+01 -1.606877267360687256e+00 -6.568326972424927135e-01
1.509307599067687988e+01 -1.475651681423187256e+00 -6.522092841565552135e-01
1.649926495552062988e+01 -3.113713204860687256e+00 -6.705503486096802135e-01
1.660412335395812988e+01 -2.966252267360687256e+00 -6.644468329846802135e-01
1.669909405708312988e+01 -2.814274728298187256e+00 -6.584806464612427135e-01
1.685821270942687988e+01 -2.680851876735687256e+00 -6.540098212659302135e-01
1.701879620552062988e+01 -2.546086251735687256e+00 -6.495084784924927135e-01
1.718151593208312988e+01 -2.409611642360687256e+00 -6.449461005628052135e-01
1.734692120552062988e+01 -2.270939767360687256e+00 -6.403074286878052135e-01
1.750085186958312988e+01 -2.127263009548187256e+00 -6.357755683362427135e-01
1.954473614692687988e+01 -4.170720040798187256e+00 -6.556882880628052135e-01
1.963482403755187988e+01 -3.984440743923187256e+00 -6.479368232190552135e-01
1.973522686958312988e+01 -3.800846993923187256e+00 -6.403837226331177135e-01
1.990166974067687988e+01 -3.636296212673187256e+00 -6.340665839612427135e-01
2.006933331489562988e+01 -3.470646798610687256e+00 -6.277036689221802135e-01
2.023882794380187988e+01 -3.303044259548187256e+00 -6.212644599378052135e-01
2.041076397895812988e+01 -3.133122384548187256e+00 -6.147489570081177135e-01
2.068230938911437988e+01 -2.988469064235687256e+00 -6.099424384534302135e-01
2.372283673286437988e+01 -5.621037423610687256e+00 -6.305265448987427135e-01
2.393938946723937988e+01 -5.430851876735687256e+00 -6.226835273206177135e-01
2.417706036567687988e+01 -5.244206368923187256e+00 -6.143980048596802135e-01
2.439996075630187988e+01 -5.048527657985687256e+00 -6.063108466565552135e-01
2.467736554145812988e+01 -4.866887032985687256e+00 -5.989255927503052135e-01
2.504632306098937988e+01 -4.707585275173187256e+00 -5.926542304456177135e-01
2.542632794380187988e+01 -4.544133126735687256e+00 -5.868711493909302135e-01
2.597747540473937988e+01 -4.421330392360687256e+00 -5.824766181409302135e-01
2.985503888130187988e+01 -7.750065743923187256e+00 -5.870542548596802135e-01
3.026598858833312988e+01 -7.556828439235687256e+00 -5.778532050549927135e-01
3.081359601020812988e+01 -7.400944650173187256e+00 -5.698270820081177135e-01
3.149670147895812988e+01 -7.276432931423187256e+00 -5.627317450940552135e-01
3.220415997505187988e+01 -7.147526681423187256e+00 -5.554075263440552135e-01
3.302264142036437988e+01 -7.037785470485687256e+00 -5.485563300549927135e-01
3.412524151802062988e+01 -6.991032540798187256e+00 -5.435667060315552135e-01
3.509954571723937988e+01 -6.889470040798187256e+00 -5.366239570081177135e-01
4.164031720161437988e+01 -1.184064191579818726e+01 -5.236234687268677135e-01
4.243468976020812988e+01 -1.164532941579818726e+01 -5.100584052503052135e-01
4.390636944770812988e+01 -1.165509504079818726e+01 -4.999265693128052135e-01
4.596362042427062988e+01 -1.181732648611068726e+01 -4.917936347424927135e-01
4.767492413520812988e+01 -1.183453840017318726e+01 -4.802732490003052135e-01
4.989623761177062988e+01 -1.196649640798568726e+01 -4.697446845471802135e-01
5.268615460395812988e+01 -1.221173566579818726e+01 -4.597349189221802135e-01
5.493316388130187988e+01 -1.225555890798568726e+01 -4.454526923596802135e-01
7.087176251411437988e+01 -2.198639386892318726e+01 -3.795042060315552135e-01
7.589831280708312988e+01 -2.288727277517318726e+01 -3.566617988049927135e-01
8.314465069770812988e+01 -2.440265363454818726e+01 -3.321714423596802135e-01
8.661675763130187988e+01 -2.457721418142318726e+01 -2.988920234143677135e-01
7.631078839302062988e+01 -2.051349347829818726e+01 -2.591276191174927135e-01
6.859252667427062988e+01 -1.743426984548568726e+01 -2.279386542737427135e-01
9.010210919380187988e+01 -2.274005597829818726e+01 -1.868314765393677135e-01
5.566753888130187988e+01 -1.246515363454818726e+01 -1.830320380628052135e-01
8.660912823677062988e+01 -2.459259504079818726e+01 1.167116142809447865e-01
7.630419659614562988e+01 -2.052704328298568726e+01 1.058778740465697865e-01
6.858672833442687988e+01 -1.744647687673568726e+01 9.913348928094478651e-02
7.348296856880187988e+01 -1.808319562673568726e+01 1.531343437731322865e-01
5.567022442817687988e+01 -1.247699445486068726e+01 8.077716603875728651e-02
8.597985577583312988e+01 -2.441266340017318726e+01 5.267457939684447865e-01
7.515044903755187988e+01 -2.019293683767318726e+01 4.601869560778197865e-01
6.717089581489562988e+01 -1.704657453298568726e+01 4.125032402575072865e-01
6.076708722114562988e+01 -1.451849836111068726e+01 3.758821465075072865e-01
5.554876446723937988e+01 -1.245538800954818726e+01 3.447694756090697865e-01
8.526641583442687988e+01 -2.235345929861068726e+01 9.966859795153197865e-01
7.334765362739562988e+01 -1.807477277517318726e+01 8.517885185778197865e-01
8.524041485786437988e+01 -2.236310285329818726e+01 1.402951238304382287e+00
7.335027813911437988e+01 -1.809027570486068726e+01 1.200650212913757287e+00
8.522808575630187988e+01 -2.237689679861068726e+01 1.811505315452819787e+00
7.334997296333312988e+01 -1.810516828298568726e+01 1.551358220726257287e+00
8.520544171333312988e+01 -2.238751691579818726e+01 2.217495916038757287e+00
7.334600567817687988e+01 -1.811884015798568726e+01 1.900128362327819787e+00
8.536456036567687988e+01 -2.245160382986068726e+01 2.631604192405944787e+00
7.333300518989562988e+01 -1.812994855642318726e+01 2.250439641624694787e+00
8.526965069770812988e+01 -2.244110578298568726e+01 3.035336492210632287e+00
7.336004376411437988e+01 -1.815253156423568726e+01 2.602215764671569787e+00
8.530834698677062988e+01 -2.246979230642318726e+01 3.446133611351257287e+00
7.358172345161437988e+01 -1.823004621267318726e+01 2.960873601585632287e+00
7.348229718208312988e+01 -1.806390851736068726e+01 3.025540349632507287e+00
