8.919841945171356201e+00 -3.444033443927764893e+00 -8.120462059974613567e-01
8.984050929546356201e+00 -3.366885006427764893e+00 -8.088113427162113567e-01
9.045208156108856201e+00 -3.287417232990264893e+00 -8.055917382240238567e-01
9.106670558452606201e+00 -3.207583248615264893e+00 -8.023568749427738567e-01
9.168010890483856201e+00 -3.127871334552764893e+00 -7.991372704505863567e-01
9.229412257671356201e+00 -3.047915279865264893e+00 -7.959024071693363567e-01
9.292400538921356201e+00 -2.968447506427764893e+00 -7.927285790443363567e-01
9.348369777202606201e+00 -2.884951412677764893e+00 -7.893716454505863567e-01
9.642803370952606201e+00 -3.952456295490264893e+00 -8.126260399818363567e-01
9.716961085796356201e+00 -3.871523678302764893e+00 -8.095895409583988567e-01
9.796734035015106201e+00 -3.793886959552764893e+00 -8.065988183021488567e-01
9.871685206890106201e+00 -3.712099850177764893e+00 -8.035318017005863567e-01
9.946636378765106201e+00 -3.630312740802764893e+00 -8.004647850990238567e-01
1.002183169126510620e+01 -3.548159420490264893e+00 -7.973825097083988567e-01
1.009196108579635620e+01 -3.462099850177764893e+00 -7.942239403724613567e-01
1.016764467954635620e+01 -3.379580318927764893e+00 -7.911264061927738567e-01
1.051273745298385620e+01 -4.564394772052764893e+00 -8.137551903724613567e-01
1.060728091001510620e+01 -4.484560787677764893e+00 -8.110849022865238567e-01
1.070231264829635620e+01 -4.404238522052764893e+00 -8.084146142005863567e-01
1.079832094907760620e+01 -4.323183834552764893e+00 -8.057138085365238567e-01
1.089451235532760620e+01 -4.241885006427764893e+00 -8.030130028724613567e-01
1.099131411314010620e+01 -4.160219967365264893e+00 -8.002816796302738567e-01
1.108903139829635620e+01 -4.077578365802764893e+00 -7.975350975990238567e-01
1.118699282407760620e+01 -3.994936764240264893e+00 -7.947885155677738567e-01
1.153464907407760620e+01 -5.283266842365264893e+00 -8.135415673255863567e-01
1.165311831235885620e+01 -5.204775631427764893e+00 -8.108407616615238567e-01
1.176517885923385620e+01 -5.120669186115264893e+00 -8.080636620521488567e-01
1.187846010923385620e+01 -5.035708248615264893e+00 -8.052560448646488567e-01
1.199436587095260620e+01 -4.951723873615264893e+00 -8.025552392005863567e-01
1.212266176939010620e+01 -4.874453365802764893e+00 -8.003884911537113567e-01
1.223154848814010620e+01 -4.783144772052764893e+00 -7.971841454505863567e-01
1.231779116392135620e+01 -4.677676022052764893e+00 -7.931710839271488567e-01
1.284220522642135620e+01 -6.202944576740264893e+00 -8.152200341224613567e-01
1.298838442564010620e+01 -6.124209225177764893e+00 -8.129006981849613567e-01
1.313608950376510620e+01 -6.044619381427764893e+00 -8.105661034583988567e-01
1.328544253110885620e+01 -5.963564693927764893e+00 -8.081704735755863567e-01
1.339750307798385620e+01 -5.857241451740264893e+00 -8.040200829505863567e-01
1.351005190610885620e+01 -5.750429928302764893e+00 -7.998544335365238567e-01
1.362778872251510620e+01 -5.645327389240264893e+00 -7.958413720130863567e-01
1.374283999204635620e+01 -5.538149654865264893e+00 -7.917062401771488567e-01
1.438285464048385620e+01 -7.286806881427764893e+00 -8.124581933021488567e-01
1.456901186704635620e+01 -7.212832272052764893e+00 -8.099099755287113567e-01
1.474686831235885620e+01 -7.130556881427764893e+00 -8.073007225990238567e-01
1.492753237485885620e+01 -7.046938717365264893e+00 -8.046456933021488567e-01
1.510984438657760620e+01 -6.962466061115264893e+00 -8.019754052162113567e-01
1.529441469907760620e+01 -6.877016842365264893e+00 -7.992745995521488567e-01
1.544761294126510620e+01 -6.768984615802764893e+00 -7.952157616615238567e-01
1.559342592954635620e+01 -6.655581295490264893e+00 -7.912484765052738567e-01
1.645145815610885620e+01 -8.741885006427764893e+00 -8.113443017005863567e-01
1.666978091001510620e+01 -8.659609615802764893e+00 -8.084298729896488567e-01
1.689121645689010620e+01 -8.575991451740264893e+00 -8.054544091224613567e-01
1.711668032407760620e+01 -8.490908443927764893e+00 -8.024484276771488567e-01
1.733353823423385620e+01 -8.397768795490264893e+00 -7.990152001380863567e-01
1.751957339048385620e+01 -8.282046139240264893e+00 -7.944223046302738567e-01
1.770792788267135620e+01 -8.164858639240264893e+00 -7.897531151771488567e-01
1.789738100767135620e+01 -8.046938717365264893e+00 -7.850686669349613567e-01
1.895133608579635620e+01 -1.050091820955276489e+01 -8.008920311927738567e-01
1.934006899595260620e+01 -1.049872094392776489e+01 -8.009072899818363567e-01
1.975901430845260620e+01 -1.050921899080276489e+01 -8.009225487708988567e-01
2.001920717954635620e+01 -1.040570336580276489e+01 -7.964517235755863567e-01
2.025016421079635620e+01 -1.028045922517776489e+01 -7.910195946693363567e-01
2.054044741392135620e+01 -1.018963891267776489e+01 -7.870980858802738567e-01
2.082639712095260620e+01 -1.009076195955276489e+01 -7.834207177162113567e-01
2.113914126157760620e+01 -1.000445824861526489e+01 -7.797280907630863567e-01
2.215610903501510620e+01 -1.275604516267776489e+01 -7.797891259193363567e-01
2.267210024595260620e+01 -1.279425317049026489e+01 -7.795144677162113567e-01
2.320615786314010620e+01 -1.283380395174026489e+01 -7.792245507240238567e-01
2.366325014829635620e+01 -1.281024438142776489e+01 -7.766152977943363567e-01
2.410874575376510620e+01 -1.277154809236526489e+01 -7.734109520912113567e-01
2.451133364439010620e+01 -1.269745141267776489e+01 -7.689096093177738567e-01
2.513248842954635620e+01 -1.275018578767776489e+01 -7.688485741615238567e-01
2.564658755064010620e+01 -1.272662621736526489e+01 -7.660409569740238567e-01
2.631858462095260620e+01 -1.568573266267776489e+01 -7.423593163490238567e-01
2.703605288267135620e+01 -1.580108910799026489e+01 -7.415200829505863567e-01
2.797739809751510620e+01 -1.605133324861526489e+01 -7.442361474037113567e-01
2.864005678892135620e+01 -1.609442406892776489e+01 -7.409860253333988567e-01
2.914268130064010620e+01 -1.602203637361526489e+01 -7.344400048255863567e-01
2.989078921079635620e+01 -1.609552270174026489e+01 -7.317239403724613567e-01
3.077872866392135620e+01 -1.623810082674026489e+01 -7.306710839271488567e-01
3.170627993345260620e+01 -1.638702660799026489e+01 -7.295571923255863567e-01
3.330094546079635620e+01 -2.059930688142776489e+01 -6.975747704505863567e-01
3.434617251157760620e+01 -2.083722192049026489e+01 -6.944162011146488567e-01
3.520328921079635620e+01 -2.092438012361526489e+01 -6.879006981849613567e-01
3.642246645689010620e+01 -2.123016625642776489e+01 -6.852304100990238567e-01
3.741044253110885620e+01 -2.136041527986526489e+01 -6.788064599037113567e-01
3.863010805845260620e+01 -2.161566430330276489e+01 -6.742898583412113567e-01
4.013309878110885620e+01 -2.201666527986526489e+01 -6.718789696693363567e-01
4.122849673032760620e+01 -2.213922387361526489e+01 -6.639596581458988567e-01
3.604026430845260620e+01 -2.253314477205276489e+01 -5.387765526771488567e-01
3.757047671079635620e+01 -2.306476098299026489e+01 -5.335885643958988567e-01
3.915513247251510620e+01 -2.359515649080276489e+01 -5.275308251380863567e-01
4.082908266782760620e+01 -2.414398461580276489e+01 -5.207406640052738567e-01
4.253696841001510620e+01 -2.467621117830276489e+01 -5.128823876380863567e-01
4.428489321470260620e+01 -2.519317895174026489e+01 -5.038949608802738567e-01
4.608799380064010620e+01 -2.570135766267776489e+01 -4.937783837318363567e-01
4.787620180845260620e+01 -2.616095238924026489e+01 -4.822579979896488567e-01
3.778550356626510620e+01 -2.322186547517776489e+01 -3.280374169349613567e-01
7.942820376157760620e+01 -5.074676781892776489e+01 -4.003793358802738567e-01
7.798942202329635620e+01 -4.866180688142776489e+01 -3.624154686927738567e-01
4.301505678892135620e+01 -2.499469262361526489e+01 -2.853738427162113567e-01
6.002293032407760620e+01 -3.513934594392776489e+01 -2.801248192787113567e-01
6.095286196470260620e+01 -3.489032250642776489e+01 -2.529336571693363567e-01
4.834330385923385620e+01 -2.645392113924026489e+01 -2.285501122474613567e-01
3.778263491392135620e+01 -2.322894555330276489e+01 -1.218301415443363567e-01
7.986008852720260620e+01 -4.991473656892776489e+01 7.119354009628864333e-02
4.301218813657760620e+01 -2.500299340486526489e+01 -5.344024896621135667e-02
6.056101626157760620e+01 -3.549322777986526489e+01 4.546722173691364333e-02
6.370512026548385620e+01 -3.660431176424026489e+01 8.530791997910114333e-02
7.506199282407760620e+01 -4.260370141267776489e+01 1.720388770103511433e-01
3.611753481626510620e+01 -2.261383324861526489e+01 5.743011236191364333e-02
3.758439272642135620e+01 -2.310138207674026489e+01 8.269866704941364333e-02
3.909421938657760620e+01 -2.358209496736526489e+01 1.103475928306636433e-01
4.075370424985885620e+01 -2.412323266267776489e+01 1.404074072837886433e-01
4.252903383970260620e+01 -2.470099145174026489e+01 1.726034522056636433e-01
4.434989565610885620e+01 -2.526520043611526489e+01 2.063558936119136433e-01
4.607462710142135620e+01 -2.572491723299026489e+01 2.403066992759761433e-01
4.777567690610885620e+01 -2.613299828767776489e+01 2.763174414634761433e-01
3.595713442564010620e+01 -2.250970727205276489e+01 2.535055518150386433e-01
3.748643130064010620e+01 -2.304303246736526489e+01 2.875479102134761433e-01
3.916550844907760620e+01 -2.363959008455276489e+01 3.246572852134761433e-01
8.189060610532760620e+01 -5.129352074861526489e+01 9.726522803306636433e-01
7.915604799985885620e+01 -4.837396508455276489e+01 9.584921240806636433e-01
7.683744448423385620e+01 -4.580877953767776489e+01 9.486196875572261433e-01
6.164243716001510620e+01 -3.535882836580276489e+01 7.327688574791011433e-01
6.173069399595260620e+01 -3.457953149080276489e+01 7.539785742759761433e-01
7.833213442564010620e+01 -4.896271020174026489e+01 1.345928037166601143e+00
8.036814516782760620e+01 -4.917596703767776489e+01 1.411403501033788643e+00
6.144193667173385620e+01 -3.609259301424026489e+01 1.038707578182226143e+00
7.506809633970260620e+01 -4.367523461580276489e+01 1.346080625057226143e+00
6.144224184751510620e+01 -3.441937524080276489e+01 1.076015317440038643e+00
7.922874087095260620e+01 -4.957379418611526489e+01 1.797603452205663643e+00
7.849186342954635620e+01 -4.798199731111526489e+01 1.799251401424413643e+00
6.167197817564010620e+01 -3.625250512361526489e+01 1.375728452205663643e+00
6.146860903501510620e+01 -3.527972680330276489e+01 1.386165463924413643e+00
6.182407778501510620e+01 -3.466437035799026489e+01 1.411296689510351143e+00
7.797153872251510620e+01 -4.766388207674026489e+01 2.207164609432226143e+00
7.586796206235885620e+01 -4.524920922517776489e+01 2.157832944393163643e+00
7.503654116392135620e+01 -4.369061547517776489e+01 2.150279843807226143e+00
7.543296450376510620e+01 -4.291449242830276489e+01 2.179561460018163643e+00
8.316306704282760620e+01 -5.104132348299026489e+01 2.823451840877538643e+00
7.546604555845260620e+01 -4.501263695955276489e+01 2.552486264705663643e+00
7.960929507017135620e+01 -4.653888207674026489e+01 2.721919858455663643e+00
7.521024721860885620e+01 -4.279693871736526489e+01 2.573253476619726143e+00
9.348247706890106201e+00 -2.884463131427764893e+00 -7.893411278724613567e-01
9.406719386577606201e+00 -2.802309811115264893e+00 -7.859384179115238567e-01
9.461223781108856201e+00 -2.717715084552764893e+00 -7.825204491615238567e-01
9.515911281108856201e+00 -2.632510006427764893e+00 -7.790872216224613567e-01
9.570537745952606201e+00 -2.547671139240264893e+00 -7.756692528724613567e-01
9.625225245952606201e+00 -2.462588131427764893e+00 -7.722360253333988567e-01
9.680156886577606201e+00 -2.377138912677764893e+00 -7.688027977943363567e-01
9.730693995952606201e+00 -2.289736568927764893e+00 -7.653543114662113567e-01
1.016788882017135620e+01 -3.379214107990264893e+00 -7.911111474037113567e-01
1.023752993345260620e+01 -3.292666256427764893e+00 -7.879373192787113567e-01
1.030869692564010620e+01 -3.206484615802764893e+00 -7.845498681068363567e-01
1.036930483579635620e+01 -3.113467037677764893e+00 -7.807962059974613567e-01
1.042972964048385620e+01 -3.020571529865264893e+00 -7.770425438880863567e-01
1.049033755064010620e+01 -2.927676022052764893e+00 -7.732736229896488567e-01
1.054606264829635620e+01 -2.831606686115264893e+00 -7.694894433021488567e-01
1.060673159360885620e+01 -2.738467037677764893e+00 -7.657205224037113567e-01
1.118742007017135620e+01 -3.994692623615264893e+00 -7.947732567787113567e-01
1.126414126157760620e+01 -3.898501217365264893e+00 -7.911416649818363567e-01
1.133164614439010620e+01 -3.796450436115264893e+00 -7.870065331458988567e-01
1.139945620298385620e+01 -3.694033443927764893e+00 -7.828408837318363567e-01
1.146714419126510620e+01 -3.591738522052764893e+00 -7.786752343177738567e-01
1.153489321470260620e+01 -3.489199459552764893e+00 -7.745248436927738567e-01
1.160300844907760620e+01 -3.386294186115264893e+00 -7.703439354896488567e-01
1.167100161314010620e+01 -3.283510982990264893e+00 -7.661630272865238567e-01
1.231809633970260620e+01 -4.677309811115264893e+00 -7.931710839271488567e-01
1.240446108579635620e+01 -4.571596920490264893e+00 -7.887612938880863567e-01
1.248527163267135620e+01 -4.462099850177764893e+00 -7.844125390052738567e-01
1.256650942564010620e+01 -4.351870357990264893e+00 -7.800332665443363567e-01
1.264774721860885620e+01 -4.241762936115264893e+00 -7.756539940833988567e-01
1.272916811704635620e+01 -4.131411373615264893e+00 -7.712594628333988567e-01
1.281101626157760620e+01 -4.020449459552764893e+00 -7.668496727943363567e-01
1.287809389829635620e+01 -3.901919186115264893e+00 -7.621194481849613567e-01
1.374320620298385620e+01 -5.537783443927764893e+00 -7.916909813880863567e-01
1.385044497251510620e+01 -5.425112545490264893e+00 -7.874337792396488567e-01
1.395823305845260620e+01 -5.311831295490264893e+00 -7.831613183021488567e-01
1.406406801939010620e+01 -5.195986568927764893e+00 -7.787210106849613567e-01
1.417393130064010620e+01 -5.082094967365264893e+00 -7.744485497474613567e-01
1.428501528501510620e+01 -4.967959225177764893e+00 -7.701608300208988567e-01
1.437333315610885620e+01 -4.840395748615264893e+00 -7.649270653724613567e-01
1.446152895689010620e+01 -4.713076412677764893e+00 -7.596933007240238567e-01
1.559397524595260620e+01 -6.655215084552764893e+00 -7.912484765052738567e-01
1.575498598814010620e+01 -6.549258053302764893e+00 -7.871743798255863567e-01
1.588230532407760620e+01 -6.421816647052764893e+00 -7.822000145912113567e-01
1.599155825376510620e+01 -6.282412350177764893e+00 -7.765237450599613567e-01
1.610075014829635620e+01 -6.143130123615264893e+00 -7.708322167396488567e-01
1.621036928892135620e+01 -6.003359615802764893e+00 -7.651254296302738567e-01
1.632786196470260620e+01 -5.866396725177764893e+00 -7.596170067787113567e-01
1.644926089048385620e+01 -5.731386959552764893e+00 -7.546731591224613567e-01
1.789823549985885620e+01 -8.046694576740264893e+00 -7.850686669349613567e-01
1.808378237485885620e+01 -7.924135982990264893e+00 -7.803689599037113567e-01
1.827116030454635620e+01 -7.800234615802764893e+00 -7.756234765052738567e-01
1.846104067564010620e+01 -7.674624264240264893e+00 -7.708016991615238567e-01
1.865226382017135620e+01 -7.548037350177764893e+00 -7.659646630287113567e-01
1.884544008970260620e+01 -7.420229732990264893e+00 -7.610665917396488567e-01
1.904142397642135620e+01 -7.290713131427764893e+00 -7.561074852943363567e-01
1.923881167173385620e+01 -7.160219967365264893e+00 -7.511026024818363567e-01
2.114103335142135620e+01 -1.000470238924026489e+01 -7.797280907630863567e-01
2.141428774595260620e+01 -9.890078365802764893e+00 -7.749673485755863567e-01
2.167368716001510620e+01 -9.763369381427764893e+00 -7.690774559974613567e-01
2.191862124204635620e+01 -9.623598873615264893e+00 -7.632180809974613567e-01
2.216569155454635620e+01 -9.482729732990264893e+00 -7.572976708412113567e-01
2.245609682798385620e+01 -9.361880123615264893e+00 -7.522775292396488567e-01
2.271195620298385620e+01 -9.217470943927764893e+00 -7.468148827552738567e-01
2.292600649595260620e+01 -9.049258053302764893e+00 -7.397042870521488567e-01
2.564921206235885620e+01 -1.272711449861526489e+01 -7.660562157630863567e-01
2.608262270689010620e+01 -1.264605981111526489e+01 -7.612802147865238567e-01
2.645170229673385620e+01 -1.252020531892776489e+01 -7.549020409583988567e-01
2.691898745298385620e+01 -1.244256860017776489e+01 -7.501565575599613567e-01
2.736851137876510620e+01 -1.234784203767776489e+01 -7.447702050208988567e-01
2.771250551939010620e+01 -1.218854027986526489e+01 -7.371102929115238567e-01
2.806260317564010620e+01 -1.202630883455276489e+01 -7.292977929115238567e-01
2.846665591001510620e+01 -1.188775902986526489e+01 -7.222787499427738567e-01
3.171165102720260620e+01 -1.638885766267776489e+01 -7.295877099037113567e-01
3.258097475767135620e+01 -1.648309594392776489e+01 -7.268563866615238567e-01
3.331199282407760620e+01 -1.647918969392776489e+01 -7.213174462318363567e-01
3.424192446470260620e+01 -1.657123070955276489e+01 -7.180520653724613567e-01
3.570676821470260620e+01 -1.693939477205276489e+01 -7.215310692787113567e-01
3.648313540220260620e+01 -1.690497094392776489e+01 -7.144967675208988567e-01
3.698398989439010620e+01 -1.670953637361526489e+01 -7.032510399818363567e-01
3.752378481626510620e+01 -1.652789574861526489e+01 -6.922494530677738567e-01
4.123575991392135620e+01 -2.214178735017776489e+01 -6.639749169349613567e-01
4.232163637876510620e+01 -2.223553735017776489e+01 -6.550332665443363567e-01
4.380625551939010620e+01 -2.253619652986526489e+01 -6.490975975990238567e-01
4.537553042173385620e+01 -2.284967309236526489e+01 -6.426583886146488567e-01
4.699308413267135620e+01 -2.315692406892776489e+01 -6.354562401771488567e-01
4.891575258970260620e+01 -2.359283715486526489e+01 -6.294747948646488567e-01
5.058787173032760620e+01 -2.385260277986526489e+01 -6.199075341224613567e-01
5.238071841001510620e+01 -2.414081078767776489e+01 -6.100198388099613567e-01
4.788792055845260620e+01 -2.616583520174026489e+01 -4.822427392005863567e-01
6.140409487485885620e+01 -3.350409203767776489e+01 -5.254098534583988567e-01
7.339963930845260620e+01 -3.961212426424026489e+01 -5.498544335365238567e-01
5.375419253110885620e+01 -2.758063012361526489e+01 -4.404031395912113567e-01
7.280839174985885620e+01 -3.737628442049026489e+01 -4.824411034583988567e-01
7.238389223814010620e+01 -3.621783715486526489e+01 -4.493295311927738567e-01
7.307603091001510620e+01 -3.566327172517776489e+01 -4.196969628333988567e-01
7.379307192564010620e+01 -3.511712914705276489e+01 -3.899728417396488567e-01
4.834330385923385620e+01 -2.645172387361526489e+01 -2.284890770912113567e-01
7.773508852720260620e+01 -4.315765649080276489e+01 -1.920510888099613567e-01
7.280234926939010620e+01 -3.928412133455276489e+01 -1.659890770912113567e-01
5.375236147642135620e+01 -2.759161645174026489e+01 -1.614114403724613567e-01
7.987449282407760620e+01 -4.128326684236526489e+01 -9.277740716933635667e-02
7.498606508970260620e+01 -3.763299828767776489e+01 -7.082000970839885667e-02
4.834086245298385620e+01 -2.646124535799026489e+01 2.630218267441364333e-02
6.377054995298385620e+01 -3.492938500642776489e+01 1.358297705650386433e-01
5.152067202329635620e+01 -2.701800805330276489e+01 8.422454595566364333e-02
5.325693911314010620e+01 -2.732428246736526489e+01 1.157797217369136433e-01
5.514518374204635620e+01 -2.767865258455276489e+01 1.494711279869136433e-01
5.724021548032760620e+01 -2.810309106111526489e+01 1.859243750572261433e-01
5.945469301939010620e+01 -2.854193383455276489e+01 2.247427344322261433e-01
6.198478335142135620e+01 -2.909698754549026489e+01 2.674978613853511433e-01
4.778678530454635620e+01 -2.613751488924026489e+01 2.764852881431636433e-01
4.964689272642135620e+01 -2.660089379549026489e+01 3.134115576744136433e-01
5.155668276548385620e+01 -2.705035668611526489e+01 3.534353613853511433e-01
7.341483706235885620e+01 -3.870782738924026489e+01 6.322592139244136433e-01
7.515348452329635620e+01 -3.871710473299026489e+01 6.796987891197261433e-01
6.172623842954635620e+01 -3.457403832674026489e+01 7.539633154869136433e-01
6.175584048032760620e+01 -3.376788598299026489e+01 7.752645850181636433e-01
7.945359438657760620e+01 -4.317523461580276489e+01 1.094280087947851143e+00
7.712467592954635620e+01 -4.081793481111526489e+01 1.080592954158788643e+00
7.461668032407760620e+01 -3.843780785799026489e+01 1.061839902400976143e+00
6.154862612485885620e+01 -3.448089867830276489e+01 1.078365170955663643e+00
6.227054995298385620e+01 -3.408612328767776489e+01 1.111324155330663643e+00
7.715983217954635620e+01 -4.186773949861526489e+01 1.460079038143163643e+00
7.470591372251510620e+01 -3.946954613924026489e+01 1.428294980525976143e+00
7.570359438657760620e+01 -3.905389672517776489e+01 1.473262631893163643e+00
6.182712954282760620e+01 -3.466339379549026489e+01 1.411418759822851143e+00
7.787205141782760620e+01 -4.332709008455276489e+01 1.864894711971288643e+00
7.655533999204635620e+01 -4.153570824861526489e+01 1.850139462947851143e+00
7.999564760923385620e+01 -4.247406274080276489e+01 1.966502988338476143e+00
7.489951723814010620e+01 -3.862701684236526489e+01 1.845241391658788643e+00
7.552836245298385620e+01 -3.800787621736526489e+01 1.882961118221288643e+00
7.543552798032760620e+01 -4.291253930330276489e+01 2.179683530330663643e+00
7.770206850767135620e+01 -4.324432641267776489e+01 2.272167050838476143e+00
7.647172182798385620e+01 -4.150470238924026489e+01 2.248760068416601143e+00
7.527628725767135620e+01 -3.885162621736526489e+01 2.246013486385351143e+00
7.520927065610885620e+01 -4.279291039705276489e+01 2.573253476619726143e+00
7.704630678892135620e+01 -4.287384301424026489e+01 2.657100522518163643e+00
7.768992251157760620e+01 -4.222674828767776489e+01 2.698253476619726143e+00
9.730938136577606201e+00 -2.289492428302764893e+00 -7.653543114662113567e-01
9.784832179546356201e+00 -2.203554928302764893e+00 -7.619058251380863567e-01
9.834514796733856201e+00 -2.115420162677764893e+00 -7.584573388099613567e-01
9.884441554546356201e+00 -2.026797115802764893e+00 -7.549935936927738567e-01
9.934307277202606201e+00 -1.938296139240264893e+00 -7.515298485755863567e-01
9.984234035015106201e+00 -1.849673092365264893e+00 -7.480661034583988567e-01
1.003440493345260620e+01 -1.760683834552764893e+00 -7.445870995521488567e-01
1.007999819517135620e+01 -1.669985592365264893e+00 -7.411233544349613567e-01
1.060697573423385620e+01 -2.738100826740264893e+00 -7.657052636146488567e-01
1.066209048032760620e+01 -2.641909420490264893e+00 -7.619363427162113567e-01
1.072245424985885620e+01 -2.548037350177764893e+00 -7.581521630287113567e-01
1.077799624204635620e+01 -2.451113522052764893e+00 -7.543374657630863567e-01
1.083341616392135620e+01 -2.354433834552764893e+00 -7.505532860755863567e-01
1.088889712095260620e+01 -2.257510006427764893e+00 -7.467385888099613567e-01
1.093937319517135620e+01 -2.157778561115264893e+00 -7.429238915443363567e-01
1.099503725767135620e+01 -2.060732662677764893e+00 -7.391244530677738567e-01
1.167124575376510620e+01 -3.283144772052764893e+00 -7.661477684974613567e-01
1.173325747251510620e+01 -3.177065670490264893e+00 -7.619668602943363567e-01
1.179533022642135620e+01 -3.070864498615264893e+00 -7.577706933021488567e-01
1.185776919126510620e+01 -2.964052975177764893e+00 -7.535592675208988567e-01
1.192008608579635620e+01 -2.857363522052764893e+00 -7.493478417396488567e-01
1.198246401548385620e+01 -2.750551998615264893e+00 -7.451364159583988567e-01
1.204526919126510620e+01 -2.643130123615264893e+00 -7.409097313880863567e-01
1.210801333189010620e+01 -2.535952389240264893e+00 -7.366830468177738567e-01
1.287827700376510620e+01 -3.901430904865264893e+00 -7.621041893958988567e-01
1.294443911314010620e+01 -3.782412350177764893e+00 -7.569619774818363567e-01
1.300400942564010620e+01 -3.659975826740264893e+00 -7.518502831458988567e-01
1.306382387876510620e+01 -3.537051022052764893e+00 -7.467385888099613567e-01
1.312345522642135620e+01 -3.414492428302764893e+00 -7.416421532630863567e-01
1.318308657407760620e+01 -3.291933834552764893e+00 -7.365304589271488567e-01
1.324296206235885620e+01 -3.169009029865264893e+00 -7.314035058021488567e-01
1.329819887876510620e+01 -3.044375240802764893e+00 -7.264596581458988567e-01
1.446189516782760620e+01 -4.712588131427764893e+00 -7.596780419349613567e-01
1.454307192564010620e+01 -4.581240475177764893e+00 -7.544290184974613567e-01
1.462449282407760620e+01 -4.449648678302764893e+00 -7.491647362708988567e-01
1.470634096860885620e+01 -4.317202389240264893e+00 -7.438851952552738567e-01
1.478812807798385620e+01 -4.185000240802764893e+00 -7.386056542396488567e-01
1.487009829282760620e+01 -4.052431881427764893e+00 -7.333108544349613567e-01
1.495249575376510620e+01 -3.919131100177764893e+00 -7.279855370521488567e-01
1.503483217954635620e+01 -3.785952389240264893e+00 -7.226602196693363567e-01
1.644987124204635620e+01 -5.730898678302764893e+00 -7.546579003333988567e-01
1.658890932798385620e+01 -5.603701412677764893e+00 -7.496377587318363567e-01
1.671702212095260620e+01 -5.469424068927764893e+00 -7.446023583412113567e-01
1.680936831235885620e+01 -5.316225826740264893e+00 -7.383767724037113567e-01
1.688761538267135620e+01 -5.156801998615264893e+00 -7.317086815833988567e-01
1.696586245298385620e+01 -4.997378170490264893e+00 -7.250558495521488567e-01
1.704441469907760620e+01 -4.837343990802764893e+00 -7.183724999427738567e-01
1.711155337095260620e+01 -4.673037350177764893e+00 -7.118264794349613567e-01
1.923960512876510620e+01 -7.159853756427764893e+00 -7.510873436927738567e-01
1.940671938657760620e+01 -7.011660397052764893e+00 -7.453805565833988567e-01
1.951853579282760620e+01 -6.834658443927764893e+00 -7.381021142005863567e-01
1.961118716001510620e+01 -6.647280514240264893e+00 -7.302590966224613567e-01
1.970365542173385620e+01 -6.460390865802764893e+00 -7.224465966224613567e-01
1.984672182798385620e+01 -6.296206295490264893e+00 -7.159005761146488567e-01
2.001151674985885620e+01 -6.139468014240264893e+00 -7.097970604896488567e-01
2.017698305845260620e+01 -5.981997311115264893e+00 -7.036630272865238567e-01
2.292710512876510620e+01 -9.048769772052764893e+00 -7.396890282630863567e-01
2.313554018735885620e+01 -8.875185787677764893e+00 -7.325326561927738567e-01
2.336991518735885620e+01 -8.711733639240264893e+00 -7.252236962318363567e-01
2.358341616392135620e+01 -8.534243404865264893e+00 -7.179147362708988567e-01
2.379813784360885620e+01 -8.355654537677764893e+00 -7.105447411537113567e-01
2.401493471860885620e+01 -8.175356686115264893e+00 -7.031289696693363567e-01
2.420914858579635620e+01 -7.981631100177764893e+00 -6.957284569740238567e-01
2.434952944517135620e+01 -7.763979732990264893e+00 -6.866342186927738567e-01
2.846982973814010620e+01 -1.188824731111526489e+01 -7.222787499427738567e-01
2.898283022642135620e+01 -1.179730492830276489e+01 -7.169992089271488567e-01
2.933372133970260620e+01 -1.161822777986526489e+01 -7.086526513099613567e-01
2.963682192564010620e+01 -1.140985375642776489e+01 -6.992684960365238567e-01
2.994248598814010620e+01 -1.119989281892776489e+01 -6.898080468177738567e-01
3.025791567564010620e+01 -1.099017602205276489e+01 -6.803323388099613567e-01
3.047166079282760620e+01 -1.073028832674026489e+01 -6.691323876380863567e-01
3.068571108579635620e+01 -1.047015649080276489e+01 -6.579324364662113567e-01
3.752677553892135620e+01 -1.652789574861526489e+01 -6.922341942787113567e-01
3.807432192564010620e+01 -1.634125024080276489e+01 -6.810495018958988567e-01
3.883445376157760620e+01 -1.624884301424026489e+01 -6.719552636146488567e-01
3.966691225767135620e+01 -1.617486840486526489e+01 -6.630441308021488567e-01
4.055167788267135620e+01 -1.611090356111526489e+01 -6.541329979896488567e-01
4.117972964048385620e+01 -1.591424828767776489e+01 -6.419870018958988567e-01
4.147153872251510620e+01 -1.555816918611526489e+01 -6.261331200599613567e-01
4.181138247251510620e+01 -1.522174340486526489e+01 -6.106912255287113567e-01
5.239036196470260620e+01 -2.414361840486526489e+01 -6.100045800208988567e-01
5.437736147642135620e+01 -2.449017602205276489e+01 -5.999337792396488567e-01
5.644431704282760620e+01 -2.483258324861526489e+01 -5.887948632240238567e-01
5.901499575376510620e+01 -2.536725121736526489e+01 -5.789224267005863567e-01
6.114841860532760620e+01 -2.564593774080276489e+01 -5.646859765052738567e-01
6.334794253110885620e+01 -2.590960961580276489e+01 -5.491525292396488567e-01
6.503147524595260620e+01 -2.589874535799026489e+01 -5.294686913490238567e-01
6.701993960142135620e+01 -2.598761254549026489e+01 -5.099527001380863567e-01
7.379642885923385620e+01 -3.511578637361526489e+01 -3.898660302162113567e-01
7.763108462095260620e+01 -3.422015649080276489e+01 -2.989846825599613567e-01
7.762467592954635620e+01 -3.423346215486526489e+01 9.115203619003864333e-02
8.835996645689010620e+01 -3.826910668611526489e+01 1.713064551353511433e-01
6.200169008970260620e+01 -2.910309106111526489e+01 2.677114844322261433e-01
6.554777163267135620e+01 -3.011017113924026489e+01 3.216207861900386433e-01
1.008030337095260620e+01 -1.669741451740264893e+00 -7.411233544349613567e-01
1.012937563657760620e+01 -1.580263912677764893e+00 -7.376443505287113567e-01
1.017411440610885620e+01 -1.488711178302764893e+00 -7.341653466224613567e-01
1.021903628110885620e+01 -1.396792232990264893e+00 -7.306710839271488567e-01
1.026395815610885620e+01 -1.304995357990264893e+00 -7.271768212318363567e-01
1.030888003110885620e+01 -1.212954342365264893e+00 -7.236978173255863567e-01
1.035404604673385620e+01 -1.120547115802764893e+00 -7.201730370521488567e-01
1.039457339048385620e+01 -1.026675045490264893e+00 -7.166940331458988567e-01
1.099540346860885620e+01 -2.060366451740264893e+00 -7.391091942787113567e-01
1.104526919126510620e+01 -1.960512936115264893e+00 -7.353097558021488567e-01
1.110062807798385620e+01 -1.862734615802764893e+00 -7.314797997474613567e-01
1.115086001157760620e+01 -1.762026607990264893e+00 -7.276345849037113567e-01
1.120103091001510620e+01 -1.661562740802764893e+00 -7.238046288490238567e-01
1.125126284360885620e+01 -1.560976803302764893e+00 -7.199746727943363567e-01
1.129630678892135620e+01 -1.457827389240264893e+00 -7.161294579505863567e-01
1.134672182798385620e+01 -1.356753170490264893e+00 -7.122842431068363567e-01
1.210862368345260620e+01 -2.535708248615264893e+00 -7.366830468177738567e-01
1.216502016782760620e+01 -2.425478756427764893e+00 -7.324563622474613567e-01
1.222153872251510620e+01 -2.315127193927764893e+00 -7.282296776771488567e-01
1.227836245298385620e+01 -2.204165279865264893e+00 -7.239724755287113567e-01
1.232743471860885620e+01 -2.090395748615264893e+00 -7.194100975990238567e-01
1.237601870298385620e+01 -1.976260006427764893e+00 -7.148172020912113567e-01
1.242484682798385620e+01 -1.861758053302764893e+00 -7.101937890052738567e-01
1.247355288267135620e+01 -1.747622311115264893e+00 -7.056008934974613567e-01
1.329856508970260620e+01 -3.044131100177764893e+00 -7.264443993568363567e-01
1.337058657407760620e+01 -2.926455318927764893e+00 -7.217599511146488567e-01
1.343467348814010620e+01 -2.805117428302764893e+00 -7.170755028724613567e-01
1.349918764829635620e+01 -2.683047115802764893e+00 -7.123757958412113567e-01
1.356357973814010620e+01 -2.561098873615264893e+00 -7.076760888099613567e-01
1.362815493345260620e+01 -2.438906490802764893e+00 -7.029611229896488567e-01
1.369303530454635620e+01 -2.315981686115264893e+00 -6.982156395912113567e-01
1.374937075376510620e+01 -2.190249264240264893e+00 -6.935159325599613567e-01
1.503525942564010620e+01 -3.785586178302764893e+00 -7.226449608802738567e-01
1.511033266782760620e+01 -3.648867428302764893e+00 -7.173349022865238567e-01
1.518552798032760620e+01 -3.511782467365264893e+00 -7.120095849037113567e-01
1.526121157407760620e+01 -3.373843014240264893e+00 -7.066384911537113567e-01
1.533683413267135620e+01 -3.236025631427764893e+00 -7.012826561927738567e-01
1.541263979673385620e+01 -3.097842037677764893e+00 -6.959115624427738567e-01
1.548893374204635620e+01 -2.958803951740264893e+00 -6.905099511146488567e-01
1.556510561704635620e+01 -2.819887936115264893e+00 -6.851083397865238567e-01
1.711222475767135620e+01 -4.672549068927764893e+00 -7.118112206458988567e-01
1.719529360532760620e+01 -4.514956295490264893e+00 -7.050973534583988567e-01
1.726719301939010620e+01 -4.352358639240264893e+00 -6.984902977943363567e-01
1.735258120298385620e+01 -4.194155514240264893e+00 -6.922036767005863567e-01
1.744260805845260620e+01 -4.037905514240264893e+00 -6.860696434974613567e-01
1.753300112485885620e+01 -3.881167232990264893e+00 -6.799050927162113567e-01
1.762388247251510620e+01 -3.723330318927764893e+00 -6.737100243568363567e-01
1.770017641782760620e+01 -3.560610592365264893e+00 -6.675759911537113567e-01
2.017795962095260620e+01 -5.981631100177764893e+00 -7.036477684974613567e-01
2.029417055845260620e+01 -5.801699459552764893e+00 -6.965066552162113567e-01
2.038010805845260620e+01 -5.608828365802764893e+00 -6.886178612708988567e-01
2.046738833189010620e+01 -5.415346920490264893e+00 -6.807290673255863567e-01
2.055454653501510620e+01 -5.222353756427764893e+00 -6.728555321693363567e-01
2.071897524595260620e+01 -5.057680904865264893e+00 -6.666299462318363567e-01
2.086063784360885620e+01 -4.881899654865264893e+00 -6.598092675208988567e-01
2.097489565610885620e+01 -4.696108639240264893e+00 -6.523934960365238567e-01
2.435007876157760620e+01 -7.763247311115264893e+00 -6.866037011146488567e-01
2.445737856626510620e+01 -7.530825436115264893e+00 -6.770516991615238567e-01
2.458677309751510620e+01 -7.307070553302764893e+00 -6.672555565833988567e-01
2.478898257017135620e+01 -7.109926998615264893e+00 -6.593057274818363567e-01
2.498887270689010620e+01 -6.910342037677764893e+00 -6.512490868568363567e-01
2.513792055845260620e+01 -6.689638912677764893e+00 -6.422464013099613567e-01
2.525706118345260620e+01 -6.455996334552764893e+00 -6.333047509193363567e-01
2.537717837095260620e+01 -6.223086178302764893e+00 -6.237527489662113567e-01
3.068742007017135620e+01 -1.046966820955276489e+01 -6.579019188880863567e-01
3.089341372251510620e+01 -1.020404320955276489e+01 -6.466561913490238567e-01
3.110068911314010620e+01 -9.936831295490264893e+00 -6.353494286537113567e-01
3.130973452329635620e+01 -9.667055904865264893e+00 -6.239205956458988567e-01
3.151920717954635620e+01 -9.396548092365264893e+00 -6.124765038490238567e-01
3.172996157407760620e+01 -9.124331295490264893e+00 -6.009561181068363567e-01
3.199345034360885620e+01 -8.867861568927764893e+00 -5.899087548255863567e-01
3.232273501157760620e+01 -8.632021725177764893e+00 -5.794870018958988567e-01
4.181364077329635620e+01 -1.522101098299026489e+01 -6.106454491615238567e-01
4.220530337095260620e+01 -1.490216332674026489e+01 -5.955697655677738567e-01
4.272971743345260620e+01 -1.463141137361526489e+01 -5.813943505287113567e-01
4.326554507017135620e+01 -1.435504418611526489e+01 -5.669137597083988567e-01
4.380839174985885620e+01 -1.407452660799026489e+01 -5.522195458412113567e-01
4.436118716001510620e+01 -1.378912621736526489e+01 -5.372659325599613567e-01
4.492582339048385620e+01 -1.349750024080276489e+01 -5.219918847083988567e-01
4.570829409360885620e+01 -1.327411156892776489e+01 -5.077706933021488567e-01
6.702720278501510620e+01 -2.598797875642776489e+01 -5.098764061927738567e-01
6.816495913267135620e+01 -2.568353539705276489e+01 -4.855844140052738567e-01
6.933335512876510620e+01 -2.537103539705276489e+01 -4.606515526771488567e-01
7.053715151548385620e+01 -2.504876977205276489e+01 -4.349404931068363567e-01
7.177036684751510620e+01 -2.471893578767776489e+01 -4.086190819740238567e-01
7.345994204282760620e+01 -2.453570824861526489e+01 -3.824349999427738567e-01
7.773832339048385620e+01 -2.524359399080276489e+01 -3.591653466224613567e-01
8.288352602720260620e+01 -2.616522485017776489e+01 -3.337899804115238567e-01
1.039475649595260620e+01 -1.026308834552764893e+00 -7.166940331458988567e-01
1.043882387876510620e+01 -9.334133267402648926e-01 -7.131845116615238567e-01
1.047843569517135620e+01 -8.388088345527648926e-01 -7.096902489662113567e-01
1.051823061704635620e+01 -7.437160611152648926e-01 -7.061807274818363567e-01
1.055796450376510620e+01 -6.487453579902648926e-01 -7.026712059974613567e-01
1.059775942564010620e+01 -5.535305142402648926e-01 -6.991616845130863567e-01
1.063773745298385620e+01 -4.578273892402648926e-01 -6.956369042396488567e-01
1.067289370298385620e+01 -3.610256314277648926e-01 -6.921426415443363567e-01
1.134672182798385620e+01 -1.356386959552764893e+00 -7.122689843177738567e-01
1.139109438657760620e+01 -1.253115475177764893e+00 -7.084390282630863567e-01
1.144114321470260620e+01 -1.151308834552764893e+00 -7.045632958412113567e-01
1.148582094907760620e+01 -1.047182857990264893e+00 -7.007028222083988567e-01
1.153049868345260620e+01 -9.430568814277648926e-01 -6.968423485755863567e-01
1.157529848814010620e+01 -8.388088345527648926e-01 -6.929818749427738567e-01
1.161466616392135620e+01 -7.323635220527648926e-01 -6.891366600990238567e-01
1.165958803892135620e+01 -6.277492642402648926e-01 -6.852609276771488567e-01
1.247373598814010620e+01 -1.747256100177764893e+00 -7.055856347083988567e-01
1.251676577329635620e+01 -1.630923092365264893e+00 -7.010537743568363567e-01
1.255985659360885620e+01 -1.514468014240264893e+00 -6.965066552162113567e-01
1.260313051939010620e+01 -1.397646725177764893e+00 -6.919442772865238567e-01
1.264628237485885620e+01 -1.280947506427764893e+00 -6.873971581458988567e-01
1.268949526548385620e+01 -1.164126217365264893e+00 -6.828500390052738567e-01
1.273289126157760620e+01 -1.046816647052764893e+00 -6.782724022865238567e-01
1.278519839048385620e+01 -9.320705533027648926e-01 -6.740304589271488567e-01
1.374955385923385620e+01 -2.189883053302764893e+00 -6.935006737708988567e-01
1.381589907407760620e+01 -2.067202389240264893e+00 -6.887551903724613567e-01
1.387791079282760620e+01 -1.942568600177764893e+00 -6.841622948646488567e-01
1.395939272642135620e+01 -1.823061764240264893e+00 -6.801797509193363567e-01
1.404111880064010620e+01 -1.703188717365264893e+00 -6.761972069740238567e-01
1.412333315610885620e+01 -1.582583248615264893e+00 -6.721841454505863567e-01
1.420634096860885620e+01 -1.460879147052764893e+00 -6.681253075599613567e-01
1.428110903501510620e+01 -1.336489498615264893e+00 -6.641427636146488567e-01
1.556534975767135620e+01 -2.819399654865264893e+00 -6.850778222083988567e-01
1.563383120298385620e+01 -2.677309811115264893e+00 -6.797067284583988567e-01
1.570255678892135620e+01 -2.534853756427764893e+00 -6.743051171302738567e-01
1.577170962095260620e+01 -2.391421139240264893e+00 -6.688729882240238567e-01
1.584098452329635620e+01 -2.248110592365264893e+00 -6.634408593177738567e-01
1.591044253110885620e+01 -2.104311764240264893e+00 -6.579934716224613567e-01
1.598173159360885620e+01 -1.960024654865264893e+00 -6.525613427162113567e-01
1.610966128110885620e+01 -1.830874264240264893e+00 -6.486398339271488567e-01
1.770054262876510620e+01 -3.560122311115264893e+00 -6.675607323646488567e-01
1.779783266782760620e+01 -3.403872311115264893e+00 -6.613046288490238567e-01
1.788071841001510620e+01 -3.242129147052764893e+00 -6.551095604896488567e-01
1.796427553892135620e+01 -3.079287350177764893e+00 -6.488687157630863567e-01
1.806907290220260620e+01 -2.922671139240264893e+00 -6.431161522865238567e-01
1.822666567564010620e+01 -2.780459225177764893e+00 -6.385385155677738567e-01
1.841605776548385620e+01 -2.644228756427764893e+00 -6.345712304115238567e-01
1.860825747251510620e+01 -2.506411373615264893e+00 -6.310006737708988567e-01
2.097526186704635620e+01 -4.695498287677764893e+00 -6.523782372474613567e-01
2.108054751157760620e+01 -4.505678951740264893e+00 -6.449777245521488567e-01
2.118626040220260620e+01 -4.315127193927764893e+00 -6.375466942787113567e-01
2.129282778501510620e+01 -4.122988522052764893e+00 -6.300546288490238567e-01
2.142423647642135620e+01 -3.938296139240264893e+00 -6.230355858802738567e-01
2.167271059751510620e+01 -3.786074459552764893e+00 -6.180917382240238567e-01
2.192649477720260620e+01 -3.630678951740264893e+00 -6.130258202552738567e-01
2.218400210142135620e+01 -3.472964107990264893e+00 -6.079141259193363567e-01
2.537772768735885620e+01 -6.222353756427764893e+00 -6.237222313880863567e-01
2.553599184751510620e+01 -6.001284420490264893e+00 -6.149179100990238567e-01
2.583115786314010620e+01 -5.822939693927764893e+00 -6.074411034583988567e-01
2.611668032407760620e+01 -5.635805904865264893e+00 -6.002389550208988567e-01
2.640604799985885620e+01 -5.446108639240264893e+00 -5.929452538490238567e-01
2.674692934751510620e+01 -5.266909420490264893e+00 -5.861398339271488567e-01
2.721598452329635620e+01 -5.117007076740264893e+00 -5.814401268958988567e-01
2.804941958189010620e+01 -5.057925045490264893e+00 -5.803720116615238567e-01
3.232426089048385620e+01 -8.631289303302764893e+00 -5.794564843177738567e-01
3.289890688657760620e+01 -8.472719967365264893e+00 -5.715829491615238567e-01
3.329081362485885620e+01 -8.244448482990264893e+00 -5.614511132240238567e-01
3.397965639829635620e+01 -8.101504147052764893e+00 -5.538674950599613567e-01
3.471744936704635620e+01 -7.961611568927764893e+00 -5.462838768958988567e-01
3.581516665220260620e+01 -7.912905514240264893e+00 -5.413095116615238567e-01
3.697263735532760620e+01 -7.858218014240264893e+00 -5.359231591224613567e-01
3.802048891782760620e+01 -7.752749264240264893e+00 -5.288430809974613567e-01
4.571610659360885620e+01 -1.327508813142776489e+01 -5.077554345130863567e-01
4.707737368345260620e+01 -1.323163110017776489e+01 -4.963418602943363567e-01
4.876224917173385620e+01 -1.326605492830276489e+01 -4.855996727943363567e-01
5.059177798032760620e+01 -1.331012231111526489e+01 -4.741708397865238567e-01
5.309989565610885620e+01 -1.352447777986526489e+01 -4.644204735755863567e-01
5.549906557798385620e+01 -1.365606957674026489e+01 -4.522592186927738567e-01
5.863871401548385620e+01 -1.394513207674026489e+01 -4.408456444740238567e-01
6.056840151548385620e+01 -1.384601098299026489e+01 -4.232217431068363567e-01
8.290812319517135620e+01 -2.617059594392776489e+01 -3.336984276771488567e-01
8.874393862485885620e+01 -2.721515160799026489e+01 -3.047219872474613567e-01
7.687644594907760620e+01 -2.072589379549026489e+01 -2.025643944740238567e-01
6.915836733579635620e+01 -1.764996606111526489e+01 -1.783486962318363567e-01
9.079429262876510620e+01 -2.298602563142776489e+01 -1.249276757240238567e-01
6.645804995298385620e+01 -1.544830590486526489e+01 -1.283456444740238567e-01
7.688254946470260620e+01 -2.074249535799026489e+01 1.620901465416011433e-01
6.915275210142135620e+01 -1.766144067049026489e+01 1.482962012291011433e-01
7.823191469907760620e+01 -1.947308617830276489e+01 2.287405371666011433e-01
6.632444399595260620e+01 -1.542474633455276489e+01 1.826895117759761433e-01
7.698167055845260620e+01 -2.078717309236526489e+01 5.277517676353511433e-01
6.834312075376510620e+01 -1.743817406892776489e+01 4.665945410728511433e-01
6.151884096860885620e+01 -1.478839379549026489e+01 4.199636816978511433e-01
5.612247866392135620e+01 -1.267767602205276489e+01 3.822592139244136433e-01
8.841306704282760620e+01 -2.426617699861526489e+01 1.064006650447851143e+00
7.833079165220260620e+01 -2.036969262361526489e+01 9.424703955650386433e-01
7.813987368345260620e+01 -1.947699242830276489e+01 9.670675635337886433e-01
6.613877505064010620e+01 -1.539947777986526489e+01 8.039968848228511433e-01
8.843009585142135620e+01 -2.428827172517776489e+01 1.484279477596288643e+00
7.811216372251510620e+01 -2.032062035799026489e+01 1.308666074275976143e+00
7.811252993345260620e+01 -1.948407250642776489e+01 1.335018002986913643e+00
6.614481753110885620e+01 -1.541363793611526489e+01 1.116237485408788643e+00
8.836289614439010620e+01 -2.428497582674026489e+01 1.904964292049413643e+00
7.806913393735885620e+01 -2.032306176424026489e+01 1.679103696346288643e+00
7.808860415220260620e+01 -1.949225121736526489e+01 1.704799497127538643e+00
6.613761538267135620e+01 -1.542413598299026489e+01 1.426570737361913643e+00
8.848502749204635620e+01 -2.433893090486526489e+01 2.328304135799413643e+00
7.811124819517135620e+01 -2.035028344392776489e+01 2.049709165096288643e+00
7.806937807798385620e+01 -1.950165063142776489e+01 2.072551572322851143e+00
6.611460512876510620e+01 -1.543048363924026489e+01 1.738033139705663643e+00
8.856791323423385620e+01 -2.438128930330276489e+01 2.753764951229101143e+00
7.807993716001510620e+01 -1.951947289705276489e+01 2.443157041072851143e+00
6.613254946470260620e+01 -1.544781762361526489e+01 2.049083554744726143e+00
8.854227846860885620e+01 -2.439044457674026489e+01 3.173610532283788643e+00
7.823942202329635620e+01 -1.957940942049026489e+01 2.819759213924413643e+00
6.618381899595260620e+01 -1.547418481111526489e+01 2.363323056697851143e+00
8.862559145689010620e+01 -2.443292504549026489e+01 3.600246274471288643e+00
7.814701479673385620e+01 -1.956817895174026489e+01 3.184810483455663643e+00
6.622813051939010620e+01 -1.549884301424026489e+01 2.677760922908788643e+00
7.832841128110885620e+01 -1.946014672517776489e+01 2.911418759822851143e+00
6.616825503110885620e+01 -1.531048852205276489e+01 2.445522153377538643e+00
8.856614321470260620e+01 -2.430047875642776489e+01 3.694057309627538643e+00
7.835660952329635620e+01 -1.948382836580276489e+01 3.288432919979101143e+00
6.623746889829635620e+01 -1.534271508455276489e+01 2.767238461971288643e+00
