8.160523593425750732e+00 -3.109108328819274902e+00 -8.152927792631032844e-01
8.233643710613250732e+00 -3.039650321006774902e+00 -8.125767148099782844e-01
8.303589999675750732e+00 -2.967506766319274902e+00 -8.098606503568532844e-01
8.374085605144500732e+00 -2.894874930381774902e+00 -8.071293271146657844e-01
8.444581210613250732e+00 -2.822121024131774902e+00 -8.043827450834157844e-01
8.515381991863250732e+00 -2.749122977256774902e+00 -8.016361630521657844e-01
8.580872714519500732e+00 -2.672096610069274902e+00 -7.984928525052907844e-01
8.641480624675750732e+00 -2.592140555381774902e+00 -7.952732480131032844e-01
8.866700351238250732e+00 -3.605934500694274902e+00 -8.159183896146657844e-01
8.943909823894500732e+00 -3.528908133506774902e+00 -8.129734433256032844e-01
9.025574862957000732e+00 -3.454323172569274902e+00 -8.100132382474782844e-01
9.103760898113250732e+00 -3.376198172569274902e+00 -8.070377743802907844e-01
9.181946933269500732e+00 -3.298195242881774902e+00 -8.040623105131032844e-01
9.255006015300750732e+00 -3.216286063194274902e+00 -8.007206357084157844e-01
9.318787753582000732e+00 -3.127907156944274902e+00 -7.970585263334157844e-01
9.387147128582000732e+00 -3.042580008506774902e+00 -7.934116757474782844e-01
9.707581698894500732e+00 -4.197609305381774902e+00 -8.166660702787282844e-01
9.794068515300750732e+00 -4.114479422569274902e+00 -8.134312069974782844e-01
9.880982577800750732e+00 -4.030983328819274902e+00 -8.101963437162282844e-01
9.968568027019500732e+00 -3.946876883506774902e+00 -8.069309628568532844e-01
1.005627554655075073e+01 -3.862648367881774902e+00 -8.036655819974782844e-01
1.014441031217575073e+01 -3.778053641319274902e+00 -8.003849423490407844e-01
1.023321646451950073e+01 -3.692726492881774902e+00 -7.970737851224782844e-01
1.032214468717575073e+01 -3.607277274131774902e+00 -7.937626278959157844e-01
1.075122183561325073e+01 -4.931740164756774902e+00 -8.192600644193532844e-01
1.087335318326950073e+01 -4.857765555381774902e+00 -8.166355527006032844e-01
1.098938101530075073e+01 -4.778175711631774902e+00 -8.139347470365407844e-01
1.110681265592575073e+01 -4.697609305381774902e+00 -8.112034237943532844e-01
1.121838492155075073e+01 -4.612648367881774902e+00 -8.081211484037282844e-01
1.133215445280075073e+01 -4.527931571006774902e+00 -8.050846493802907844e-01
1.144720572233200073e+01 -4.442238211631774902e+00 -8.020328915677907844e-01
1.155664175748825073e+01 -4.352638602256774902e+00 -7.989811337552907844e-01
1.190045279264450073e+01 -5.740578055381774902e+00 -8.149876034818532844e-01
1.202722281217575073e+01 -5.652809500694274902e+00 -8.117069638334157844e-01
1.215496939420700073e+01 -5.564308524131774902e+00 -8.084110653959157844e-01
1.228424185514450073e+01 -5.474830985069274902e+00 -8.050693905912282844e-01
1.241412466764450073e+01 -5.384865164756774902e+00 -8.017277157865407844e-01
1.255029410123825073e+01 -5.297462821006774902e+00 -7.985691464506032844e-01
1.268298453092575073e+01 -5.205788016319274902e+00 -7.951664364896657844e-01
1.280407828092575073e+01 -5.106300711631774902e+00 -7.911991513334157844e-01
1.345575064420700073e+01 -6.834938406944274902e+00 -8.156437314115407844e-01
1.362963980436325073e+01 -6.756569266319274902e+00 -8.125156796537282844e-01
1.381091421842575073e+01 -6.680763602256774902e+00 -8.099827206693532844e-01
1.397277945280075073e+01 -6.588722586631774902e+00 -8.064884579740407844e-01
1.410907095670700073e+01 -6.478981375694274902e+00 -8.019108212552907844e-01
1.424621695280075073e+01 -6.368629813194274902e+00 -7.972874081693532844e-01
1.438592642545700073e+01 -6.257667899131774902e+00 -7.926639950834157844e-01
1.453485220670700073e+01 -6.151710867881774902e+00 -7.887730038724782844e-01
1.543750113248825073e+01 -8.229347586631774902e+00 -8.144077694974782844e-01
1.563751333951950073e+01 -8.139747977256774902e+00 -8.107761777006032844e-01
1.586291617155075073e+01 -8.064308524131774902e+00 -8.079075253568532844e-01
1.609265249967575073e+01 -7.987526297569274902e+00 -8.049778378568532844e-01
1.632519644498825073e+01 -7.909767508506774902e+00 -8.020328915677907844e-01
1.655688589811325073e+01 -7.827736258506774902e+00 -7.988590634427907844e-01
1.675085562467575073e+01 -7.718239188194274902e+00 -7.942509091459157844e-01
1.696008414030075073e+01 -7.616432547569274902e+00 -7.900394833646657844e-01
1.800488394498825073e+01 -1.003598821163177490e+01 -8.100590146146657844e-01
1.839795035123825073e+01 -1.004123723506927490e+01 -8.101505673490407844e-01
1.870507925748825073e+01 -9.980690360069274902e+00 -8.067020810209157844e-01
1.894030874967575073e+01 -9.866554617881774902e+00 -8.013767636381032844e-01
1.917749136686325073e+01 -9.751320242881774902e+00 -7.959904110990407844e-01
1.941754263639450073e+01 -9.634743094444274902e+00 -7.905582821927907844e-01
1.967498892545700073e+01 -9.524757742881774902e+00 -7.859806454740407844e-01
1.999438589811325073e+01 -9.449318289756774902e+00 -7.823948300443532844e-01
2.093316763639450073e+01 -1.209751164913177490e+01 -7.858127987943532844e-01
2.142920035123825073e+01 -1.213034856319427490e+01 -7.851261532865407844e-01
2.189257925748825073e+01 -1.213083684444427490e+01 -7.831882870756032844e-01
2.245471304655075073e+01 -1.218613469600677490e+01 -7.832035458646657844e-01
2.303704947233200073e+01 -1.224350774288177490e+01 -7.832340634427907844e-01
2.361505240201950073e+01 -1.228598821163177490e+01 -7.826237118802907844e-01
2.407531851530075073e+01 -1.224289739131927490e+01 -7.787937558256032844e-01
2.452905386686325073e+01 -1.218845403194427490e+01 -7.745212948881032844e-01
2.503582876920700073e+01 -1.498569524288177490e+01 -7.535404599271657844e-01
2.558575552701950073e+01 -1.499521672725677490e+01 -7.494816220365407844e-01
2.628894156217575073e+01 -1.509665715694427490e+01 -7.479557431302907844e-01
2.700079458951950073e+01 -1.518723332881927490e+01 -7.458958066068532844e-01
2.780139273405075073e+01 -1.532102239131927490e+01 -7.449039853177907844e-01
2.861932486295700073e+01 -1.544809758663177490e+01 -7.434849179349782844e-01
2.942785757780075073e+01 -1.555051457881927490e+01 -7.411350644193532844e-01
3.013244742155075073e+01 -1.557444036006927490e+01 -7.364200985990407844e-01
3.135431021451950073e+01 -1.943357121944427490e+01 -7.077183163724782844e-01
3.213287466764450073e+01 -1.950717961788177490e+01 -7.012485898099782844e-01
3.309051626920700073e+01 -1.968491399288177490e+01 -6.966099179349782844e-01
3.428631705045700073e+01 -1.999643743038177490e+01 -6.942753232084157844e-01
3.525476187467575073e+01 -2.013523137569427490e+01 -6.880344784818532844e-01
3.650994986295700073e+01 -2.043405950069427490e+01 -6.844944394193532844e-01
3.777069205045700073e+01 -2.070603215694427490e+01 -6.798557675443532844e-01
3.888128775358200073e+01 -2.086130559444427490e+01 -6.725468075834157844e-01
3.589410513639450073e+01 -2.263401067256927490e+01 -5.751957333646657844e-01
3.750830191373825073e+01 -2.321604192256927490e+01 -5.705570614896657844e-01
3.922003287076950073e+01 -2.382370793819427490e+01 -5.653080380521657844e-01
4.103125113248825073e+01 -2.445285832881927490e+01 -5.592502987943532844e-01
4.289062613248825073e+01 -2.507090032100677490e+01 -5.520328915677907844e-01
4.482342642545700073e+01 -2.569077336788177490e+01 -5.437321103177907844e-01
4.682244986295700073e+01 -2.630344426631927490e+01 -5.341190732084157844e-01
4.878503531217575073e+01 -2.684958684444427490e+01 -5.227054989896657844e-01
8.196521109342575073e+01 -5.146628606319427490e+01 -4.304356015287282844e-01
8.134674185514450073e+01 -4.990427434444427490e+01 -3.905491269193532844e-01
6.253729361295700073e+01 -3.688767278194427490e+01 -3.261265194974782844e-01
6.329968374967575073e+01 -3.649118840694427490e+01 -2.961277402006032844e-01
4.895275992155075073e+01 -2.696286809444427490e+01 -2.607426083646657844e-01
8.318768423795700073e+01 -5.111362493038177490e+01 6.172138089314671561e-02
8.106555289030075073e+01 -4.860788762569427490e+01 8.903461331502171561e-02
6.380609244108200073e+01 -3.681967961788177490e+01 4.658466214314671561e-02
4.894458121061325073e+01 -2.696982610225677490e+01 7.930361665842156071e-04
3.920868033170700073e+01 -2.384616887569427490e+01 8.494525784627171561e-02
4.092956656217575073e+01 -2.441696965694427490e+01 1.158290469087717156e-01
4.272088736295700073e+01 -2.499362981319427490e+01 1.484828555025217156e-01
4.473791617155075073e+01 -2.567014348506927490e+01 1.844783389009592156e-01
4.682391470670700073e+01 -2.633896672725677490e+01 2.225642764009592156e-01
4.874835318326950073e+01 -2.686325871944427490e+01 2.617335879243967156e-01
3.583142203092575073e+01 -2.262741887569427490e+01 2.288051211275217156e-01
3.736364859342575073e+01 -2.315512883663177490e+01 2.630000674165842156e-01
3.906225699186325073e+01 -2.375742375850677490e+01 3.004603945650217156e-01
4.098053091764450073e+01 -2.446103703975677490e+01 3.421626650728342156e-01
8.319952505826950073e+01 -5.116306340694427490e+01 9.710689150728342156e-01
8.243548697233200073e+01 -4.951438176631927490e+01 9.897151553072092156e-01
8.006842154264450073e+01 -4.690671575069427490e+01 9.830775820650217156e-01
6.488922232389450073e+01 -3.663498723506927490e+01 7.742610537447092156e-01
8.212237662076950073e+01 -5.048764836788177490e+01 1.403045233432209216e+00
8.297515982389450073e+01 -4.987619817256927490e+01 1.447143133822834216e+00
6.466070669889450073e+01 -3.739560735225677490e+01 1.095840033236896716e+00
6.534619253873825073e+01 -3.692734563350677490e+01 1.132613714877521716e+00
8.180151480436325073e+01 -4.915439641475677490e+01 1.868728216830646716e+00
6.489471548795700073e+01 -3.755637395381927490e+01 1.451736029330646716e+00
6.472778433561325073e+01 -3.656906926631927490e+01 1.465713080111896716e+00
8.154589956998825073e+01 -4.901291692256927490e+01 2.303878363315021716e+00
7.949273794889450073e+01 -4.660971868038177490e+01 2.262252386752521716e+00
7.862671011686325073e+01 -4.499936711788177490e+01 2.254561957065021716e+00
7.867761343717575073e+01 -4.612448918819427490e+01 2.660094793979084216e+00
7.911529654264450073e+01 -4.531467473506927490e+01 2.695479925815021716e+00
8.641480624675750732e+00 -2.591774344444274902e+00 -7.952427304349782844e-01
8.704774081707000732e+00 -2.513161063194274902e+00 -7.919926083646657844e-01
8.764893710613250732e+00 -2.432350516319274902e+00 -7.887730038724782844e-01
8.825379550457000732e+00 -2.350929617881774902e+00 -7.855228818021657844e-01
8.885804355144500732e+00 -2.269752860069274902e+00 -7.822880185209157844e-01
8.938233554363250732e+00 -2.183937430381774902e+00 -7.785343564115407844e-01
8.989808261394500732e+00 -2.097145438194274902e+00 -7.747196591459157844e-01
9.037537753582000732e+00 -2.008766531944274902e+00 -7.709202206693532844e-01
9.387330234050750732e+00 -3.042213797569274902e+00 -7.933964169584157844e-01
9.450623691082000732e+00 -2.953590750694274902e+00 -7.897190487943532844e-01
9.518799960613250732e+00 -2.867409110069274902e+00 -7.860569394193532844e-01
9.582581698894500732e+00 -2.778053641319274902e+00 -7.823490536771657844e-01
9.646241366863250732e+00 -2.688698172569274902e+00 -7.786564267240407844e-01
9.710084140300750732e+00 -2.599220633506774902e+00 -7.749485409818532844e-01
9.769288241863250732e+00 -2.506569266319274902e+00 -7.712253964506032844e-01
9.833375155925750732e+00 -2.416603446006774902e+00 -7.675022519193532844e-01
1.032244986295700073e+01 -3.606911063194274902e+00 -7.937626278959157844e-01
1.040667837858200073e+01 -3.518043875694274902e+00 -7.904362118802907844e-01
1.049127310514450073e+01 -3.428566336631774902e+00 -7.870945370756032844e-01
1.058398550748825073e+01 -3.342506766319274902e+00 -7.841190732084157844e-01
1.066015738248825073e+01 -3.246925711631774902e+00 -7.802585995756032844e-01
1.073199576139450073e+01 -3.148659110069274902e+00 -7.761692441068532844e-01
1.080426138639450073e+01 -3.049782156944274902e+00 -7.720493710599782844e-01
1.087646597623825073e+01 -2.951027274131774902e+00 -7.679294980131032844e-01
1.155719107389450073e+01 -4.352394461631774902e+00 -7.989811337552907844e-01
1.165527456998825073e+01 -4.254982352256774902e+00 -7.949680722318532844e-01
1.172473257780075073e+01 -4.140236258506774902e+00 -7.898716366849782844e-01
1.179455679655075073e+01 -4.025001883506774902e+00 -7.847599423490407844e-01
1.186413687467575073e+01 -3.910133719444274902e+00 -7.796482480131032844e-01
1.193377798795700073e+01 -3.795021414756774902e+00 -7.745518124662282844e-01
1.200372427701950073e+01 -3.679664969444274902e+00 -7.694248593412282844e-01
1.206701773405075073e+01 -3.561134696006774902e+00 -7.643589413724782844e-01
1.280413931608200073e+01 -5.105812430381774902e+00 -7.911838925443532844e-01
1.291796988248825073e+01 -5.000831961631774902e+00 -7.871097958646657844e-01
1.303259390592575073e+01 -4.895241141319274902e+00 -7.830051816068532844e-01
1.314831656217575073e+01 -4.788429617881774902e+00 -7.788700497709157844e-01
1.326440542936325073e+01 -4.681496024131774902e+00 -7.747196591459157844e-01
1.338128775358200073e+01 -4.573707938194274902e+00 -7.705387509427907844e-01
1.349932974576950073e+01 -4.464943289756774902e+00 -7.663273251615407844e-01
1.360101431608200073e+01 -4.347145438194274902e+00 -7.614445126615407844e-01
1.453497427701950073e+01 -6.151222586631774902e+00 -7.887577450834157844e-01
1.473352164030075073e+01 -6.072731375694274902e+00 -7.860416806302907844e-01
1.492352408170700073e+01 -5.986305594444274902e+00 -7.832798398099782844e-01
1.511688345670700073e+01 -5.898292899131774902e+00 -7.804722226224782844e-01
1.526605337858200073e+01 -5.783668875694274902e+00 -7.759861386381032844e-01
1.540545767545700073e+01 -5.662208914756774902e+00 -7.710728085599782844e-01
1.554632681608200073e+01 -5.539528250694274902e+00 -7.661137021146657844e-01
1.565222281217575073e+01 -5.398048758506774902e+00 -7.603763974271657844e-01
1.696087759733200073e+01 -7.616066336631774902e+00 -7.900394833646657844e-01
1.721948355436325073e+01 -7.540382742881774902e+00 -7.874912655912282844e-01
1.748315542936325073e+01 -7.463234305381774902e+00 -7.848972714506032844e-01
1.771356314420700073e+01 -7.362160086631774902e+00 -7.810367978177907844e-01
1.792773550748825073e+01 -7.249489188194274902e+00 -7.765659726224782844e-01
1.806506460905075073e+01 -7.092628836631774902e+00 -7.696842587552907844e-01
1.820349234342575073e+01 -6.934547781944274902e+00 -7.627415097318532844e-01
1.834198111295700073e+01 -6.776344656944274902e+00 -7.558140194974782844e-01
1.999536246061325073e+01 -9.449074149131774902e+00 -7.823948300443532844e-01
2.031353873014450073e+01 -9.367531180381774902e+00 -7.787174618802907844e-01
2.063385123014450073e+01 -9.281715750694274902e+00 -7.742771542631032844e-01
2.088781851530075073e+01 -9.152321219444274902e+00 -7.684330380521657844e-01
2.114434927701950073e+01 -9.021583914756774902e+00 -7.625278866849782844e-01
2.140435904264450073e+01 -8.889137625694274902e+00 -7.565464413724782844e-01
2.164953726530075073e+01 -8.744240164756774902e+00 -7.506107724271657844e-01
2.191632193326950073e+01 -8.608131766319274902e+00 -7.444767392240407844e-01
2.453057974576950073e+01 -1.218820989131927490e+01 -7.745060360990407844e-01
2.486724966764450073e+01 -1.205649602413177490e+01 -7.675175107084157844e-01
2.520428580045700073e+01 -1.191977727413177490e+01 -7.602848446927907844e-01
2.554760855436325073e+01 -1.178012883663177490e+01 -7.529301083646657844e-01
2.603534048795700073e+01 -1.171579778194427490e+01 -7.482151425443532844e-01
2.653741568326950073e+01 -1.165024602413177490e+01 -7.434086239896657844e-01
2.690594595670700073e+01 -1.150437200069427490e+01 -7.356724179349782844e-01
2.727514761686325073e+01 -1.135434758663177490e+01 -7.277531064115407844e-01
3.013549917936325073e+01 -1.557480657100677490e+01 -7.364200985990407844e-01
3.104602164030075073e+01 -1.570603215694427490e+01 -7.344669735990407844e-01
3.191760367155075073e+01 -1.579489934444427490e+01 -7.311252987943532844e-01
3.285479849576950073e+01 -1.590085637569427490e+01 -7.279514706693532844e-01
3.351062124967575073e+01 -1.583383977413177490e+01 -7.199711239896657844e-01
3.470269888639450073e+01 -1.604258000850677490e+01 -7.189335263334157844e-01
3.515130728483200073e+01 -1.583420598506927490e+01 -7.068638241849782844e-01
3.579065054655075073e+01 -1.571848332881927490e+01 -6.970371640287282844e-01
3.889013785123825073e+01 -2.086484563350677490e+01 -6.725773251615407844e-01
4.048596304655075073e+01 -2.128220403194427490e+01 -6.694492734037282844e-01
4.167144888639450073e+01 -2.142636907100677490e+01 -6.607365048490407844e-01
4.349713248014450073e+01 -2.190403020381927490e+01 -6.571506894193532844e-01
4.497100943326950073e+01 -2.214841496944427490e+01 -6.488193905912282844e-01
4.684045523405075073e+01 -2.257358586788177490e+01 -6.427006161771657844e-01
4.863842886686325073e+01 -2.291770207881927490e+01 -6.343082821927907844e-01
5.050103873014450073e+01 -2.325815618038177490e+01 -6.250156796537282844e-01
4.879840201139450073e+01 -2.685532414913177490e+01 -5.227054989896657844e-01
5.079284781217575073e+01 -2.737473332881927490e+01 -5.095371640287282844e-01
5.279589956998825073e+01 -2.785312688350677490e+01 -4.947666562162282844e-01
5.479998892545700073e+01 -2.828440129756927490e+01 -4.782566464506032844e-01
5.680755728483200073e+01 -2.867539250850677490e+01 -4.602360165677907844e-01
7.568255728483200073e+01 -3.809104192256927490e+01 -4.987339413724782844e-01
7.591552847623825073e+01 -3.724497258663177490e+01 -4.643406308256032844e-01
7.659973257780075073e+01 -3.663791692256927490e+01 -4.313663876615407844e-01
4.896612662076950073e+01 -2.696860539913177490e+01 -2.606815732084157844e-01
7.895764273405075073e+01 -4.401548039913177490e+01 -2.383121884427907844e-01
6.619366568326950073e+01 -3.559702336788177490e+01 -2.101597226224782844e-01
7.586608999967575073e+01 -4.017490422725677490e+01 -1.719517148099782844e-01
5.701904410123825073e+01 -2.880527532100677490e+01 -1.631321347318532844e-01
7.789593619108200073e+01 -3.929929387569427490e+01 -1.015018857084157844e-01
7.831750601530075073e+01 -3.852390325069427490e+01 -6.451458102091578439e-02
4.894470328092575073e+01 -2.696762883663177490e+01 8.540713228342156071e-04
6.590289419889450073e+01 -3.632395207881927490e+01 1.119533144868967156e-01
6.467511099576950073e+01 -3.473642766475677490e+01 1.327968203462717156e-01
5.483581656217575073e+01 -2.833078801631927490e+01 9.936481351033421561e-02
5.674279898405075073e+01 -2.866660344600677490e+01 1.345973574556467156e-01
5.883813589811325073e+01 -2.906247746944427490e+01 1.724696719087717156e-01
6.120477408170700073e+01 -2.955271184444427490e+01 2.138667666353342156e-01
6.369751089811325073e+01 -3.005857121944427490e+01 2.578120791353342156e-01
4.876098746061325073e+01 -2.686850774288177490e+01 2.619166933931467156e-01
5.066150015592575073e+01 -2.733396184444427490e+01 3.001399599947092156e-01
5.278546255826950073e+01 -2.788523137569427490e+01 3.435054385103342156e-01
7.613964956998825073e+01 -4.036545598506927490e+01 6.307979189790842156e-01
7.762347525358200073e+01 -4.019040715694427490e+01 6.776271426118967156e-01
7.776391714811325073e+01 -3.926474797725677490e+01 7.088924014009592156e-01
7.917157095670700073e+01 -3.900901067256927490e+01 7.559657656587717156e-01
6.488415640592575073e+01 -3.662888371944427490e+01 7.742457949556467156e-01
6.461486929655075073e+01 -3.559445989131927490e+01 7.938075625337717156e-01
8.228411978483200073e+01 -4.494162786006927490e+01 1.106124457065021716e+00
7.944738882780075073e+01 -4.225095403194427490e+01 1.088439520541584216e+00
7.734484976530075073e+01 -4.005515325069427490e+01 1.080840643588459216e+00
7.919006460905075073e+01 -4.005112493038177490e+01 1.140182074252521716e+00
7.902850455045700073e+01 -3.895224797725677490e+01 1.164977606479084216e+00
6.534802359342575073e+01 -3.692539250850677490e+01 1.132705267611896716e+00
6.467913931608200073e+01 -3.564817082881927490e+01 1.138671454135334216e+00
6.500463980436325073e+01 -3.497348821163177490e+01 1.167327459994709216e+00
8.111914175748825073e+01 -4.321408879756927490e+01 1.542861517611896716e+00
7.755969351530075073e+01 -4.019187200069427490e+01 1.490005072299396716e+00
7.813427847623825073e+01 -3.950070989131927490e+01 1.528060492221271716e+00
7.852331656217575073e+01 -3.870481145381927490e+01 1.562041815463459216e+00
6.525366324186325073e+01 -3.688425481319427490e+01 1.479613836947834216e+00
6.493859976530075073e+01 -3.581736028194427490e+01 1.491286810580646716e+00
6.506567496061325073e+01 -3.502439153194427490e+01 1.514480169955646716e+00
8.022461050748825073e+01 -4.272800481319427490e+01 1.947280462924396716e+00
7.842852896451950073e+01 -3.967771184444427490e+01 1.944732245150959216e+00
7.860894888639450073e+01 -3.876828801631927490e+01 1.972716864291584216e+00
7.863043326139450073e+01 -4.499802434444427490e+01 2.254729803744709216e+00
7.878271597623825073e+01 -4.402683293819427490e+01 2.281417425815021716e+00
8.036901968717575073e+01 -4.389304387569427490e+01 2.351958807650959216e+00
7.912463492155075073e+01 -4.531662786006927490e+01 2.695861395541584216e+00
7.995990103483200073e+01 -4.367563664913177490e+01 2.763900335971271716e+00
9.037720859050750732e+00 -2.008522391319274902e+00 -7.709202206693532844e-01
9.088257968425750732e+00 -1.921364188194274902e+00 -7.671055234037282844e-01
9.135132968425750732e+00 -1.832374930381774902e+00 -7.633060849271657844e-01
9.182252109050750732e+00 -1.743019461631774902e+00 -7.595066464506032844e-01
9.229249179363250732e+00 -1.653786063194274902e+00 -7.557072079740407844e-01
9.276307284832000732e+00 -1.564552664756774902e+00 -7.519077694974782844e-01
9.323548495769500732e+00 -1.474953055381774902e+00 -7.480930722318532844e-01
9.366822421550750732e+00 -1.383888602256774902e+00 -7.443241513334157844e-01
9.833619296550750732e+00 -2.416359305381774902e+00 -7.674869931302907844e-01
9.892274081707000732e+00 -2.323463797569274902e+00 -7.637485898099782844e-01
9.956238925457000732e+00 -2.232765555381774902e+00 -7.600101864896657844e-01
1.001544302701950073e+01 -2.139015555381774902e+00 -7.562412655912282844e-01
1.007464712858200073e+01 -2.045265555381774902e+00 -7.524876034818532844e-01
1.013397330045700073e+01 -1.951393485069274902e+00 -7.487186825834157844e-01
1.018841665983200073e+01 -1.854591727256774902e+00 -7.449345028959157844e-01
1.024798697233200073e+01 -1.760353446006774902e+00 -7.411503232084157844e-01
1.087689322233200073e+01 -2.950783133506774902e+00 -7.679294980131032844e-01
1.094329947233200073e+01 -2.848610281944274902e+00 -7.637943661771657844e-01
1.100988882780075073e+01 -2.746315360069274902e+00 -7.596592343412282844e-01
1.107684439420700073e+01 -2.643165946006774902e+00 -7.554935849271657844e-01
1.114379996061325073e+01 -2.540260672569274902e+00 -7.513279355131032844e-01
1.121093863248825073e+01 -2.436989188194274902e+00 -7.471470273099782844e-01
1.127844351530075073e+01 -2.333107352256774902e+00 -7.429508603177907844e-01
1.134594839811325073e+01 -2.229225516319274902e+00 -7.387546933256032844e-01
1.206707876920700073e+01 -3.560646414756774902e+00 -7.643436825834157844e-01
1.213794058561325073e+01 -3.445900321006774902e+00 -7.592167294584157844e-01
1.220233267545700073e+01 -3.327736258506774902e+00 -7.541355527006032844e-01
1.226702994108200073e+01 -3.208961844444274902e+00 -7.490238583646657844e-01
1.233160513639450073e+01 -3.090431571006774902e+00 -7.439274228177907844e-01
1.239624136686325073e+01 -2.971779227256774902e+00 -7.388309872709157844e-01
1.246124380826950073e+01 -2.852638602256774902e+00 -7.337040341459157844e-01
1.251928824186325073e+01 -2.730812430381774902e+00 -7.286686337552907844e-01
1.360174673795700073e+01 -4.346901297569274902e+00 -7.614445126615407844e-01
1.368988150358200073e+01 -4.221657156944274902e+00 -7.562717831693532844e-01
1.377838248014450073e+01 -4.095924735069274902e+00 -7.510837948881032844e-01
1.386749380826950073e+01 -3.969337821006774902e+00 -7.458652890287282844e-01
1.395660513639450073e+01 -3.842750906944274902e+00 -7.406467831693532844e-01
1.404596060514450073e+01 -3.715675711631774902e+00 -7.353977597318532844e-01
1.413598746061325073e+01 -3.587746024131774902e+00 -7.301182187162282844e-01
1.422607535123825073e+01 -3.459816336631774902e+00 -7.248386777006032844e-01
1.565295523405075073e+01 -5.397804617881774902e+00 -7.603763974271657844e-01
1.577496451139450073e+01 -5.263771414756774902e+00 -7.545322812162282844e-01
1.586114615201950073e+01 -5.111183524131774902e+00 -7.478947079740407844e-01
1.594775503873825073e+01 -4.957863211631774902e+00 -7.412418759427907844e-01
1.603418081998825073e+01 -4.804787039756774902e+00 -7.345890439115407844e-01
1.612072867155075073e+01 -4.651466727256774902e+00 -7.279209530912282844e-01
1.620770376920700073e+01 -4.497291922569274902e+00 -7.212223446927907844e-01
1.628344839811325073e+01 -4.338844656944274902e+00 -7.146458066068532844e-01
1.834265249967575073e+01 -6.775856375694274902e+00 -7.557987607084157844e-01
1.847369498014450073e+01 -6.612770438194274902e+00 -7.488254941068532844e-01
1.860534781217575073e+01 -6.448952078819274902e+00 -7.418064511381032844e-01
1.873803824186325073e+01 -6.283668875694274902e+00 -7.347416318021657844e-01
1.887072867155075073e+01 -6.118019461631774902e+00 -7.276615536771657844e-01
1.900409048795700073e+01 -5.951637625694274902e+00 -7.205509579740407844e-01
1.913855093717575073e+01 -5.783913016319274902e+00 -7.133793271146657844e-01
1.927343863248825073e+01 -5.616066336631774902e+00 -7.061924374662282844e-01
2.191723746061325073e+01 -8.607643485069274902e+00 -7.444614804349782844e-01
2.218133658170700073e+01 -8.466286063194274902e+00 -7.382816708646657844e-01
2.246972769498825073e+01 -8.332863211631774902e+00 -7.318424618802907844e-01
2.265136831998825073e+01 -8.143165946006774902e+00 -7.234806454740407844e-01
2.278015249967575073e+01 -7.928322196006774902e+00 -7.139744198881032844e-01
2.290918081998825073e+01 -7.712990164756774902e+00 -7.044529355131032844e-01
2.309448355436325073e+01 -7.520851492881774902e+00 -6.965946591459157844e-01
2.333075064420700073e+01 -7.349464774131774902e+00 -6.890720761381032844e-01
2.727710074186325073e+01 -1.135410344600677490e+01 -7.277378476224782844e-01
2.762048453092575073e+01 -1.118552434444427490e+01 -7.192844784818532844e-01
2.793902701139450073e+01 -1.099936711788177490e+01 -7.101749814115407844e-01
2.826306265592575073e+01 -1.081015813350677490e+01 -7.008976376615407844e-01
2.859045523405075073e+01 -1.061887395381927490e+01 -6.915287411771657844e-01
2.892218130826950073e+01 -1.042490422725677490e+01 -6.820377743802907844e-01
2.924017447233200073e+01 -1.021897161006927490e+01 -6.720890439115407844e-01
2.948938101530075073e+01 -9.980568289756774902e+00 -6.610111630521657844e-01
3.579510611295700073e+01 -1.571921575069427490e+01 -6.970371640287282844e-01
3.665942496061325073e+01 -1.570420110225677490e+01 -6.895908749662282844e-01
3.724347037076950073e+01 -1.553562200069427490e+01 -6.781162655912282844e-01
3.801831167936325073e+01 -1.544590032100677490e+01 -6.683353818021657844e-01
3.885632437467575073e+01 -1.537241399288177490e+01 -6.587223446927907844e-01
3.944262808561325073e+01 -1.516965520381927490e+01 -6.458439267240407844e-01
3.999487417936325073e+01 -1.494065129756927490e+01 -6.321873105131032844e-01
4.055621451139450073e+01 -1.470847356319427490e+01 -6.183170712552907844e-01
5.050940054655075073e+01 -2.326035344600677490e+01 -6.250004208646657844e-01
5.268493765592575073e+01 -2.371653020381927490e+01 -6.162876523099782844e-01
5.484289664030075073e+01 -2.411643254756927490e+01 -6.056217587552907844e-01
5.682995718717575073e+01 -2.438596379756927490e+01 -5.919804013334157844e-01
5.851251333951950073e+01 -2.447483098506927490e+01 -5.750584042631032844e-01
6.058154410123825073e+01 -2.470383489131927490e+01 -5.588688290677907844e-01
6.271545523405075073e+01 -2.491599309444427490e+01 -5.412296689115407844e-01
6.431933706998825073e+01 -2.486057317256927490e+01 -5.196842587552907844e-01
7.660192984342575073e+01 -3.663571965694427490e+01 -4.312748349271657844e-01
7.828314322233200073e+01 -3.458908879756927490e+01 -3.289188778959157844e-01
7.827661246061325073e+01 -3.460361516475677490e+01 6.784015530720921561e-02
8.862292593717575073e+01 -3.844480168819427490e+01 1.456447207368967156e-01
6.371502798795700073e+01 -3.006479680538177490e+01 2.580104433931467156e-01
6.685180777311325073e+01 -3.083811223506927490e+01 3.097987734712717156e-01
7.137854117155075073e+01 -3.221921575069427490e+01 3.758540713228342156e-01
9.367005527019500732e+00 -1.383522391319274902e+00 -7.443088925443532844e-01
9.413209140300750732e+00 -1.293678641319274902e+00 -7.405094540677907844e-01
9.455689609050750732e+00 -1.201881766319274902e+00 -7.367405331693532844e-01
9.498292148113250732e+00 -1.109840750694274902e+00 -7.329563534818532844e-01
9.542237460613250732e+00 -1.018410086631774902e+00 -7.292484677396657844e-01
9.590699374675750732e+00 -9.284442663192749023e-01 -7.257694638334157844e-01
9.639527499675750732e+00 -8.379901647567749023e-01 -7.222599423490407844e-01
9.683655917644500732e+00 -7.460712194442749023e-01 -7.187809384427907844e-01
1.024829214811325073e+01 -1.759987235069274902e+00 -7.411350644193532844e-01
1.030218619108200073e+01 -1.662941336631774902e+00 -7.373508847318532844e-01
1.036157339811325073e+01 -1.567726492881774902e+00 -7.335361874662282844e-01
1.041601675748825073e+01 -1.469704031944274902e+00 -7.297214902006032844e-01
1.047039908170700073e+01 -1.371803641319274902e+00 -7.259067929349782844e-01
1.052490347623825073e+01 -1.273537039756774902e+00 -7.220768368802907844e-01
1.057428091764450073e+01 -1.172829031944274902e+00 -7.182468808256032844e-01
1.062909048795700073e+01 -1.074074149131774902e+00 -7.144016659818532844e-01
1.134631460905075073e+01 -2.228981375694274902e+00 -7.387394345365407844e-01
1.140771597623825073e+01 -2.122169852256774902e+00 -7.345432675443532844e-01
1.146930044889450073e+01 -2.014992117881774902e+00 -7.303471005521657844e-01
1.153125113248825073e+01 -1.907081961631774902e+00 -7.261051571927907844e-01
1.158447378873825073e+01 -1.795997977256774902e+00 -7.214970028959157844e-01
1.163757437467575073e+01 -1.684669852256774902e+00 -7.168888485990407844e-01
1.169098013639450073e+01 -1.572731375694274902e+00 -7.122501767240407844e-01
1.174432486295700073e+01 -1.461037039756774902e+00 -7.076267636381032844e-01
1.251977652311325073e+01 -2.730446219444274902e+00 -7.286533749662282844e-01
1.259552115201950073e+01 -2.615822196006774902e+00 -7.239078915677907844e-01
1.266589468717575073e+01 -2.498390555381774902e+00 -7.192539609037282844e-01
1.273675650358200073e+01 -2.380226492881774902e+00 -7.145695126615407844e-01
1.280755728483200073e+01 -2.261940360069274902e+00 -7.098850644193532844e-01
1.287860220670700073e+01 -2.143288016319274902e+00 -7.051700985990407844e-01
1.295007437467575073e+01 -2.023781180381774902e+00 -7.004398739896657844e-01
1.301318472623825073e+01 -1.901466727256774902e+00 -6.957401669584157844e-01
1.422668570280075073e+01 -3.459450125694274902e+00 -7.248386777006032844e-01
1.430969351530075073e+01 -3.327858328819274902e+00 -7.195591366849782844e-01
1.439300650358200073e+01 -3.195778250694274902e+00 -7.142490780912282844e-01
1.447686880826950073e+01 -3.062721610069274902e+00 -7.089085019193532844e-01
1.456079214811325073e+01 -2.929542899131774902e+00 -7.035679257474782844e-01
1.464502066373825073e+01 -2.795753836631774902e+00 -6.981968319974782844e-01
1.472985953092575073e+01 -2.661110281944274902e+00 -6.927952206693532844e-01
1.481475943326950073e+01 -2.526344656944274902e+00 -6.873783505521657844e-01
1.628399771451950073e+01 -4.338356375694274902e+00 -7.146305478177907844e-01
1.637561148405075073e+01 -4.186256766319274902e+00 -7.079014218412282844e-01
1.645636099576950073e+01 -4.029152274131774902e+00 -7.012638485990407844e-01
1.653759878873825073e+01 -3.871193289756774902e+00 -6.945804989896657844e-01
1.663903921842575073e+01 -3.721168875694274902e+00 -6.884617245756032844e-01
1.674078482389450073e+01 -3.570289969444274902e+00 -6.823124325834157844e-01
1.684320181608200073e+01 -3.418190360069274902e+00 -6.761173642240407844e-01
1.693139761686325073e+01 -3.260963797569274902e+00 -6.699680722318532844e-01
1.927429312467575073e+01 -5.615578055381774902e+00 -7.061771786771657844e-01
1.940112417936325073e+01 -5.443092703819274902e+00 -6.989902890287282844e-01
1.952862662076950073e+01 -5.269630789756774902e+00 -6.917576230131032844e-01
1.963055533170700073e+01 -5.084205985069274902e+00 -6.838535702787282844e-01
1.972985953092575073e+01 -4.897926688194274902e+00 -6.758884823881032844e-01
1.982934683561325073e+01 -4.711281180381774902e+00 -6.679081357084157844e-01
1.992944449186325073e+01 -4.523414969444274902e+00 -6.598820126615407844e-01
2.002954214811325073e+01 -4.335792899131774902e+00 -6.518711484037282844e-01
2.333221548795700073e+01 -7.349098563194274902e+00 -6.890568173490407844e-01
2.352960318326950073e+01 -7.158302664756774902e+00 -6.808628476224782844e-01
2.368017691373825073e+01 -6.946266531944274902e+00 -6.710667050443532844e-01
2.380590933561325073e+01 -6.722145438194274902e+00 -6.613621152006032844e-01
2.398040884733200073e+01 -6.516701102256774902e+00 -6.524967587552907844e-01
2.421991080045700073e+01 -6.333351492881774902e+00 -6.446537411771657844e-01
2.438885611295700073e+01 -6.120460867881774902e+00 -6.360935605131032844e-01
2.456390494108200073e+01 -5.908913016319274902e+00 -6.269688046537282844e-01
2.949090689420700073e+01 -9.980080008506774902e+00 -6.609806454740407844e-01
2.973321646451950073e+01 -9.735939383506774902e+00 -6.498417294584157844e-01
2.997766226530075073e+01 -9.489601492881774902e+00 -6.386112607084157844e-01
3.022503775358200073e+01 -9.240211844444274902e+00 -6.272282040677907844e-01
3.047338980436325073e+01 -8.989479422569274902e+00 -6.157841122709157844e-01
3.072387808561325073e+01 -8.736427664756774902e+00 -6.042484677396657844e-01
3.097741812467575073e+01 -8.480324149131774902e+00 -5.925754941068532844e-01
3.125152701139450073e+01 -8.229469656944274902e+00 -5.810398495756032844e-01
4.055963248014450073e+01 -1.470822942256927490e+01 -6.182865536771657844e-01
4.094036978483200073e+01 -1.439194524288177490e+01 -6.025089657865407844e-01
4.123248404264450073e+01 -1.403464543819427490e+01 -5.857700741849782844e-01
4.176330679655075073e+01 -1.376621282100677490e+01 -5.707554257474782844e-01
4.235943716764450073e+01 -1.351572453975677490e+01 -5.559391415677907844e-01
4.296789664030075073e+01 -1.325986516475677490e+01 -5.408176816068532844e-01
4.359124869108200073e+01 -1.299765813350677490e+01 -5.253147519193532844e-01
4.439306753873825073e+01 -1.278867375850677490e+01 -5.105747616849782844e-01
6.432727164030075073e+01 -2.486142766475677490e+01 -5.196232235990407844e-01
6.556536978483200073e+01 -2.462265813350677490e+01 -4.953159726224782844e-01
6.684027212858200073e+01 -2.437583196163177490e+01 -4.702457821927907844e-01
6.816217154264450073e+01 -2.412131536006927490e+01 -4.443058407865407844e-01
6.952081412076950073e+01 -2.385898625850677490e+01 -4.176029599271657844e-01
7.139911001920700073e+01 -2.376364934444427490e+01 -3.910679257474782844e-01
7.461273306608200073e+01 -2.410691106319427490e+01 -3.652958310209157844e-01
8.155999869108200073e+01 -2.568149602413177490e+01 -3.418125546537282844e-01
9.683777987957000732e+00 -7.458270788192749023e-01 -7.187656796537282844e-01
9.731507480144500732e+00 -6.547626256942749023e-01 -7.152561581693532844e-01
9.774781405925750732e+00 -5.619891881942749023e-01 -7.117618954740407844e-01
9.818360507488250732e+00 -4.686053991317749023e-01 -7.082523739896657844e-01
9.861939609050750732e+00 -3.752216100692749023e-01 -7.047428525052907844e-01
9.905579745769500732e+00 -2.815936803817749023e-01 -7.012180722318532844e-01
9.959595859050750732e+00 -1.902850866317749023e-01 -6.981357968412282844e-01
1.001202505826950073e+01 -9.824407100677490234e-02 -6.952366269193532844e-01
1.062939566373825073e+01 -1.073830008506774902e+00 -7.143864071927907844e-01
1.067822378873825073e+01 -9.726337194442749023e-01 -7.105564511381032844e-01
1.073278921842575073e+01 -8.730243444442749023e-01 -7.066807187162282844e-01
1.078210562467575073e+01 -7.708514928817749023e-01 -7.028202450834157844e-01
1.083142203092575073e+01 -6.688007116317749023e-01 -6.989445126615407844e-01
1.088092154264450073e+01 -5.663837194442749023e-01 -6.950687802396657844e-01
1.092498892545700073e+01 -4.616473913192749023e-01 -6.912083066068532844e-01
1.097467154264450073e+01 -3.587421178817749023e-01 -6.873020566068532844e-01
1.174450796842575073e+01 -1.460670828819274902e+00 -7.076115048490407844e-01
1.179223746061325073e+01 -1.346779227256774902e+00 -7.030338681302907844e-01
1.184008902311325073e+01 -1.232643485069274902e+00 -6.984562314115407844e-01
1.188812369108200073e+01 -1.118019461631774902e+00 -6.938633359037282844e-01
1.193615835905075073e+01 -1.003395438194274902e+00 -6.892704403959157844e-01
1.198425406217575073e+01 -8.886493444442749023e-01 -6.846622860990407844e-01
1.203259390592575073e+01 -7.732928991317749023e-01 -6.800236142240407844e-01
1.210626333951950073e+01 -6.648944616317749023e-01 -6.763309872709157844e-01
1.301348990201950073e+01 -1.901100516319274902e+00 -6.957249081693532844e-01
1.308654898405075073e+01 -1.781593680381774902e+00 -6.909641659818532844e-01
1.315149039030075073e+01 -1.658790946006774902e+00 -6.862186825834157844e-01
1.321685904264450073e+01 -1.535011649131774902e+00 -6.814426816068532844e-01
1.328228873014450073e+01 -1.411232352256774902e+00 -6.766666806302907844e-01
1.334796255826950073e+01 -1.286964774131774902e+00 -6.718754208646657844e-01
1.344909781217575073e+01 -1.171608328819274902e+00 -6.681675351224782844e-01
1.355230826139450073e+01 -1.056007742881774902e+00 -6.648411191068532844e-01
1.481530874967575073e+01 -2.525978446006774902e+00 -6.873783505521657844e-01
1.489276236295700073e+01 -2.388038992881774902e+00 -6.819767392240407844e-01
1.497058218717575073e+01 -2.249367117881774902e+00 -6.765598691068532844e-01
1.504895132780075073e+01 -2.109718680381774902e+00 -6.710972226224782844e-01
1.512744253873825073e+01 -1.969948172569274902e+00 -6.656345761381032844e-01
1.523352164030075073e+01 -1.837501883506774902e+00 -6.609196103177907844e-01
1.537243765592575073e+01 -1.712257742881774902e+00 -6.569981015287282844e-01
1.551251333951950073e+01 -1.586037039756774902e+00 -6.530460751615407844e-01
1.693213003873825073e+01 -3.260597586631774902e+00 -6.699680722318532844e-01
1.707647818326950073e+01 -3.121437430381774902e+00 -6.645817196927907844e-01
1.720868033170700073e+01 -2.976417899131774902e+00 -6.592411435209157844e-01
1.734259146451950073e+01 -2.829445242881774902e+00 -6.538395321927907844e-01
1.747729605436325073e+01 -2.681618094444274902e+00 -6.483921444974782844e-01
1.761334341764450073e+01 -2.532448172569274902e+00 -6.429142392240407844e-01
1.775116080045700073e+01 -2.381325125694274902e+00 -6.373447812162282844e-01
1.789740103483200073e+01 -2.231178641319274902e+00 -6.323856747709157844e-01
2.002990835905075073e+01 -4.335182547569274902e+00 -6.518558896146657844e-01
2.017096060514450073e+01 -4.160622000694274902e+00 -6.448673642240407844e-01
2.034240835905075073e+01 -3.994118094444274902e+00 -6.384128964506032844e-01
2.051635855436325073e+01 -3.825172781944274902e+00 -6.318516171537282844e-01
2.073077505826950073e+01 -3.666847586631774902e+00 -6.259922421537282844e-01
2.095483511686325073e+01 -3.508034110069274902e+00 -6.201481259427907844e-01
2.118292349576950073e+01 -3.346168875694274902e+00 -6.141971982084157844e-01
2.145153921842575073e+01 -3.192360281944274902e+00 -6.088261044584157844e-01
2.456494253873825073e+01 -5.908424735069274902e+00 -6.269535458646657844e-01
2.468084830045700073e+01 -5.675026297569274902e+00 -6.170353329740407844e-01
2.485669058561325073e+01 -5.460304617881774902e+00 -6.073307431302907844e-01
2.510144156217575073e+01 -5.263893485069274902e+00 -5.991367734037282844e-01
2.546045035123825073e+01 -5.099342703819274902e+00 -5.924076474271657844e-01
2.594067496061325073e+01 -4.963844656944274902e+00 -5.870518124662282844e-01
2.660254019498825073e+01 -4.869606375694274902e+00 -5.843204892240407844e-01
2.720806998014450073e+01 -4.748756766319274902e+00 -5.797275937162282844e-01
3.125360220670700073e+01 -8.229103446006774902e+00 -5.810093319974782844e-01
3.180078238248825073e+01 -8.066017508506774902e+00 -5.723575985990407844e-01
3.252673453092575073e+01 -7.950905203819274902e+00 -5.650791562162282844e-01
3.300921744108200073e+01 -7.744606375694274902e+00 -5.548405087552907844e-01
3.415057486295700073e+01 -7.730202078819274902e+00 -5.503391659818532844e-01
3.507129019498825073e+01 -7.629127860069274902e+00 -5.429844296537282844e-01
3.606457632780075073e+01 -7.529396414756774902e+00 -5.354313290677907844e-01
3.719482535123825073e+01 -7.448952078819274902e+00 -5.282139218412282844e-01
4.440319937467575073e+01 -1.279050481319427490e+01 -5.105595028959157844e-01
4.556018179655075073e+01 -1.268601262569427490e+01 -4.973301327787282844e-01
4.746948355436325073e+01 -1.280295598506927490e+01 -4.871220028959157844e-01
4.978149527311325073e+01 -1.300534856319427490e+01 -4.772343075834157844e-01
5.160589712858200073e+01 -1.301499211788177490e+01 -4.633793271146657844e-01
5.505651968717575073e+01 -1.346250188350677490e+01 -4.544529355131032844e-01
5.772497671842575073e+01 -1.361728703975677490e+01 -4.398655331693532844e-01
5.968664664030075073e+01 -1.352976262569427490e+01 -4.210209286771657844e-01
8.176892203092575073e+01 -2.575083196163177490e+01 -3.419651425443532844e-01
8.683728140592575073e+01 -2.654392278194427490e+01 -3.109135068021657844e-01
8.789837759733200073e+01 -2.496384465694427490e+01 -2.364658749662282844e-01
6.211090201139450073e+01 -1.486106145381927490e+01 -1.584019101224782844e-01
8.789056509733200073e+01 -2.497946965694427490e+01 1.852565371431467156e-01
9.182891958951950073e+01 -2.521433293819427490e+01 2.418208681978342156e-01
8.145837515592575073e+01 -2.119248235225677490e+01 2.207179629243967156e-01
6.210565298795700073e+01 -1.487216985225677490e+01 1.368251406587717156e-01
7.008465689420700073e+01 -1.636570012569427490e+01 2.131801211275217156e-01
7.599713248014450073e+01 -2.043650090694427490e+01 5.225825869478342156e-01
6.741113394498825073e+01 -1.710520207881927490e+01 4.630122744478342156e-01
6.062884634733200073e+01 -1.446921575069427490e+01 4.176631533540842156e-01
5.535589712858200073e+01 -1.239377629756927490e+01 3.820186221040842156e-01
9.196667593717575073e+01 -2.529367864131927490e+01 1.124908026400959216e+00
8.122149771451950073e+01 -2.115634953975677490e+01 9.962306582368967156e-01
6.946185415983200073e+01 -1.696823918819427490e+01 8.435664736665842156e-01
6.965124624967575073e+01 -1.627646672725677490e+01 8.724818789400217156e-01
9.169751089811325073e+01 -2.523069036006927490e+01 1.559707220736896716e+00
8.119671744108200073e+01 -2.116550481319427490e+01 1.383193548861896716e+00
6.946948355436325073e+01 -1.698447453975677490e+01 1.174026068393146716e+00
6.964300650358200073e+01 -1.628830754756927490e+01 1.204284247104084216e+00
9.164685171842575073e+01 -2.523410832881927490e+01 1.999648626986896716e+00
8.124511831998825073e+01 -2.119626653194427490e+01 1.773833807650959216e+00
6.945037955045700073e+01 -1.699314153194427490e+01 1.505706366244709216e+00
6.954071158170700073e+01 -1.627451360225677490e+01 1.531890448275959216e+00
9.170483511686325073e+01 -2.527048528194427490e+01 2.439971502963459216e+00
8.120507925748825073e+01 -2.120102727413177490e+01 2.160277899447834216e+00
6.944525259733200073e+01 -1.700571477413177490e+01 1.835860785190021716e+00
6.960412710905075073e+01 -1.630576360225677490e+01 1.865310248080646716e+00
9.172247427701950073e+01 -2.529465520381927490e+01 2.881866034213459216e+00
8.122143667936325073e+01 -2.122238957881927490e+01 2.550399359408771716e+00
6.966534537076950073e+01 -1.708188664913177490e+01 2.175597723666584216e+00
6.967028921842575073e+01 -1.633774602413177490e+01 2.197707709018146716e+00
9.180114859342575073e+01 -2.533725774288177490e+01 3.323989447299396716e+00
8.125415152311325073e+01 -2.124839055538177490e+01 2.939269598666584216e+00
6.975726431608200073e+01 -1.712204778194427490e+01 2.512389715854084216e+00
6.966540640592575073e+01 -1.635044133663177490e+01 2.529708441440021716e+00
9.175921744108200073e+01 -2.534336125850677490e+01 3.764007147494709216e+00
8.129528921842575073e+01 -2.127707707881927490e+01 3.330947455111896716e+00
6.972015494108200073e+01 -1.637937200069427490e+01 2.864348944369709216e+00
6.993664664030075073e+01 -1.625693547725677490e+01 2.506042059604084216e+00
9.186438101530075073e+01 -2.524912297725677490e+01 3.719298895541584216e+00
8.128326529264450073e+01 -2.113352239131927490e+01 3.291381415072834216e+00
6.952728384733200073e+01 -1.691733586788177490e+01 2.806930121127521716e+00
