8.867338955402374268e+00 -3.411577761173248291e+00 -8.106113126501384158e-01
8.937163174152374268e+00 -3.338945925235748291e+00 -8.078952481970134158e-01
9.003691494464874268e+00 -3.263628542423248291e+00 -8.051486661657634158e-01
9.070647060871124268e+00 -3.187700808048248291e+00 -8.024020841345134158e-01
9.137541592121124268e+00 -3.112017214298248291e+00 -7.996402433142009158e-01
9.204619228839874268e+00 -3.035967409610748291e+00 -7.968784024938884158e-01
9.267119228839874268e+00 -2.956377565860748291e+00 -7.937656095251384158e-01
9.321013271808624268e+00 -2.871782839298248291e+00 -7.903628995642009158e-01
9.586027920246124268e+00 -3.917070925235748291e+00 -8.112521817907634158e-01
9.659270107746124268e+00 -3.836260378360748291e+00 -8.082919767126384158e-01
9.737028896808624268e+00 -3.757891237735748291e+00 -8.053165128454509158e-01
9.811003506183624268e+00 -3.676226198673248291e+00 -8.023105314001384158e-01
9.886259853839874268e+00 -3.595171511173248291e+00 -7.993808439001384158e-01
9.970976650714874268e+00 -3.519854128360748291e+00 -7.970157315954509158e-01
1.005142098665237427e+01 -3.440630495548248291e+00 -7.945895841345134158e-01
1.013699227571487427e+01 -3.364458620548248291e+00 -7.921939542517009158e-01
1.050063973665237427e+01 -4.560381472110748291e+00 -8.154178312048259158e-01
1.059359627962112427e+01 -4.479448854923248291e+00 -8.127628019079509158e-01
1.068704110383987427e+01 -4.398150026798248291e+00 -8.101077726110759158e-01
1.078134042024612427e+01 -4.315996706485748291e+00 -8.074069669470134158e-01
1.087588387727737427e+01 -4.233721315860748291e+00 -8.047061612829509158e-01
1.097091561555862427e+01 -4.150957643985748291e+00 -8.020053556188884158e-01
1.105209237337112427e+01 -4.058428347110748291e+00 -7.984653165563884158e-01
1.112124520540237427e+01 -3.958696901798248291e+00 -7.942844083532634158e-01
1.144473153352737427e+01 -5.224688112735748291e+00 -8.111911466345134158e-01
1.155514413118362427e+01 -5.141924440860748291e+00 -8.082462003454509158e-01
1.166073495149612427e+01 -5.054644167423248291e+00 -8.053012540563884158e-01
1.176724129915237427e+01 -4.966631472110748291e+00 -8.023410489782634158e-01
1.185867196321487427e+01 -4.868364870548248291e+00 -7.985873868688884158e-01
1.194973641633987427e+01 -4.769365847110748291e+00 -7.947879483923259158e-01
1.204440194368362427e+01 -4.671465456485748291e+00 -7.910953214392009158e-01
1.213253670930862427e+01 -4.569658815860748291e+00 -7.874179532751384158e-01
1.274209481477737427e+01 -6.137285768985748291e+00 -8.130222013220134158e-01
1.286361581087112427e+01 -6.042925417423248291e+00 -8.097263028845134158e-01
1.298593026399612427e+01 -5.947954714298248291e+00 -8.064151456579509158e-01
1.310946542024612427e+01 -5.851885378360748291e+00 -8.030734708532634158e-01
1.323348885774612427e+01 -5.755693972110748291e+00 -7.997165372595134158e-01
1.335836678743362427e+01 -5.658648073673248291e+00 -7.963290860876384158e-01
1.348452645540237427e+01 -5.560747683048248291e+00 -7.929111173376384158e-01
1.361111336946487427e+01 -5.462359011173248291e+00 -7.894778897985759158e-01
1.434194833040237427e+01 -7.262651979923248291e+00 -8.134952237829509158e-01
1.449404793977737427e+01 -7.165728151798248291e+00 -8.096957853063884158e-01
1.463857918977737427e+01 -7.061968386173248291e+00 -8.059116056188884158e-01
1.478469735383987427e+01 -6.956987917423248291e+00 -8.020816495642009158e-01
1.494167977571487427e+01 -6.858233034610748291e+00 -7.986484220251384158e-01
1.512014657258987427e+01 -6.771074831485748291e+00 -7.959628751501384158e-01
1.530135995149612427e+01 -6.682573854923248291e+00 -7.932315519079509158e-01
1.547091561555862427e+01 -6.585405886173248291e+00 -7.903934171423259158e-01
1.638674813508987427e+01 -8.701128542423248291e+00 -8.119846036657634158e-01
1.655959969758987427e+01 -8.588457643985748291e+00 -8.076205899938884158e-01
1.673403817415237427e+01 -8.474688112735748291e+00 -8.032260587438884158e-01
1.691714364290237427e+01 -8.363848268985748291e+00 -7.989993741735759158e-01
1.713717538118362427e+01 -8.275347292423248291e+00 -7.959781339392009158e-01
1.736038094758987427e+01 -8.185747683048248291e+00 -7.929263761267009158e-01
1.758755379915237427e+01 -8.094561159610748291e+00 -7.897983243688884158e-01
1.781716805696487427e+01 -8.002276003360748291e+00 -7.866550138220134158e-01
1.886526376008987427e+01 -1.044514709711074829e+01 -8.015323331579509158e-01
1.924520760774612427e+01 -1.043818908929824829e+01 -8.015475919470134158e-01
1.957644540071487427e+01 -1.039094787836074829e+01 -7.992129972204509158e-01
1.988101083040237427e+01 -1.031904846429824829e+01 -7.963443448767009158e-01
2.013094979524612427e+01 -1.020784240961074829e+01 -7.917361905798259158e-01
2.038302499055862427e+01 -1.009443908929824829e+01 -7.870364835485759158e-01
2.061562997102737427e+01 -9.964678347110748291e+00 -7.821841886267009158e-01
2.084695321321487427e+01 -9.832232058048248291e+00 -7.766299894079509158e-01
2.206448251008987427e+01 -1.269661194086074829e+01 -7.811771085485759158e-01
2.249929696321487427e+01 -1.268013244867324829e+01 -7.791782071813884158e-01
2.292654305696487427e+01 -1.265010315179824829e+01 -7.766605069860759158e-01
2.345791512727737427e+01 -1.267940002679824829e+01 -7.762332608923259158e-01
2.391287118196487427e+01 -1.264961487054824829e+01 -7.736392667517009158e-01
2.428134042024612427e+01 -1.255671936273574829e+01 -7.687259366735759158e-01
2.484762459993362427e+01 -1.257856994867324829e+01 -7.679019620642009158e-01
2.549349862337112427e+01 -1.263826233148574829e+01 -7.683749845251384158e-01
2.618508797883987427e+01 -1.559700256586074829e+01 -7.439761808142009158e-01
2.688589364290237427e+01 -1.570271545648574829e+01 -7.431979825720134158e-01
2.761556893587112427e+01 -1.581245666742324829e+01 -7.423740079626384158e-01
2.826132088899612427e+01 -1.584956604242324829e+01 -7.393527677282634158e-01
2.888937264680862427e+01 -1.586323791742324829e+01 -7.355533292517009158e-01
2.965908700227737427e+01 -1.595369201898574829e+01 -7.337070157751384158e-01
3.052120858430862427e+01 -1.608357483148574829e+01 -7.327457120642009158e-01
3.135995370149612427e+01 -1.618220764398574829e+01 -7.307468106970134158e-01
3.275265389680862427e+01 -2.021919494867324829e+01 -6.949344327673259158e-01
3.396761971712112427e+01 -2.058186584711074829e+01 -6.948428800329509158e-01
3.479556161165237427e+01 -2.065474182367324829e+01 -6.885562589392009158e-01
3.604708749055862427e+01 -2.098762756586074829e+01 -6.869998624548259158e-01
3.692452889680862427e+01 -2.105183655023574829e+01 -6.798587491735759158e-01
3.786813241243362427e+01 -2.113960510492324829e+01 -6.728549649938884158e-01
3.946731454133987427e+01 -2.161043030023574829e+01 -6.725040128454509158e-01
4.042477303743362427e+01 -2.165877014398574829e+01 -6.639438321813884158e-01
3.635000497102737427e+01 -2.275618225336074829e+01 -5.470615079626384158e-01
3.795175057649612427e+01 -2.333223205804824829e+01 -5.428348233923259158e-01
3.961495858430862427e+01 -2.390999084711074829e+01 -5.377841642126384158e-01
4.137051278352737427e+01 -2.450593811273574829e+01 -5.319705655798259158e-01
4.320565682649612427e+01 -2.511250549554824829e+01 -5.253635099157634158e-01
4.507003670930862427e+01 -2.569343811273574829e+01 -5.174747159704509158e-01
4.698617440462112427e+01 -2.626033264398574829e+01 -5.083652189001384158e-01
4.892977792024612427e+01 -2.680134826898574829e+01 -4.979892423376384158e-01
8.067281991243362427e+01 -5.043794494867324829e+01 -3.809085538610759158e-01
6.245510751008987427e+01 -3.754548889398574829e+01 -3.205142667517009158e-01
4.560757333040237427e+01 -2.604316955804824829e+01 -2.775912931188884158e-01
7.812472420930862427e+01 -4.549861389398574829e+01 -2.738681485876384158e-01
6.334542733430862427e+01 -3.551692444086074829e+01 -2.399936368688884158e-01
8.064968758821487427e+01 -5.044160705804824829e+01 6.029933188111158415e-02
8.301559334993362427e+01 -5.083394104242324829e+01 1.019710848107990842e-01
6.245138436555862427e+01 -3.669197326898574829e+01 4.246180746704908415e-02
6.369058114290237427e+01 -3.660017639398574829e+01 7.267420981079908415e-02
6.633737069368362427e+01 -3.733845764398574829e+01 1.108517000451740842e-01
3.646664315462112427e+01 -2.286421447992324829e+01 5.486720297486158415e-02
3.800253182649612427e+01 -2.339412170648574829e+01 8.030360434204908415e-02
3.959066659212112427e+01 -2.392134338617324829e+01 1.082577059045490842e-01
4.126345711946487427e+01 -2.446394592523574829e+01 1.380276033654865842e-01
4.310214120149612427e+01 -2.507527405023574829e+01 1.703609773889240842e-01
4.510586434602737427e+01 -2.574690490961074829e+01 2.054561922326740842e-01
4.700485116243362427e+01 -2.630366760492324829e+01 2.407802889123615842e-01
4.885903817415237427e+01 -2.679146057367324829e+01 2.780727693811115842e-01
3.628964120149612427e+01 -2.274824768304824829e+01 2.527431795373615842e-01
3.783639413118362427e+01 -2.328853088617324829e+01 2.866176912561115842e-01
3.959493905305862427e+01 -2.393355041742324829e+01 3.244137117639240842e-01
8.147457772493362427e+01 -5.102400451898574829e+01 9.525265047326740842e-01
8.133053475618362427e+01 -4.978364807367324829e+01 9.769558260217365842e-01
8.006851083040237427e+01 -4.785566955804824829e+01 9.838070223107990842e-01
7.952163583040237427e+01 -4.641536194086074829e+01 1.000790054537361584e+00
6.380831795930862427e+01 -3.583943420648574829e+01 7.746548006311115842e-01
8.192050057649612427e+01 -5.018379455804824829e+01 1.428860122896736584e+00
8.064138680696487427e+01 -4.823616272211074829e+01 1.425838882662361584e+00
6.426669198274612427e+01 -3.699959045648574829e+01 1.104153091646736584e+00
7.723940926790237427e+01 -4.397615295648574829e+01 1.401012832857674084e+00
8.188448983430862427e+01 -5.017952209711074829e+01 1.873363907076424084e+00
8.233840829133987427e+01 -4.819404846429824829e+01 1.926525528170174084e+00
6.378689461946487427e+01 -3.585505920648574829e+01 1.451290542818611584e+00
8.167526131868362427e+01 -4.892732483148574829e+01 2.327495987154549084e+00
7.920864754915237427e+01 -4.627583557367324829e+01 2.268810684420174084e+00
8.192770272493362427e+01 -4.684822326898574829e+01 2.372845108248299084e+00
8.426534920930862427e+01 -5.058565002679824829e+01 2.864864761568611584e+00
7.825723153352737427e+01 -4.570479065179824829e+01 2.656246597506111584e+00
7.998245126008987427e+01 -4.568904358148574829e+01 2.737026626802986584e+00
9.321440517902374268e+00 -2.871660768985748291e+00 -7.903628995642009158e-01
9.378508388996124268e+00 -2.788897097110748291e+00 -7.869754483923259158e-01
9.431547939777374268e+00 -2.703569948673248291e+00 -7.835574796423259158e-01
9.484831631183624268e+00 -2.617998659610748291e+00 -7.801395108923259158e-01
9.537932217121124268e+00 -2.532549440860748291e+00 -7.767215421423259158e-01
9.591154873371124268e+00 -2.446978151798248291e+00 -7.732883146032634158e-01
9.644560635089874268e+00 -2.361040651798248291e+00 -7.698550870642009158e-01
9.693632900714874268e+00 -2.273150026798248291e+00 -7.664218595251384158e-01
1.013766366243362427e+01 -3.364458620548248291e+00 -7.922092130407634158e-01
1.021023446321487427e+01 -3.279741823673248291e+00 -7.892947843298259158e-01
1.027371102571487427e+01 -3.189409792423248291e+00 -7.855716397985759158e-01
1.033248788118362427e+01 -3.095659792423248291e+00 -7.818179776892009158e-01
1.039120370149612427e+01 -3.002276003360748291e+00 -7.780643155798259158e-01
1.044998055696487427e+01 -2.908648073673248291e+00 -7.743106534704509158e-01
1.050393563508987427e+01 -2.812090456485748291e+00 -7.705417325720134158e-01
1.056283456087112427e+01 -2.718340456485748291e+00 -7.667880704626384158e-01
1.112179452180862427e+01 -3.958574831485748291e+00 -7.942844083532634158e-01
1.117831307649612427e+01 -3.851152956485748291e+00 -7.897067716345134158e-01
1.123477059602737427e+01 -3.743853151798248291e+00 -7.851443937048259158e-01
1.129141122102737427e+01 -3.636309206485748291e+00 -7.805667569860759158e-01
1.134786874055862427e+01 -3.529009401798248291e+00 -7.760043790563884158e-01
1.140420418977737427e+01 -3.421953737735748291e+00 -7.714420011267009158e-01
1.146078377962112427e+01 -3.314409792423248291e+00 -7.668643644079509158e-01
1.151711922883987427e+01 -3.207354128360748291e+00 -7.623019864782634158e-01
1.213333016633987427e+01 -4.569536745548248291e+00 -7.874332120642009158e-01
1.222946053743362427e+01 -4.471880495548248291e+00 -7.837253263220134158e-01
1.231936532258987427e+01 -4.369829714298248291e+00 -7.800174405798259158e-01
1.240994149446487427e+01 -4.266924440860748291e+00 -7.762790372595134158e-01
1.250063973665237427e+01 -4.163897097110748291e+00 -7.725406339392009158e-01
1.259170418977737427e+01 -4.060503542423248291e+00 -7.687869718298259158e-01
1.267562752962112427e+01 -3.952105104923248291e+00 -7.646518399938884158e-01
1.274142342805862427e+01 -3.834551393985748291e+00 -7.600742032751384158e-01
1.361190682649612427e+01 -5.462236940860748291e+00 -7.894778897985759158e-01
1.373403817415237427e+01 -5.359942018985748291e+00 -7.860599210485759158e-01
1.385708504915237427e+01 -5.256914675235748291e+00 -7.826114347204509158e-01
1.400094491243362427e+01 -5.163530886173248291e+00 -7.799258878454509158e-01
1.411471444368362427e+01 -5.052568972110748291e+00 -7.759586026892009158e-01
1.420901376008987427e+01 -4.930010378360748291e+00 -7.711673429235759158e-01
1.429373055696487427e+01 -4.801348268985748291e+00 -7.659488370642009158e-01
1.437826424837112427e+01 -4.673052370548248291e+00 -7.607455899938884158e-01
1.547189217805862427e+01 -6.585161745548248291e+00 -7.903934171423259158e-01
1.560720711946487427e+01 -6.465654909610748291e+00 -7.856021573767009158e-01
1.573239022493362427e+01 -6.338823854923248291e+00 -7.807956388220134158e-01
1.585873299837112427e+01 -6.210894167423248291e+00 -7.759433439001384158e-01
1.598525887727737427e+01 -6.082598268985748291e+00 -7.710757901892009158e-01
1.610140877962112427e+01 -5.947710573673248291e+00 -7.657962491735759158e-01
1.619973641633987427e+01 -5.802080690860748291e+00 -7.598605802282634158e-01
1.628488045930862427e+01 -5.649859011173248291e+00 -7.539096524938884158e-01
1.781863290071487427e+01 -8.002276003360748291e+00 -7.866550138220134158e-01
1.801187020540237427e+01 -7.885210573673248291e+00 -7.824283292517009158e-01
1.819381600618362427e+01 -7.758989870548248291e+00 -7.777133634313884158e-01
1.837820321321487427e+01 -7.631182253360748291e+00 -7.729526212438884158e-01
1.852944833040237427e+01 -7.483599245548248291e+00 -7.671390226110759158e-01
1.865603524446487427e+01 -7.321489870548248291e+00 -7.605319669470134158e-01
1.878341561555862427e+01 -7.158403933048248291e+00 -7.538791349157634158e-01
1.891708260774612427e+01 -6.998491823673248291e+00 -7.474094083532634158e-01
2.084829598665237427e+01 -9.831987917423248291e+00 -7.766299894079509158e-01
2.107632333040237427e+01 -9.694536745548248291e+00 -7.710452726110759158e-01
2.132504159212112427e+01 -9.565996706485748291e+00 -7.652927091345134158e-01
2.159365731477737427e+01 -9.444170534610748291e+00 -7.604404142126384158e-01
2.186685067415237427e+01 -9.321734011173248291e+00 -7.555576017126384158e-01
2.208199959993362427e+01 -9.164141237735748291e+00 -7.491031339392009158e-01
2.237942391633987427e+01 -9.046099245548248291e+00 -7.450442960485759158e-01
2.263998299837112427e+01 -8.905718386173248291e+00 -7.393832853063884158e-01
2.549844247102737427e+01 -1.264009338617324829e+01 -7.684360196813884158e-01
2.592495614290237427e+01 -1.255684143304824829e+01 -7.638889005407634158e-01
2.623879891633987427e+01 -1.240120178461074829e+01 -7.567172696813884158e-01
2.655807381868362427e+01 -1.224287658929824829e+01 -7.494388272985759158e-01
2.688064461946487427e+01 -1.208284240961074829e+01 -7.420840909704509158e-01
2.732632333040237427e+01 -1.198445373773574829e+01 -7.368655851110759158e-01
2.775271493196487427e+01 -1.186690002679824829e+01 -7.309451749548259158e-01
2.808370858430862427e+01 -1.169490295648574829e+01 -7.230716397985759158e-01
3.136581307649612427e+01 -1.618428283929824829e+01 -7.307925870642009158e-01
3.217825204133987427e+01 -1.624959045648574829e+01 -7.277560880407634158e-01
3.296713143587112427e+01 -1.628425842523574829e+01 -7.237125089392009158e-01
3.396011239290237427e+01 -1.641633850336074829e+01 -7.219882657751384158e-01
3.455135995149612427e+01 -1.630757385492324829e+01 -7.138248136267009158e-01
3.542220956087112427e+01 -1.633857971429824829e+01 -7.090945890173259158e-01
3.613125497102737427e+01 -1.626582580804824829e+01 -7.014957120642009158e-01
3.669869881868362427e+01 -1.610896545648574829e+01 -6.916537931188884158e-01
4.043087655305862427e+01 -2.166047912836074829e+01 -6.639438321813884158e-01
4.175063973665237427e+01 -2.190291076898574829e+01 -6.583438565954509158e-01
4.333706551790237427e+01 -2.226985412836074829e+01 -6.543307950720134158e-01
4.476669198274612427e+01 -2.251069885492324829e+01 -6.474948575720134158e-01
4.634438973665237427e+01 -2.280391174554824829e+01 -6.409335782751384158e-01
4.802474862337112427e+01 -2.311787658929824829e+01 -6.339908292517009158e-01
4.973208504915237427e+01 -2.340754944086074829e+01 -6.259036710485759158e-01
5.182058602571487427e+01 -2.385774475336074829e+01 -6.194339444860759158e-01
4.894180184602737427e+01 -2.680635315179824829e+01 -4.979739835485759158e-01
5.089639168977737427e+01 -2.730867248773574829e+01 -4.858737638220134158e-01
5.280770760774612427e+01 -2.774128967523574829e+01 -4.720798185095134158e-01
7.400784188508987427e+01 -3.899763733148574829e+01 -5.362582853063884158e-01
7.446359139680862427e+01 -3.829207092523574829e+01 -5.057559659704509158e-01
5.907382088899612427e+01 -2.906758362054824829e+01 -4.237247159704509158e-01
7.544222909212112427e+01 -3.690938049554824829e+01 -4.447208097204509158e-01
7.604678231477737427e+01 -3.627559143304824829e+01 -4.144168546423259158e-01
6.335085946321487427e+01 -3.551729065179824829e+01 -2.398868253454509158e-01
7.998489266633987427e+01 -4.449080139398574829e+01 -2.078586271032634158e-01
6.456442147493362427e+01 -3.453596740961074829e+01 -1.879916837438884158e-01
7.595974618196487427e+01 -4.011409240961074829e+01 -1.484866788610759158e-01
7.614242440462112427e+01 -3.923274475336074829e+01 -1.173587491735759158e-01
5.907198983430862427e+01 -2.907930237054824829e+01 -1.200900724157634158e-01
7.820083504915237427e+01 -3.837373596429824829e+01 -4.944187905638841585e-02
7.702157479524612427e+01 -4.378865295648574829e+01 1.670803377404865842e-01
6.512020760774612427e+01 -3.573066955804824829e+01 1.298946687951740842e-01
5.289749032258987427e+01 -2.781636291742324829e+01 8.118861410767408415e-02
5.473397713899612427e+01 -2.816084533929824829e+01 1.131405184045490842e-01
5.661727792024612427e+01 -2.849312072992324829e+01 1.465267488732990842e-01
5.874661141633987427e+01 -2.891694885492324829e+01 1.828579256311115842e-01
6.106674081087112427e+01 -2.939192444086074829e+01 2.220730135217365842e-01
6.357046395540237427e+01 -2.991304260492324829e+01 2.641414949670490842e-01
4.887039071321487427e+01 -2.679609924554824829e+01 2.782558748498615842e-01
5.082589608430862427e+01 -2.730098205804824829e+01 3.158382723107990842e-01
5.285226327180862427e+01 -2.780195862054824829e+01 3.568081209436115842e-01
7.552749520540237427e+01 -3.990352112054824829e+01 6.403316805139240842e-01
7.675082284212112427e+01 -3.960115295648574829e+01 6.813473055139240842e-01
7.745815926790237427e+01 -3.900020080804824829e+01 7.165493318811115842e-01
7.771230965852737427e+01 -3.815046936273574829e+01 7.462734529748615842e-01
6.380947762727737427e+01 -3.583711487054824829e+01 7.747463533654865842e-01
6.536636239290237427e+01 -3.590523010492324829e+01 8.211788484826740842e-01
6.488040047883987427e+01 -3.476130920648574829e+01 8.344082185998615842e-01
7.706106454133987427e+01 -4.078560119867324829e+01 1.062115127779549084e+00
7.663748055696487427e+01 -3.955537658929824829e+01 1.079403335787361584e+00
7.772366219758987427e+01 -3.915986877679824829e+01 1.122738296724861584e+00
7.848550301790237427e+01 -3.857344299554824829e+01 1.160763199068611584e+00
6.385659676790237427e+01 -3.587996155023574829e+01 1.115230972506111584e+00
6.544521981477737427e+01 -3.596638733148574829e+01 1.166958267427986584e+00
6.505801278352737427e+01 -3.487825256586074829e+01 1.177868301607674084e+00
7.699148446321487427e+01 -4.076326233148574829e+01 1.462322647310799084e+00
7.691891366243362427e+01 -3.972725158929824829e+01 1.483059341646736584e+00
7.763986092805862427e+01 -3.913142639398574829e+01 1.521603042818611584e+00
7.879348641633987427e+01 -3.875215393304824829e+01 1.570400650240486584e+00
6.379244881868362427e+01 -3.585542541742324829e+01 1.451488907076424084e+00
7.777853280305862427e+01 -4.327510315179824829e+01 1.846096451021736584e+00
8.170846444368362427e+01 -4.451765686273574829e+01 1.974010879732674084e+00
7.969784432649612427e+01 -4.230879455804824829e+01 1.940365249849861584e+00
7.778188973665237427e+01 -4.022017151117324829e+01 1.907986099459236584e+00
7.767385751008987427e+01 -3.916658264398574829e+01 1.925091201998299084e+00
8.193478280305862427e+01 -4.684858947992324829e+01 2.373135025240486584e+00
8.029061776399612427e+01 -4.477876526117324829e+01 2.339687759615486584e+00
7.927017098665237427e+01 -4.312568908929824829e+01 2.323330337740486584e+00
7.998538094758987427e+01 -4.568696838617324829e+01 2.737194473482674084e+00
7.931851083040237427e+01 -4.317122131586074829e+01 2.743191177584236584e+00
9.693754971027374268e+00 -2.272783815860748291e+00 -7.664066007360759158e-01
9.746062099933624268e+00 -2.186480104923248291e+00 -7.629733731970134158e-01
9.794218838214874268e+00 -2.097979128360748291e+00 -7.595401456579509158e-01
9.842619717121124268e+00 -2.008989870548248291e+00 -7.560764005407634158e-01
9.890959560871124268e+00 -1.920122683048248291e+00 -7.526279142126384158e-01
9.939299404621124268e+00 -1.831255495548248291e+00 -7.491794278845134158e-01
9.987944424152374268e+00 -1.742022097110748291e+00 -7.457156827673259158e-01
1.003207284212112427e+01 -1.651079714298248291e+00 -7.422671964392009158e-01
1.056301766633987427e+01 -2.718096315860748291e+00 -7.667728116735759158e-01
1.061636239290237427e+01 -2.621416628360748291e+00 -7.630038907751384158e-01
1.067489510774612427e+01 -2.527056276798248291e+00 -7.592349698767009158e-01
1.072860604524612427e+01 -2.429766237735748291e+00 -7.554507901892009158e-01
1.078219491243362427e+01 -2.332720339298248291e+00 -7.516666105017009158e-01
1.083584481477737427e+01 -2.235430300235748291e+00 -7.478824308142009158e-01
1.088351327180862427e+01 -2.134966433048248291e+00 -7.440372159704509158e-01
1.093038827180862427e+01 -2.034624636173248291e+00 -7.399020841345134158e-01
1.151730233430862427e+01 -3.206987917423248291e+00 -7.622867276892009158e-01
1.156838876008987427e+01 -3.097368776798248291e+00 -7.577701261267009158e-01
1.161953622102737427e+01 -2.987627565860748291e+00 -7.532535245642009158e-01
1.167092782258987427e+01 -2.877642214298248291e+00 -7.487216642126384158e-01
1.172207528352737427e+01 -2.768023073673248291e+00 -7.442050626501384158e-01
1.177322274446487427e+01 -2.658281862735748291e+00 -7.396884610876384158e-01
1.182455331087112427e+01 -2.548296511173248291e+00 -7.351566007360759158e-01
1.187570077180862427e+01 -2.438677370548248291e+00 -7.306399991735759158e-01
1.274172860383987427e+01 -3.834185183048248291e+00 -7.600589444860759158e-01
1.281637459993362427e+01 -3.721026003360748291e+00 -7.554507901892009158e-01
1.288345223665237427e+01 -3.603594362735748291e+00 -7.508426358923259158e-01
1.295089608430862427e+01 -3.485674440860748291e+00 -7.462192228063884158e-01
1.301821786165237427e+01 -3.367998659610748291e+00 -7.415958097204509158e-01
1.308566170930862427e+01 -3.250078737735748291e+00 -7.369723966345134158e-01
1.315347176790237427e+01 -3.131548464298248291e+00 -7.323184659704509158e-01
1.321310311555862427e+01 -3.009722292423248291e+00 -7.276950528845134158e-01
1.437844735383987427e+01 -4.672564089298248291e+00 -7.607303312048259158e-01
1.445608407258987427e+01 -4.540239870548248291e+00 -7.555118253454509158e-01
1.453378182649612427e+01 -4.407793581485748291e+00 -7.502780606970134158e-01
1.461196786165237427e+01 -4.274614870548248291e+00 -7.450137784704509158e-01
1.468997079133987427e+01 -4.141680300235748291e+00 -7.397800138220134158e-01
1.476815682649612427e+01 -4.008501589298248291e+00 -7.345157315954509158e-01
1.484677010774612427e+01 -3.874590456485748291e+00 -7.292361905798259158e-01
1.491750985383987427e+01 -3.737627565860748291e+00 -7.236819913610759158e-01
1.628518563508987427e+01 -5.649370729923248291e+00 -7.538943937048259158e-01
1.638900643587112427e+01 -5.506426393985748291e+00 -7.479434659704509158e-01
1.647994881868362427e+01 -5.356524050235748291e+00 -7.419772794470134158e-01
1.657144051790237427e+01 -5.205767214298248291e+00 -7.359805753454509158e-01
1.666287118196487427e+01 -5.055132448673248291e+00 -7.299991300329509158e-01
1.675436288118362427e+01 -4.904253542423248291e+00 -7.240024259313884158e-01
1.684640389680862427e+01 -4.752520143985748291e+00 -7.179599454626384158e-01
1.692458993196487427e+01 -4.595049440860748291e+00 -7.119632413610759158e-01
1.891787606477737427e+01 -6.998125612735748291e+00 -7.474094083532634158e-01
1.906936532258987427e+01 -6.846026003360748291e+00 -7.416110685095134158e-01
1.922201424837112427e+01 -6.692827761173248291e+00 -7.357822110876384158e-01
1.937618905305862427e+01 -6.538164675235748291e+00 -7.298770597204509158e-01
1.947250252962112427e+01 -6.355791628360748291e+00 -7.224460294470134158e-01
1.955941659212112427e+01 -6.169024050235748291e+00 -7.147555997595134158e-01
1.964657479524612427e+01 -5.981524050235748291e+00 -7.070499112829509158e-01
1.973336678743362427e+01 -5.794756472110748291e+00 -6.993594815954509158e-01
2.264102059602737427e+01 -8.905352175235748291e+00 -7.393680265173259158e-01
2.285031014680862427e+01 -8.735552370548248291e+00 -7.325931241735759158e-01
2.303011971712112427e+01 -8.549028933048248291e+00 -7.244601896032634158e-01
2.317031747102737427e+01 -8.340776979923248291e+00 -7.159610440954509158e-01
2.331082040071487427e+01 -8.132769167423248291e+00 -7.074771573767009158e-01
2.345168954133987427e+01 -7.924151003360748291e+00 -6.989627530798259158e-01
2.356533700227737427e+01 -7.701738893985748291e+00 -6.904330899938884158e-01
2.370681649446487427e+01 -7.491900026798248291e+00 -6.818729093298259158e-01
2.808492928743362427e+01 -1.169429260492324829e+01 -7.230411222204509158e-01
2.836044198274612427e+01 -1.148970276117324829e+01 -7.141605069860759158e-01
2.884884530305862427e+01 -1.138496643304824829e+01 -7.087283780798259158e-01
2.921548348665237427e+01 -1.121260315179824829e+01 -7.009006192907634158e-01
2.957052499055862427e+01 -1.103035217523574829e+01 -6.927219083532634158e-01
2.978134042024612427e+01 -1.077791076898574829e+01 -6.820865323767009158e-01
2.997634774446487427e+01 -1.051545959711074829e+01 -6.711154630407634158e-01
3.017135506868362427e+01 -1.025288635492324829e+01 -6.601291349157634158e-01
3.670187264680862427e+01 -1.610908752679824829e+01 -6.916385343298259158e-01
3.745931893587112427e+01 -1.603731018304824829e+01 -6.838260343298259158e-01
3.816726571321487427e+01 -1.592708069086074829e+01 -6.748691251501384158e-01
3.871035653352737427e+01 -1.572383362054824829e+01 -6.635013272985759158e-01
3.926211434602737427e+01 -1.551741272211074829e+01 -6.519504239782634158e-01
3.992471200227737427e+01 -1.535176330804824829e+01 -6.411929776892009158e-01
4.043685799837112427e+01 -1.510713440179824829e+01 -6.284671476110759158e-01
4.079293709993362427e+01 -1.478962951898574829e+01 -6.140170743688884158e-01
5.184133797883987427e+01 -2.386616760492324829e+01 -6.195102384313884158e-01
5.382949715852737427e+01 -2.422017151117324829e+01 -6.105838468298259158e-01
5.566268807649612427e+01 -2.445540100336074829e+01 -5.990634610876384158e-01
5.780050545930862427e+01 -2.479414612054824829e+01 -5.879703214392009158e-01
5.938461190462112427e+01 -2.483345276117324829e+01 -5.721164396032634158e-01
6.104727059602737427e+01 -2.487642151117324829e+01 -5.555301358923259158e-01
6.270168954133987427e+01 -2.488008362054824829e+01 -5.376315763220134158e-01
6.430825692415237427e+01 -2.483345276117324829e+01 -5.184360196813884158e-01
7.605074959993362427e+01 -3.627437072992324829e+01 -4.143100431188884158e-01
6.716116219758987427e+01 -3.089180237054824829e+01 -3.647494962438884158e-01
9.051595956087112427e+01 -3.925239807367324829e+01 -2.979922940954509158e-01
6.714181405305862427e+01 -3.089631897211074829e+01 -2.267796304076341585e-02
9.050784188508987427e+01 -3.926729065179824829e+01 1.554378816857990842e-01
6.358785897493362427e+01 -2.991926819086074829e+01 2.643703768029865842e-01
6.682162362337112427e+01 -3.075020080804824829e+01 3.149227449670490842e-01
1.003195077180862427e+01 -1.650591433048248291e+00 -7.422519376501384158e-01
1.007949715852737427e+01 -1.560991823673248291e+00 -7.387881925329509158e-01
1.012264901399612427e+01 -1.469317018985748291e+00 -7.353244474157634158e-01
1.016604501008987427e+01 -1.377153933048248291e+00 -7.318607022985759158e-01
1.020937997102737427e+01 -1.285234987735748291e+00 -7.283969571813884158e-01
1.025271493196487427e+01 -1.193193972110748291e+00 -7.249179532751384158e-01
1.029629403352737427e+01 -1.100664675235748291e+00 -7.214389493688884158e-01
1.033523446321487427e+01 -1.006792604923248291e+00 -7.179752042517009158e-01
1.093026620149612427e+01 -2.034136354923248291e+00 -7.398868253454509158e-01
1.097195321321487427e+01 -1.931597292423248291e+00 -7.357974698767009158e-01
1.101833993196487427e+01 -1.830889284610748291e+00 -7.316623380407634158e-01
1.106027108430862427e+01 -1.727861940860748291e+00 -7.275577237829509158e-01
1.110208016633987427e+01 -1.625078737735748291e+00 -7.234683683142009158e-01
1.114388924837112427e+01 -1.522295534610748291e+00 -7.193637540563884158e-01
1.118118172883987427e+01 -1.417559206485748291e+00 -7.153201749548259158e-01
1.122299081087112427e+01 -1.314776003360748291e+00 -7.112155606970134158e-01
1.187551766633987427e+01 -2.438067018985748291e+00 -7.306094815954509158e-01
1.192855721712112427e+01 -2.329180300235748291e+00 -7.264590909704509158e-01
1.198196297883987427e+01 -2.220049440860748291e+00 -7.223239591345134158e-01
1.203561288118362427e+01 -2.110552370548248291e+00 -7.181583097204509158e-01
1.208920174837112427e+01 -2.001055300235748291e+00 -7.140079190954509158e-01
1.214285165071487427e+01 -1.891436159610748291e+00 -7.098422696813884158e-01
1.219674569368362427e+01 -1.781328737735748291e+00 -7.056461026892009158e-01
1.225057870149612427e+01 -1.671343386173248291e+00 -7.014651944860759158e-01
1.321316415071487427e+01 -3.009356081485748291e+00 -7.276645353063884158e-01
1.328219491243362427e+01 -2.891314089298248291e+00 -7.230106046423259158e-01
1.334335213899612427e+01 -2.769609987735748291e+00 -7.183719327673259158e-01
1.340481454133987427e+01 -2.647417604923248291e+00 -7.137027433142009158e-01
1.346615487337112427e+01 -2.525225222110748291e+00 -7.090335538610759158e-01
1.352767831087112427e+01 -2.402910768985748291e+00 -7.043643644079509158e-01
1.358956795930862427e+01 -2.279863893985748291e+00 -6.996646573767009158e-01
1.364297372102737427e+01 -2.154253542423248291e+00 -6.950259855017009158e-01
1.491732674837112427e+01 -3.737017214298248291e+00 -7.236514737829509158e-01
1.497622567415237427e+01 -3.594805300235748291e+00 -7.179752042517009158e-01
1.503512459993362427e+01 -3.452593386173248291e+00 -7.122836759313884158e-01
1.509426766633987427e+01 -3.309893190860748291e+00 -7.065768888220134158e-01
1.515322762727737427e+01 -3.167559206485748291e+00 -7.008853605017009158e-01
1.521224862337112427e+01 -3.025103151798248291e+00 -6.951938321813884158e-01
1.527145272493362427e+01 -2.882158815860748291e+00 -6.894717862829509158e-01
1.533041268587112427e+01 -2.739580690860748291e+00 -6.837649991735759158e-01
1.692446786165237427e+01 -4.594317018985748291e+00 -7.119327237829509158e-01
1.702224618196487427e+01 -4.444780886173248291e+00 -7.058749845251384158e-01
1.710653573274612427e+01 -4.289019167423248291e+00 -6.998325040563884158e-01
1.719143563508987427e+01 -4.132402956485748291e+00 -6.937595060095134158e-01
1.727627450227737427e+01 -3.975908815860748291e+00 -6.876865079626384158e-01
1.736123543977737427e+01 -3.818926393985748291e+00 -6.815982511267009158e-01
1.744668465852737427e+01 -3.661089479923248291e+00 -6.754794767126384158e-01
1.751779061555862427e+01 -3.498247683048248291e+00 -6.694217374548259158e-01
1.973318368196487427e+01 -5.793901979923248291e+00 -6.993137052282634158e-01
1.981326180696487427e+01 -5.604204714298248291e+00 -6.916995694860759158e-01
1.989340096712112427e+01 -5.414385378360748291e+00 -6.840701749548259158e-01
1.999954110383987427e+01 -5.233721315860748291e+00 -6.769900968298259158e-01
2.010354501008987427e+01 -5.052446901798248291e+00 -6.698795011267009158e-01
2.020773202180862427e+01 -4.870440065860748291e+00 -6.627383878454509158e-01
2.031252938508987427e+01 -4.687334597110748291e+00 -6.555514981970134158e-01
2.041732674837112427e+01 -4.504229128360748291e+00 -6.483646085485759158e-01
2.370669442415237427e+01 -7.490923464298248291e+00 -6.818423917517009158e-01
2.383944588899612427e+01 -7.276567995548248291e+00 -6.732669522985759158e-01
2.400155526399612427e+01 -7.072954714298248291e+00 -6.645847013220134158e-01
2.413601571321487427e+01 -6.855913698673248291e+00 -6.559177091345134158e-01
2.426736336946487427e+01 -6.637651979923248291e+00 -6.471896817907634158e-01
2.442251473665237427e+01 -6.427202761173248291e+00 -6.388278653845134158e-01
2.455917245149612427e+01 -6.207842409610748291e+00 -6.306796720251384158e-01
2.471346932649612427e+01 -5.994341433048248291e+00 -6.221957853063884158e-01
3.017111092805862427e+01 -1.025154358148574829e+01 -6.600680997595134158e-01
3.035781747102737427e+01 -9.983843386173248291e+00 -6.490512540563884158e-01
3.054550057649612427e+01 -9.714800417423248291e+00 -6.379886319860759158e-01
3.073458749055862427e+01 -9.443560183048248291e+00 -6.268191983923259158e-01
3.092391854524612427e+01 -9.171831667423248291e+00 -6.156497647985759158e-01
3.111428719758987427e+01 -8.898760378360748291e+00 -6.044192960485759158e-01
3.130642586946487427e+01 -8.623613893985748291e+00 -5.930820157751384158e-01
3.167666512727737427e+01 -8.409502565860748291e+00 -5.837588956579509158e-01
4.079250985383987427e+01 -1.478779846429824829e+01 -6.139407804235759158e-01
4.108804208040237427e+01 -1.444087463617324829e+01 -5.988498380407634158e-01
4.138619881868362427e+01 -1.409175354242324829e+01 -5.836520841345134158e-01
4.183614999055862427e+01 -1.379731994867324829e+01 -5.695224454626384158e-01
4.232931405305862427e+01 -1.351411682367324829e+01 -5.555148771032634158e-01
4.283132821321487427e+01 -1.322651916742324829e+01 -5.412936856970134158e-01
4.334304696321487427e+01 -1.293318420648574829e+01 -5.267825772985759158e-01
4.413314706087112427e+01 -1.272993713617324829e+01 -5.138278653845134158e-01
6.431350594758987427e+01 -2.483308655023574829e+01 -5.183597257360759158e-01
6.532443124055862427e+01 -2.450764709711074829e+01 -4.955020597204509158e-01
6.636166268587112427e+01 -2.417512756586074829e+01 -4.721103360876384158e-01
6.742623788118362427e+01 -2.383259826898574829e+01 -4.480319669470134158e-01
6.851547127962112427e+01 -2.348347717523574829e+01 -4.234653165563884158e-01
7.022543221712112427e+01 -2.334443908929824829e+01 -3.996921231970134158e-01
7.227767831087112427e+01 -2.329255920648574829e+01 -3.753085782751384158e-01
7.691519051790237427e+01 -2.409932190179824829e+01 -3.536258390173259158e-01
1.033553963899612427e+01 -1.006426393985748291e+00 -7.179752042517009158e-01
1.037802010774612427e+01 -9.136529564857482910e-01 -7.144962003454509158e-01
1.041598397493362427e+01 -8.190484642982482910e-01 -7.110324552282634158e-01
1.045413094758987427e+01 -7.239556908607482910e-01 -7.075381925329509158e-01
1.049227792024612427e+01 -6.291070580482482910e-01 -7.040591886267009158e-01
1.053042489290237427e+01 -5.340142846107482910e-01 -7.005801847204509158e-01
1.056875497102737427e+01 -4.384332299232482910e-01 -6.970859220251384158e-01
1.060238534212112427e+01 -3.418756127357482910e-01 -6.936221769079509158e-01
1.122329598665237427e+01 -1.314409792423248291e+00 -7.112155606970134158e-01
1.125985604524612427e+01 -1.209795534610748291e+00 -7.071872403845134158e-01
1.130129891633987427e+01 -1.106524050235748291e+00 -7.030826261267009158e-01
1.133804208040237427e+01 -1.001299440860748291e+00 -6.990237882360759158e-01
1.137478524446487427e+01 -8.964410424232482910e-01 -6.949802091345134158e-01
1.141158944368362427e+01 -7.913385033607482910e-01 -6.909366300329509158e-01
1.144363290071487427e+01 -6.845269799232482910e-01 -6.869540860876384158e-01
1.148385506868362427e+01 -5.802789330482482910e-01 -6.830478360876384158e-01
1.225112801790237427e+01 -1.671099245548248291e+00 -7.014651944860759158e-01
1.229855233430862427e+01 -1.558550417423248291e+00 -6.973148038610759158e-01
1.234609872102737427e+01 -1.445879518985748291e+00 -6.931491544470134158e-01
1.239395028352737427e+01 -1.332598268985748291e+00 -6.889682462438884158e-01
1.244174081087112427e+01 -1.219561159610748291e+00 -6.847873380407634158e-01
1.248959237337112427e+01 -1.106157839298248291e+00 -6.805911710485759158e-01
1.253994637727737427e+01 -9.928765892982482910e-01 -6.764712980017009158e-01
1.262423592805862427e+01 -8.887506127357482910e-01 -6.735873868688884158e-01
1.364333993196487427e+01 -2.153765261173248291e+00 -6.950107267126384158e-01
1.370638924837112427e+01 -2.031206667423248291e+00 -6.902957608923259158e-01
1.376132088899612427e+01 -1.905352175235748291e+00 -6.856265714392009158e-01
1.381661874055862427e+01 -1.778765261173248291e+00 -6.809268644079509158e-01
1.387185555696487427e+01 -1.652422487735748291e+00 -6.762271573767009158e-01
1.392721444368362427e+01 -1.525835573673248291e+00 -6.715121915563884158e-01
1.398287850618362427e+01 -1.398394167423248291e+00 -6.667819669470134158e-01
1.402987557649612427e+01 -1.268877565860748291e+00 -6.621127774938884158e-01
1.533096200227737427e+01 -2.739214479923248291e+00 -6.837649991735759158e-01
1.538369637727737427e+01 -2.594317018985748291e+00 -6.781345060095134158e-01
1.543655282258987427e+01 -2.449297487735748291e+00 -6.724887540563884158e-01
1.548959237337112427e+01 -2.303667604923248291e+00 -6.668430021032634158e-01
1.554250985383987427e+01 -2.158403933048248291e+00 -6.611972501501384158e-01
1.559554940462112427e+01 -2.012896120548248291e+00 -6.555362394079509158e-01
1.569253426790237427e+01 -1.879107058048248291e+00 -6.510806730017009158e-01
1.579421883821487427e+01 -1.745928347110748291e+00 -6.467319181188884158e-01
1.751864510774612427e+01 -3.498003542423248291e+00 -6.694217374548259158e-01
1.761019784212112427e+01 -3.341875612735748291e+00 -6.632571866735759158e-01
1.768771249055862427e+01 -3.180254518985748291e+00 -6.571536710485759158e-01
1.776577645540237427e+01 -3.017656862735748291e+00 -6.509891202673259158e-01
1.787820321321487427e+01 -2.865435183048248291e+00 -6.456638028845134158e-01
1.803066903352737427e+01 -2.723711550235748291e+00 -6.412234952673259158e-01
1.818691903352737427e+01 -2.580156862735748291e+00 -6.367526700720134158e-01
1.832583504915237427e+01 -2.430254518985748291e+00 -6.322665860876384158e-01
2.041836434602737427e+01 -4.503862917423248291e+00 -6.483493497595134158e-01
2.051449471712112427e+01 -4.316973268985748291e+00 -6.411777189001384158e-01
2.061093026399612427e+01 -4.129473268985748291e+00 -6.339908292517009158e-01
2.073916512727737427e+01 -3.950396120548248291e+00 -6.273532560095134158e-01
2.094955331087112427e+01 -3.795488893985748291e+00 -6.222720792517009158e-01
2.121517831087112427e+01 -3.653276979923248291e+00 -6.180759122595134158e-01
2.148715096712112427e+01 -3.507769167423248291e+00 -6.137881925329509158e-01
2.176382333040237427e+01 -3.359819948673248291e+00 -6.094394376501384158e-01
2.471383553743362427e+01 -5.993609011173248291e+00 -6.221652677282634158e-01
2.485958749055862427e+01 -5.775713503360748291e+00 -6.136813810095134158e-01
2.518655282258987427e+01 -5.614946901798248291e+00 -6.072726896032634158e-01
2.549600106477737427e+01 -5.442217409610748291e+00 -6.009555509313884158e-01
2.575527840852737427e+01 -5.250200808048248291e+00 -5.937686612829509158e-01
2.609323006868362427e+01 -5.077105104923248291e+00 -5.874972989782634158e-01
2.653463631868362427e+01 -4.926348268985748291e+00 -5.830264737829509158e-01
2.707510262727737427e+01 -4.795610964298248291e+00 -5.789218595251384158e-01
3.168093758821487427e+01 -8.409868776798248291e+00 -5.837588956579509158e-01
3.207485848665237427e+01 -8.197710573673248291e+00 -5.746036222204509158e-01
3.240261727571487427e+01 -7.957598268985748291e+00 -5.645023038610759158e-01
3.289645272493362427e+01 -7.763262331485748291e+00 -5.558200528845134158e-01
3.380374032258987427e+01 -7.686358034610748291e+00 -5.507846524938884158e-01
3.464016610383987427e+01 -7.571367800235748291e+00 -5.444369962438884158e-01
3.551742440462112427e+01 -7.450640261173248291e+00 -5.377689054235759158e-01
3.660659676790237427e+01 -7.371782839298248291e+00 -5.322757413610759158e-01
4.414187508821487427e+01 -1.273140197992324829e+01 -5.138278653845134158e-01
4.495016366243362427e+01 -1.251985412836074829e+01 -5.005222013220134158e-01
4.664193612337112427e+01 -1.258003479242324829e+01 -4.915958097204509158e-01
4.873074227571487427e+01 -1.272847229242324829e+01 -4.833865812048259158e-01
5.032528573274612427e+01 -1.268696838617324829e+01 -4.712711026892009158e-01
5.276217538118362427e+01 -1.285957580804824829e+01 -4.616580655798259158e-01
5.573849374055862427e+01 -1.313228088617324829e+01 -4.522586515173259158e-01
5.628750497102737427e+01 -1.269148498773574829e+01 -4.320254972204509158e-01
7.693771249055862427e+01 -2.410420471429824829e+01 -3.535648038610759158e-01
8.307632333040237427e+01 -2.531672912836074829e+01 -3.299594571813884158e-01
9.042336922883987427e+01 -2.679085022211074829e+01 -3.025394132360759158e-01
8.720815926790237427e+01 -2.479573303461074829e+01 -2.655063321813884158e-01
7.690103036165237427e+01 -2.073506408929824829e+01 -2.315860440954509158e-01
6.918252450227737427e+01 -1.765840393304824829e+01 -2.048679044470134158e-01
9.077767831087112427e+01 -2.298323303461074829e+01 -1.603274991735759158e-01
8.292257577180862427e+01 -1.989717346429824829e+01 -1.347842862829509158e-01
7.689480477571487427e+01 -2.074763733148574829e+01 1.331753084436115842e-01
6.917703133821487427e+01 -1.766975647211074829e+01 1.219448396936115842e-01
6.885958749055862427e+01 -1.684053283929824829e+01 1.460537264123615842e-01
6.885989266633987427e+01 -1.611091858148574829e+01 1.715816805139240842e-01
8.746169930696487427e+01 -2.490840393304824829e+01 5.676540682092365842e-01
7.631521493196487427e+01 -2.058662658929824829e+01 4.923977205529865842e-01
6.779006844758987427e+01 -1.727766662836074829e+01 4.349636385217365842e-01
6.136947518587112427e+01 -1.474702697992324829e+01 3.945431062951740842e-01
5.617166024446487427e+01 -1.269136291742324829e+01 3.606685945764240842e-01
9.101125985383987427e+01 -2.505464416742324829e+01 1.068279678560799084e+00
8.087386971712112427e+01 -2.111360412836074829e+01 9.501461336389240842e-01
6.914529305696487427e+01 -1.694661194086074829e+01 8.008236238732990842e-01
6.889346200227737427e+01 -1.614558655023574829e+01 8.205684969201740842e-01
9.097506600618362427e+01 -2.506086975336074829e+01 1.500011856295174084e+00
8.050491219758987427e+01 -2.102095276117324829e+01 1.325680191256111584e+00
6.915481454133987427e+01 -1.696211487054824829e+01 1.126766617037361584e+00
6.887167245149612427e+01 -1.615254455804824829e+01 1.145443374849861584e+00
9.098690682649612427e+01 -2.508174377679824829e+01 1.934917862154549084e+00
8.085018807649612427e+01 -2.113704162836074829e+01 1.717113907076424084e+00
6.906460458040237427e+01 -1.694966369867324829e+01 1.452114517427986584e+00
6.878243905305862427e+01 -1.614106994867324829e+01 1.466701919771736584e+00
9.103524667024612427e+01 -2.511360412836074829e+01 2.368694717623299084e+00
8.057009774446487427e+01 -2.107026916742324829e+01 2.091640884615486584e+00
6.903890877962112427e+01 -1.695527893304824829e+01 1.776775772310799084e+00
6.884811288118362427e+01 -1.617170959711074829e+01 1.793484146334236584e+00
9.111874276399612427e+01 -2.515620666742324829e+01 2.806484634615486584e+00
8.054788094758987427e+01 -2.107893615961074829e+01 2.474316055513924084e+00
6.902645760774612427e+01 -1.696467834711074829e+01 2.103420669771736584e+00
6.885269051790237427e+01 -1.618562561273574829e+01 2.117077285982674084e+00
9.113271981477737427e+01 -2.517756897211074829e+01 3.240108902193611584e+00
8.117159920930862427e+01 -2.127681213617324829e+01 2.879742080904549084e+00
6.886978036165237427e+01 -1.620308166742324829e+01 2.442974502779549084e+00
9.106564217805862427e+01 -2.517451721429824829e+01 3.672726089693611584e+00
8.073940926790237427e+01 -2.116536194086074829e+01 3.247326309420174084e+00
6.889358407258987427e+01 -1.622236877679824829e+01 2.769344742037361584e+00
