8.223235845565795898e+00 -3.154171854257583618e+00 -8.139467489905598541e-01
8.293060064315795898e+00 -3.081540018320083618e+00 -8.112306845374348541e-01
8.359588384628295898e+00 -3.006222635507583618e+00 -8.084841025061848541e-01
8.426543951034545898e+00 -2.930294901132583618e+00 -8.057375204749348541e-01
8.493438482284545898e+00 -2.854611307382583618e+00 -8.029756796546223541e-01
8.560516119003295898e+00 -2.778561502695083618e+00 -8.002138388343098541e-01
8.623016119003295898e+00 -2.698971658945083618e+00 -7.971010458655598541e-01
8.676910161972045898e+00 -2.614376932382583618e+00 -7.936983359046223541e-01
8.941924810409545898e+00 -3.659665018320083618e+00 -8.145876181311848541e-01
9.015166997909545898e+00 -3.578854471445083618e+00 -8.116274130530598541e-01
9.092925786972045898e+00 -3.500485330820083618e+00 -8.086519491858723541e-01
9.166900396347045898e+00 -3.418820291757583618e+00 -8.056459677405598541e-01
9.242156744003295898e+00 -3.337765604257583618e+00 -8.027162802405598541e-01
9.326873540878295898e+00 -3.262448221445083618e+00 -8.003511679358723541e-01
9.407317876815795898e+00 -3.183224588632583618e+00 -7.979250204749348541e-01
9.492889165878295898e+00 -3.107052713632583618e+00 -7.955293905921223541e-01
9.856536626815795898e+00 -4.302975565195083618e+00 -8.187532675452473541e-01
9.949493169784545898e+00 -4.222042948007583618e+00 -8.160982382483723541e-01
1.004293799400329590e+01 -4.140744119882583618e+00 -8.134432089514973541e-01
1.013723731040954590e+01 -4.058590799570083618e+00 -8.107424032874348541e-01
1.023178076744079590e+01 -3.976315408945083618e+00 -8.080415976233723541e-01
1.032681250572204590e+01 -3.893551737070083618e+00 -8.053407919593098541e-01
1.040798926353454590e+01 -3.801022440195083618e+00 -8.018007528968098541e-01
1.047714209556579590e+01 -3.701290994882583618e+00 -7.976198446936848541e-01
1.080062842369079590e+01 -4.967282205820083618e+00 -8.145265829749348541e-01
1.091104102134704590e+01 -4.884518533945083618e+00 -8.115816366858723541e-01
1.101663184165954590e+01 -4.797238260507583618e+00 -8.086366903968098541e-01
1.112313818931579590e+01 -4.709225565195083618e+00 -8.056764853186848541e-01
1.121456885337829590e+01 -4.610958963632583618e+00 -8.019228232093098541e-01
1.130563330650329590e+01 -4.511959940195083618e+00 -7.981233847327473541e-01
1.140029883384704590e+01 -4.414059549570083618e+00 -7.944307577796223541e-01
1.148843359947204590e+01 -4.312252908945083618e+00 -7.907533896155598541e-01
1.209799170494079590e+01 -5.879879862070083618e+00 -8.163576376624348541e-01
1.221951270103454590e+01 -5.785519510507583618e+00 -8.130617392249348541e-01
1.234182715415954590e+01 -5.690548807382583618e+00 -8.097505819983723541e-01
1.246536231040954590e+01 -5.594479471445083618e+00 -8.064089071936848541e-01
1.258938574790954590e+01 -5.498288065195083618e+00 -8.030519735999348541e-01
1.271426367759704590e+01 -5.401242166757583618e+00 -7.996645224280598541e-01
1.284042334556579590e+01 -5.303341776132583618e+00 -7.962465536780598541e-01
1.296701025962829590e+01 -5.204953104257583618e+00 -7.928133261389973541e-01
1.369784522056579590e+01 -7.005246073007583618e+00 -8.168306601233723541e-01
1.384994482994079590e+01 -6.908322244882583618e+00 -8.130312216468098541e-01
1.399447607994079590e+01 -6.804562479257583618e+00 -8.092470419593098541e-01
1.414059424400329590e+01 -6.699582010507583618e+00 -8.054170859046223541e-01
1.429757666587829590e+01 -6.600827127695083618e+00 -8.019838583655598541e-01
1.447604346275329590e+01 -6.513668924570083618e+00 -7.992983114905598541e-01
1.465725684165954590e+01 -6.425167948007583618e+00 -7.965669882483723541e-01
1.482681250572204590e+01 -6.327999979257583618e+00 -7.937288534827473541e-01
1.574264502525329590e+01 -8.443722635507583618e+00 -8.153200400061848541e-01
1.591549658775329590e+01 -8.331051737070083618e+00 -8.109560263343098541e-01
1.608993506431579590e+01 -8.217282205820083618e+00 -8.065614950843098541e-01
1.627304053306579590e+01 -8.106442362070083618e+00 -8.023348105139973541e-01
1.649307227134704590e+01 -8.017941385507583618e+00 -7.993135702796223541e-01
1.671627783775329590e+01 -7.928341776132583618e+00 -7.962618124671223541e-01
1.694345068931579590e+01 -7.837155252695083618e+00 -7.931337607093098541e-01
1.717306494712829590e+01 -7.744870096445083618e+00 -7.899904501624348541e-01
1.822116065025329590e+01 -1.018774119019508362e+01 -8.048677694983723541e-01
1.860110449790954590e+01 -1.018078318238258362e+01 -8.048830282874348541e-01
1.893234229087829590e+01 -1.013354197144508362e+01 -8.025484335608723541e-01
1.923690772056579590e+01 -1.006164255738258362e+01 -7.996797812171223541e-01
1.948684668540954590e+01 -9.950436502695083618e+00 -7.950716269202473541e-01
1.973892188072204590e+01 -9.837033182382583618e+00 -7.903719198889973541e-01
1.997152686119079590e+01 -9.707272440195083618e+00 -7.855196249671223541e-01
2.020285010337829590e+01 -9.574826151132583618e+00 -7.799654257483723541e-01
2.142037940025329590e+01 -1.243920603394508362e+01 -7.845125448889973541e-01
2.185519385337829590e+01 -1.242272654175758362e+01 -7.825136435218098541e-01
2.228243994712829590e+01 -1.239269724488258362e+01 -7.799959433264973541e-01
2.281381201744079590e+01 -1.242199411988258362e+01 -7.795686972327473541e-01
2.326876807212829590e+01 -1.239220896363258362e+01 -7.769747030921223541e-01
2.363723731040954590e+01 -1.229931345582008362e+01 -7.720613730139973541e-01
2.420352149009704590e+01 -1.232116404175758362e+01 -7.712373984046223541e-01
2.484939551353454590e+01 -1.238085642457008362e+01 -7.717104208655598541e-01
2.554098486900329590e+01 -1.533959665894508362e+01 -7.473116171546223541e-01
2.624179053306579590e+01 -1.544530954957008362e+01 -7.465334189124348541e-01
2.697146582603454590e+01 -1.555505076050758362e+01 -7.457094443030598541e-01
2.761721777915954590e+01 -1.559216013550758362e+01 -7.426882040686848541e-01
2.824526953697204590e+01 -1.560583201050758362e+01 -7.388887655921223541e-01
2.901498389244079590e+01 -1.569628611207008362e+01 -7.370424521155598541e-01
2.987710547447204590e+01 -1.582616892457008362e+01 -7.360811484046223541e-01
3.071585059165954590e+01 -1.592480173707008362e+01 -7.340822470374348541e-01
3.210855078697204590e+01 -1.996178904175758362e+01 -6.982698691077473541e-01
3.332351660728454590e+01 -2.032445994019508362e+01 -6.981783163733723541e-01
3.415145850181579590e+01 -2.039733591675758362e+01 -6.918916952796223541e-01
3.540298438072204590e+01 -2.073022165894508362e+01 -6.903352987952473541e-01
3.628042578697204590e+01 -2.079443064332008362e+01 -6.831941855139973541e-01
3.722402930259704590e+01 -2.088219919800758362e+01 -6.761904013343098541e-01
3.882321143150329590e+01 -2.135302439332008362e+01 -6.758394491858723541e-01
3.978066992759704590e+01 -2.140136423707008362e+01 -6.672792685218098541e-01
3.570590186119079590e+01 -2.249877634644508362e+01 -5.503969443030598541e-01
3.730764746665954590e+01 -2.307482615113258362e+01 -5.461702597327473541e-01
3.897085547447204590e+01 -2.365258494019508362e+01 -5.411196005530598541e-01
4.072640967369079590e+01 -2.424853220582008362e+01 -5.353060019202473541e-01
4.256155371665954590e+01 -2.485509958863258362e+01 -5.286989462561848541e-01
4.442593359947204590e+01 -2.543603220582008362e+01 -5.208101523108723541e-01
4.634207129478454590e+01 -2.600292673707008362e+01 -5.117006552405598541e-01
4.828567481040954590e+01 -2.654394236207008362e+01 -5.013246786780598541e-01
8.002871680259704590e+01 -5.018053904175758362e+01 -3.842439902014973541e-01
6.181100440025329590e+01 -3.728808298707008362e+01 -3.238497030921223541e-01
4.496347022056579590e+01 -2.578576365113258362e+01 -2.809267294593098541e-01
7.748062109947204590e+01 -4.524120798707008362e+01 -2.772035849280598541e-01
6.270132422447204590e+01 -3.525951853394508362e+01 -2.433290732093098541e-01
8.000558447837829590e+01 -5.018420115113258362e+01 5.696389554069014594e-02
8.237149024009704590e+01 -5.057653513550758362e+01 9.863564847037764594e-02
6.180728125572204590e+01 -3.643456736207008362e+01 3.912637112662764594e-02
6.304647803306579590e+01 -3.634277048707008362e+01 6.933877347037764594e-02
6.569326758384704590e+01 -3.708105173707008362e+01 1.075162637047526459e-01
3.582254004478454590e+01 -2.260680857300758362e+01 5.153176663444014594e-02
3.735842871665954590e+01 -2.313671579957008362e+01 7.696816800162764594e-02
3.894656348228454590e+01 -2.366393747925758362e+01 1.049222695641276459e-01
4.061935400962829590e+01 -2.420654001832008362e+01 1.346921670250651459e-01
4.245803809165954590e+01 -2.481786814332008362e+01 1.670255410485026459e-01
4.446176123619079590e+01 -2.548949900269508362e+01 2.021207558922526459e-01
4.636074805259704590e+01 -2.604626169800758362e+01 2.374448525719401459e-01
4.821493506431579590e+01 -2.653405466675758362e+01 2.747373330406901459e-01
3.564553809165954590e+01 -2.249084177613258362e+01 2.494077431969401459e-01
3.719229102134704590e+01 -2.303112497925758362e+01 2.832822549156901459e-01
3.895083594322204590e+01 -2.367614451050758362e+01 3.210782754235026459e-01
8.083047461509704590e+01 -5.076659861207008362e+01 9.491910683922526459e-01
8.068643164634704590e+01 -4.952624216675758362e+01 9.736203896813151459e-01
7.942440772056579590e+01 -4.759826365113258362e+01 9.804715859703776459e-01
7.887753272056579590e+01 -4.615795603394508362e+01 9.974546181969401459e-01
6.316421484947204590e+01 -3.558202829957008362e+01 7.713193642906901459e-01
8.127639746665954590e+01 -4.992638865113258362e+01 1.425524686556315146e+00
7.999728369712829590e+01 -4.797875681519508362e+01 1.422503446321940146e+00
6.362258887290954590e+01 -3.674218454957008362e+01 1.100817655306315146e+00
7.659530615806579590e+01 -4.371874704957008362e+01 1.397677396517252646e+00
8.124038672447204590e+01 -4.992211619019508362e+01 1.870028470736002646e+00
8.169430518150329590e+01 -4.793664255738258362e+01 1.923190091829752646e+00
6.314279150962829590e+01 -3.559765329957008362e+01 1.447955106478190146e+00
8.103115820884704590e+01 -4.866991892457008362e+01 2.324160550814127646e+00
7.856454443931579590e+01 -4.601842966675758362e+01 2.265475248079752646e+00
8.128359961509704590e+01 -4.659081736207008362e+01 2.369509671907877646e+00
8.362124609947204590e+01 -5.032824411988258362e+01 2.861529325228190146e+00
7.761312842369079590e+01 -4.544738474488258362e+01 2.652911161165690146e+00
7.933834815025329590e+01 -4.543163767457008362e+01 2.733691190462565146e+00
8.677337408065795898e+00 -2.614254862070083618e+00 -7.936983359046223541e-01
8.734405279159545898e+00 -2.531491190195083618e+00 -7.903108847327473541e-01
8.787444829940795898e+00 -2.446164041757583618e+00 -7.868929159827473541e-01
8.840728521347045898e+00 -2.360592752695083618e+00 -7.834749472327473541e-01
8.893829107284545898e+00 -2.275143533945083618e+00 -7.800569784827473541e-01
8.947051763534545898e+00 -2.189572244882583618e+00 -7.766237509436848541e-01
9.000457525253295898e+00 -2.103634744882583618e+00 -7.731905234046223541e-01
9.049529790878295898e+00 -2.015744119882583618e+00 -7.697572958655598541e-01
9.493560552597045898e+00 -3.107052713632583618e+00 -7.955446493811848541e-01
9.566131353378295898e+00 -3.022335916757583618e+00 -7.926302206702473541e-01
9.629607915878295898e+00 -2.932003885507583618e+00 -7.889070761389973541e-01
9.688384771347045898e+00 -2.838253885507583618e+00 -7.851534140296223541e-01
9.747100591659545898e+00 -2.744870096445083618e+00 -7.813997519202473541e-01
9.805877447128295898e+00 -2.651242166757583618e+00 -7.776460898108723541e-01
9.859832525253295898e+00 -2.554684549570083618e+00 -7.738771689124348541e-01
9.918731451034545898e+00 -2.460934549570083618e+00 -7.701235068030598541e-01
1.047769141197204590e+01 -3.701168924570083618e+00 -7.976198446936848541e-01
1.053420996665954590e+01 -3.593747049570083618e+00 -7.930422079749348541e-01
1.059066748619079590e+01 -3.486447244882583618e+00 -7.884798300452473541e-01
1.064730811119079590e+01 -3.378903299570083618e+00 -7.839021933264973541e-01
1.070376563072204590e+01 -3.271603494882583618e+00 -7.793398153968098541e-01
1.076010107994079590e+01 -3.164547830820083618e+00 -7.747774374671223541e-01
1.081668066978454590e+01 -3.057003885507583618e+00 -7.701998007483723541e-01
1.087301611900329590e+01 -2.949948221445083618e+00 -7.656374228186848541e-01
1.148922705650329590e+01 -4.312130838632583618e+00 -7.907686484046223541e-01
1.158535742759704590e+01 -4.214474588632583618e+00 -7.870607626624348541e-01
1.167526221275329590e+01 -4.112423807382583618e+00 -7.833528769202473541e-01
1.176583838462829590e+01 -4.009518533945083618e+00 -7.796144735999348541e-01
1.185653662681579590e+01 -3.906491190195083618e+00 -7.758760702796223541e-01
1.194760107994079590e+01 -3.803097635507583618e+00 -7.721224081702473541e-01
1.203152441978454590e+01 -3.694699198007583618e+00 -7.679872763343098541e-01
1.209732031822204590e+01 -3.577145487070083618e+00 -7.634096396155598541e-01
1.296780371665954590e+01 -5.204831033945083618e+00 -7.928133261389973541e-01
1.308993506431579590e+01 -5.102536112070083618e+00 -7.893953573889973541e-01
1.321298193931579590e+01 -4.999508768320083618e+00 -7.859468710608723541e-01
1.335684180259704590e+01 -4.906124979257583618e+00 -7.832613241858723541e-01
1.347061133384704590e+01 -4.795163065195083618e+00 -7.792940390296223541e-01
1.356491065025329590e+01 -4.672604471445083618e+00 -7.745027792639973541e-01
1.364962744712829590e+01 -4.543942362070083618e+00 -7.692842734046223541e-01
1.373416113853454590e+01 -4.415646463632583618e+00 -7.640810263343098541e-01
1.482778906822204590e+01 -6.327755838632583618e+00 -7.937288534827473541e-01
1.496310400962829590e+01 -6.208249002695083618e+00 -7.889375937171223541e-01
1.508828711509704590e+01 -6.081417948007583618e+00 -7.841310751624348541e-01
1.521462988853454590e+01 -5.953488260507583618e+00 -7.792787802405598541e-01
1.534115576744079590e+01 -5.825192362070083618e+00 -7.744112265296223541e-01
1.545730566978454590e+01 -5.690304666757583618e+00 -7.691316855139973541e-01
1.555563330650329590e+01 -5.544674783945083618e+00 -7.631960165686848541e-01
1.564077734947204590e+01 -5.392453104257583618e+00 -7.572450888343098541e-01
1.717452979087829590e+01 -7.744870096445083618e+00 -7.899904501624348541e-01
1.736776709556579590e+01 -7.627804666757583618e+00 -7.857637655921223541e-01
1.754971289634704590e+01 -7.501583963632583618e+00 -7.810487997718098541e-01
1.773410010337829590e+01 -7.373776346445083618e+00 -7.762880575843098541e-01
1.788534522056579590e+01 -7.226193338632583618e+00 -7.704744589514973541e-01
1.801193213462829590e+01 -7.064083963632583618e+00 -7.638674032874348541e-01
1.813931250572204590e+01 -6.900998026132583618e+00 -7.572145712561848541e-01
1.827297949790954590e+01 -6.741085916757583618e+00 -7.507448446936848541e-01
2.020419287681579590e+01 -9.574582010507583618e+00 -7.799654257483723541e-01
2.043222022056579590e+01 -9.437130838632583618e+00 -7.743807089514973541e-01
2.068093848228454590e+01 -9.308590799570083618e+00 -7.686281454749348541e-01
2.094955420494079590e+01 -9.186764627695083618e+00 -7.637758505530598541e-01
2.122274756431579590e+01 -9.064328104257583618e+00 -7.588930380530598541e-01
2.143789649009704590e+01 -8.906735330820083618e+00 -7.524385702796223541e-01
2.173532080650329590e+01 -8.788693338632583618e+00 -7.483797323889973541e-01
2.199587988853454590e+01 -8.648312479257583618e+00 -7.427187216468098541e-01
2.485433936119079590e+01 -1.238268747925758362e+01 -7.717714560218098541e-01
2.528085303306579590e+01 -1.229943552613258362e+01 -7.672243368811848541e-01
2.559469580650329590e+01 -1.214379587769508362e+01 -7.600527060218098541e-01
2.591397070884704590e+01 -1.198547068238258362e+01 -7.527742636389973541e-01
2.623654150962829590e+01 -1.182543650269508362e+01 -7.454195273108723541e-01
2.668222022056579590e+01 -1.172704783082008362e+01 -7.402010214514973541e-01
2.710861182212829590e+01 -1.160949411988258362e+01 -7.342806112952473541e-01
2.743960547447204590e+01 -1.143749704957008362e+01 -7.264070761389973541e-01
3.072170996665954590e+01 -1.592687693238258362e+01 -7.341280234046223541e-01
3.153414893150329590e+01 -1.599218454957008362e+01 -7.310915243811848541e-01
3.232302832603454590e+01 -1.602685251832008362e+01 -7.270479452796223541e-01
3.331600928306579590e+01 -1.615893259644508362e+01 -7.253237021155598541e-01
3.390725684165954590e+01 -1.605016794800758362e+01 -7.171602499671223541e-01
3.477810645103454590e+01 -1.608117380738258362e+01 -7.124300253577473541e-01
3.548715186119079590e+01 -1.600841990113258362e+01 -7.048311484046223541e-01
3.605459570884704590e+01 -1.585155954957008362e+01 -6.949892294593098541e-01
3.978677344322204590e+01 -2.140307322144508362e+01 -6.672792685218098541e-01
4.110653662681579590e+01 -2.164550486207008362e+01 -6.616792929358723541e-01
4.269296240806579590e+01 -2.201244822144508362e+01 -6.576662314124348541e-01
4.412258887290954590e+01 -2.225329294800758362e+01 -6.508302939124348541e-01
4.570028662681579590e+01 -2.254650583863258362e+01 -6.442690146155598541e-01
4.738064551353454590e+01 -2.286047068238258362e+01 -6.373262655921223541e-01
4.908798193931579590e+01 -2.315014353394508362e+01 -6.292391073889973541e-01
5.117648291587829590e+01 -2.360033884644508362e+01 -6.227693808264973541e-01
4.829769873619079590e+01 -2.654894724488258362e+01 -5.013094198889973541e-01
5.025228857994079590e+01 -2.705126658082008362e+01 -4.892092001624348541e-01
5.216360449790954590e+01 -2.748388376832008362e+01 -4.754152548499348541e-01
7.336373877525329590e+01 -3.874023142457008362e+01 -5.395937216468098541e-01
7.381948828697204590e+01 -3.803466501832008362e+01 -5.090914023108723541e-01
5.842971777915954590e+01 -2.881017771363258362e+01 -4.270601523108723541e-01
7.479812598228454590e+01 -3.665197458863258362e+01 -4.480562460608723541e-01
7.540267920494079590e+01 -3.601818552613258362e+01 -4.177522909827473541e-01
6.270675635337829590e+01 -3.525988474488258362e+01 -2.432222616858723541e-01
7.934078955650329590e+01 -4.423339548707008362e+01 -2.111940634436848541e-01
6.392031836509704590e+01 -3.427856150269508362e+01 -1.913271200843098541e-01
7.531564307212829590e+01 -3.985668650269508362e+01 -1.518221152014973541e-01
7.549832129478454590e+01 -3.897533884644508362e+01 -1.206941855139973541e-01
5.842788672447204590e+01 -2.882189646363258362e+01 -1.234255087561848541e-01
7.755673193931579590e+01 -3.811633005738258362e+01 -5.277731539680985406e-02
7.637747168540954590e+01 -4.353124704957008362e+01 1.637449014000651459e-01
6.447610449790954590e+01 -3.547326365113258362e+01 1.265592324547526459e-01
5.225338721275329590e+01 -2.755895701050758362e+01 7.785317776725264594e-02
5.408987402915954590e+01 -2.790343943238258362e+01 1.098050820641276459e-01
5.597317481040954590e+01 -2.823571482300758362e+01 1.431913125328776459e-01
5.810250830650329590e+01 -2.865954294800758362e+01 1.795224892906901459e-01
6.042263770103454590e+01 -2.913451853394508362e+01 2.187375771813151459e-01
6.292636084556579590e+01 -2.965563669800758362e+01 2.608060586266276459e-01
4.822628760337829590e+01 -2.653869333863258362e+01 2.749204385094401459e-01
5.018179297447204590e+01 -2.704357615113258362e+01 3.125028359703776459e-01
5.220816016197204590e+01 -2.754455271363258362e+01 3.534726846031901459e-01
7.488339209556579590e+01 -3.964611521363258362e+01 6.369962441735026459e-01
7.610671973228454590e+01 -3.934374704957008362e+01 6.780118691735026459e-01
7.681405615806579590e+01 -3.874279490113258362e+01 7.132138955406901459e-01
7.706820654869079590e+01 -3.789306345582008362e+01 7.429380166344401459e-01
6.316537451744079590e+01 -3.557970896363258362e+01 7.714109170250651459e-01
6.472225928306579590e+01 -3.564782419800758362e+01 8.178434121422526459e-01
6.423629736900329590e+01 -3.450390329957008362e+01 8.310727822594401459e-01
7.641696143150329590e+01 -4.052819529175758362e+01 1.058779691439127646e+00
7.599337744712829590e+01 -3.929797068238258362e+01 1.076067899446940146e+00
7.707955908775329590e+01 -3.890246286988258362e+01 1.119402860384440146e+00
7.784139990806579590e+01 -3.831603708863258362e+01 1.157427762728190146e+00
6.321249365806579590e+01 -3.562255564332008362e+01 1.111895536165690146e+00
6.480111670494079590e+01 -3.570898142457008362e+01 1.163622831087565146e+00
6.441390967369079590e+01 -3.462084665894508362e+01 1.174532865267252646e+00
7.634738135337829590e+01 -4.050585642457008362e+01 1.458987210970377646e+00
7.627481055259704590e+01 -3.946984568238258362e+01 1.479723905306315146e+00
7.699575781822204590e+01 -3.887402048707008362e+01 1.518267606478190146e+00
7.814938330650329590e+01 -3.849474802613258362e+01 1.567065213900065146e+00
6.314834570884704590e+01 -3.559801951050758362e+01 1.448153470736002646e+00
7.713442969322204590e+01 -4.301769724488258362e+01 1.842761014681315146e+00
8.106436133384704590e+01 -4.426025095582008362e+01 1.970675443392252646e+00
7.905374121665954590e+01 -4.205138865113258362e+01 1.937029813509440146e+00
7.713778662681579590e+01 -3.996276560425758362e+01 1.904650663118815146e+00
7.702975440025329590e+01 -3.890917673707008362e+01 1.921755765657877646e+00
8.129067969322204590e+01 -4.659118357300758362e+01 2.369799588900065146e+00
7.964651465415954590e+01 -4.452135935425758362e+01 2.336352323275065146e+00
7.862606787681579590e+01 -4.286828318238258362e+01 2.319994901400065146e+00
7.934127783775329590e+01 -4.542956247925758362e+01 2.733859037142252646e+00
7.867440772056579590e+01 -4.291381540894508362e+01 2.739855741243815146e+00
9.049651861190795898e+00 -2.015377908945083618e+00 -7.697420370764973541e-01
9.101958990097045898e+00 -1.929074198007583618e+00 -7.663088095374348541e-01
9.150115728378295898e+00 -1.840573221445083618e+00 -7.628755819983723541e-01
9.198516607284545898e+00 -1.751583963632583618e+00 -7.594118368811848541e-01
9.246856451034545898e+00 -1.662716776132583618e+00 -7.559633505530598541e-01
9.295196294784545898e+00 -1.573849588632583618e+00 -7.525148642249348541e-01
9.343841314315795898e+00 -1.484616190195083618e+00 -7.490511191077473541e-01
9.387969732284545898e+00 -1.393673807382583618e+00 -7.456026327796223541e-01
9.918914556503295898e+00 -2.460690408945083618e+00 -7.701082480139973541e-01
9.972259283065795898e+00 -2.364010721445083618e+00 -7.663393271155598541e-01
1.003079199790954590e+01 -2.269650369882583618e+00 -7.625704062171223541e-01
1.008450293540954590e+01 -2.172360330820083618e+00 -7.587862265296223541e-01
1.013809180259704590e+01 -2.075314432382583618e+00 -7.550020468421223541e-01
1.019174170494079590e+01 -1.978024393320083618e+00 -7.512178671546223541e-01
1.023941016197204590e+01 -1.877560526132583618e+00 -7.473726523108723541e-01
1.028628516197204590e+01 -1.777218729257583618e+00 -7.432375204749348541e-01
1.087319922447204590e+01 -2.949582010507583618e+00 -7.656221640296223541e-01
1.092428565025329590e+01 -2.839962869882583618e+00 -7.611055624671223541e-01
1.097543311119079590e+01 -2.730221658945083618e+00 -7.565889609046223541e-01
1.102682471275329590e+01 -2.620236307382583618e+00 -7.520571005530598541e-01
1.107797217369079590e+01 -2.510617166757583618e+00 -7.475404989905598541e-01
1.112911963462829590e+01 -2.400875955820083618e+00 -7.430238974280598541e-01
1.118045020103454590e+01 -2.290890604257583618e+00 -7.384920370764973541e-01
1.123159766197204590e+01 -2.181271463632583618e+00 -7.339754355139973541e-01
1.209762549400329590e+01 -3.576779276132583618e+00 -7.633943808264973541e-01
1.217227149009704590e+01 -3.463620096445083618e+00 -7.587862265296223541e-01
1.223934912681579590e+01 -3.346188455820083618e+00 -7.541780722327473541e-01
1.230679297447204590e+01 -3.228268533945083618e+00 -7.495546591468098541e-01
1.237411475181579590e+01 -3.110592752695083618e+00 -7.449312460608723541e-01
1.244155859947204590e+01 -2.992672830820083618e+00 -7.403078329749348541e-01
1.250936865806579590e+01 -2.874142557382583618e+00 -7.356539023108723541e-01
1.256900000572204590e+01 -2.752316385507583618e+00 -7.310304892249348541e-01
1.373434424400329590e+01 -4.415158182382583618e+00 -7.640657675452473541e-01
1.381198096275329590e+01 -4.282833963632583618e+00 -7.588472616858723541e-01
1.388967871665954590e+01 -4.150387674570083618e+00 -7.536134970374348541e-01
1.396786475181579590e+01 -4.017208963632583618e+00 -7.483492148108723541e-01
1.404586768150329590e+01 -3.884274393320083618e+00 -7.431154501624348541e-01
1.412405371665954590e+01 -3.751095682382583618e+00 -7.378511679358723541e-01
1.420266699790954590e+01 -3.617184549570083618e+00 -7.325716269202473541e-01
1.427340674400329590e+01 -3.480221658945083618e+00 -7.270174277014973541e-01
1.564108252525329590e+01 -5.391964823007583618e+00 -7.572298300452473541e-01
1.574490332603454590e+01 -5.249020487070083618e+00 -7.512789023108723541e-01
1.583584570884704590e+01 -5.099118143320083618e+00 -7.453127157874348541e-01
1.592733740806579590e+01 -4.948361307382583618e+00 -7.393160116858723541e-01
1.601876807212829590e+01 -4.797726541757583618e+00 -7.333345663733723541e-01
1.611025977134704590e+01 -4.646847635507583618e+00 -7.273378622718098541e-01
1.620230078697204590e+01 -4.495114237070083618e+00 -7.212953818030598541e-01
1.628048682212829590e+01 -4.337643533945083618e+00 -7.152986777014973541e-01
1.827377295494079590e+01 -6.740719705820083618e+00 -7.507448446936848541e-01
1.842526221275329590e+01 -6.588620096445083618e+00 -7.449465048499348541e-01
1.857791113853454590e+01 -6.435421854257583618e+00 -7.391176474280598541e-01
1.873208594322204590e+01 -6.280758768320083618e+00 -7.332124960608723541e-01
1.882839941978454590e+01 -6.098385721445083618e+00 -7.257814657874348541e-01
1.891531348228454590e+01 -5.911618143320083618e+00 -7.180910360999348541e-01
1.900247168540954590e+01 -5.724118143320083618e+00 -7.103853476233723541e-01
1.908926367759704590e+01 -5.537350565195083618e+00 -7.026949179358723541e-01
2.199691748619079590e+01 -8.647946268320083618e+00 -7.427034628577473541e-01
2.220620703697204590e+01 -8.478146463632583618e+00 -7.359285605139973541e-01
2.238601660728454590e+01 -8.291623026132583618e+00 -7.277956259436848541e-01
2.252621436119079590e+01 -8.083371073007583618e+00 -7.192964804358723541e-01
2.266671729087829590e+01 -7.875363260507583618e+00 -7.108125937171223541e-01
2.280758643150329590e+01 -7.666745096445083618e+00 -7.022981894202473541e-01
2.292123389244079590e+01 -7.444332987070083618e+00 -6.937685263343098541e-01
2.306271338462829590e+01 -7.234494119882583618e+00 -6.852083456702473541e-01
2.744082617759704590e+01 -1.143688669800758362e+01 -7.263765585608723541e-01
2.771633887290954590e+01 -1.123229685425758362e+01 -7.174959433264973541e-01
2.820474219322204590e+01 -1.112756052613258362e+01 -7.120638144202473541e-01
2.857138037681579590e+01 -1.095519724488258362e+01 -7.042360556311848541e-01
2.892642188072204590e+01 -1.077294626832008362e+01 -6.960573446936848541e-01
2.913723731040954590e+01 -1.052050486207008362e+01 -6.854219687171223541e-01
2.933224463462829590e+01 -1.025805369019508362e+01 -6.744508993811848541e-01
2.952725195884704590e+01 -9.995480448007583618e+00 -6.634645712561848541e-01
3.605776953697204590e+01 -1.585168161988258362e+01 -6.949739706702473541e-01
3.681521582603454590e+01 -1.577990427613258362e+01 -6.871614706702473541e-01
3.752316260337829590e+01 -1.566967478394508362e+01 -6.782045614905598541e-01
3.806625342369079590e+01 -1.546642771363258362e+01 -6.668367636389973541e-01
3.861801123619079590e+01 -1.526000681519508362e+01 -6.552858603186848541e-01
3.928060889244079590e+01 -1.509435740113258362e+01 -6.445284140296223541e-01
3.979275488853454590e+01 -1.484972849488258362e+01 -6.318025839514973541e-01
4.014883399009704590e+01 -1.453222361207008362e+01 -6.173525107093098541e-01
5.119723486900329590e+01 -2.360876169800758362e+01 -6.228456747718098541e-01
5.318539404869079590e+01 -2.396276560425758362e+01 -6.139192831702473541e-01
5.501858496665954590e+01 -2.419799509644508362e+01 -6.023988974280598541e-01
5.715640234947204590e+01 -2.453674021363258362e+01 -5.913057577796223541e-01
5.874050879478454590e+01 -2.457604685425758362e+01 -5.754518759436848541e-01
6.040316748619079590e+01 -2.461901560425758362e+01 -5.588655722327473541e-01
6.205758643150329590e+01 -2.462267771363258362e+01 -5.409670126624348541e-01
6.366415381431579590e+01 -2.457604685425758362e+01 -5.217714560218098541e-01
7.540664649009704590e+01 -3.601696482300758362e+01 -4.176454794593098541e-01
6.651705908775329590e+01 -3.063439646363258362e+01 -3.680849325843098541e-01
8.987185645103454590e+01 -3.899499216675758362e+01 -3.013277304358723541e-01
6.649771094322204590e+01 -3.063891306519508362e+01 -2.601339938118485406e-02
8.986373877525329590e+01 -3.900988474488258362e+01 1.521024453453776459e-01
6.294375586509704590e+01 -2.966186228394508362e+01 2.610349404625651459e-01
6.617752051353454590e+01 -3.049279490113258362e+01 3.115873086266276459e-01
9.387847661972045898e+00 -1.393185526132583618e+00 -7.455873739905598541e-01
9.435394048690795898e+00 -1.303585916757583618e+00 -7.421236288733723541e-01
9.478545904159545898e+00 -1.211911112070083618e+00 -7.386598837561848541e-01
9.521941900253295898e+00 -1.119748026132583618e+00 -7.351961386389973541e-01
9.565276861190795898e+00 -1.027829080820083618e+00 -7.317323935218098541e-01
9.608611822128295898e+00 -9.357880651950836182e-01 -7.282533896155598541e-01
9.652190923690795898e+00 -8.432587683200836182e-01 -7.247743857093098541e-01
9.691131353378295898e+00 -7.493866980075836182e-01 -7.213106405921223541e-01
1.028616309165954590e+01 -1.776730448007583618e+00 -7.432222616858723541e-01
1.032785010337829590e+01 -1.674191385507583618e+00 -7.391329062171223541e-01
1.037423682212829590e+01 -1.573483377695083618e+00 -7.349977743811848541e-01
1.041616797447204590e+01 -1.470456033945083618e+00 -7.308931601233723541e-01
1.045797705650329590e+01 -1.367672830820083618e+00 -7.268038046546223541e-01
1.049978613853454590e+01 -1.264889627695083618e+00 -7.226991903968098541e-01
1.053707861900329590e+01 -1.160153299570083618e+00 -7.186556112952473541e-01
1.057888770103454590e+01 -1.057370096445083618e+00 -7.145509970374348541e-01
1.123141455650329590e+01 -2.180661112070083618e+00 -7.339449179358723541e-01
1.128445410728454590e+01 -2.071774393320083618e+00 -7.297945273108723541e-01
1.133785986900329590e+01 -1.962643533945083618e+00 -7.256593954749348541e-01
1.139150977134704590e+01 -1.853146463632583618e+00 -7.214937460608723541e-01
1.144509863853454590e+01 -1.743649393320083618e+00 -7.173433554358723541e-01
1.149874854087829590e+01 -1.634030252695083618e+00 -7.131777060218098541e-01
1.155264258384704590e+01 -1.523922830820083618e+00 -7.089815390296223541e-01
1.160647559165954590e+01 -1.413937479257583618e+00 -7.048006308264973541e-01
1.256906104087829590e+01 -2.751950174570083618e+00 -7.309999716468098541e-01
1.263809180259704590e+01 -2.633908182382583618e+00 -7.263460409827473541e-01
1.269924902915954590e+01 -2.512204080820083618e+00 -7.217073691077473541e-01
1.276071143150329590e+01 -2.390011698007583618e+00 -7.170381796546223541e-01
1.282205176353454590e+01 -2.267819315195083618e+00 -7.123689902014973541e-01
1.288357520103454590e+01 -2.145504862070083618e+00 -7.076998007483723541e-01
1.294546484947204590e+01 -2.022457987070083618e+00 -7.030000937171223541e-01
1.299887061119079590e+01 -1.896847635507583618e+00 -6.983614218421223541e-01
1.427322363853454590e+01 -3.479611307382583618e+00 -7.269869101233723541e-01
1.433212256431579590e+01 -3.337399393320083618e+00 -7.213106405921223541e-01
1.439102149009704590e+01 -3.195187479257583618e+00 -7.156191122718098541e-01
1.445016455650329590e+01 -3.052487283945083618e+00 -7.099123251624348541e-01
1.450912451744079590e+01 -2.910153299570083618e+00 -7.042207968421223541e-01
1.456814551353454590e+01 -2.767697244882583618e+00 -6.985292685218098541e-01
1.462734961509704590e+01 -2.624752908945083618e+00 -6.928072226233723541e-01
1.468630957603454590e+01 -2.482174783945083618e+00 -6.871004355139973541e-01
1.628036475181579590e+01 -4.336911112070083618e+00 -7.152681601233723541e-01
1.637814307212829590e+01 -4.187374979257583618e+00 -7.092104208655598541e-01
1.646243262290954590e+01 -4.031613260507583618e+00 -7.031679403968098541e-01
1.654733252525329590e+01 -3.874997049570083618e+00 -6.970949423499348541e-01
1.663217139244079590e+01 -3.718502908945083618e+00 -6.910219443030598541e-01
1.671713232994079590e+01 -3.561520487070083618e+00 -6.849336874671223541e-01
1.680258154869079590e+01 -3.403683573007583618e+00 -6.788149130530598541e-01
1.687368750572204590e+01 -3.240841776132583618e+00 -6.727571737952473541e-01
1.908908057212829590e+01 -5.536496073007583618e+00 -7.026491415686848541e-01
1.916915869712829590e+01 -5.346798807382583618e+00 -6.950350058264973541e-01
1.924929785728454590e+01 -5.156979471445083618e+00 -6.874056112952473541e-01
1.935543799400329590e+01 -4.976315408945083618e+00 -6.803255331702473541e-01
1.945944190025329590e+01 -4.795040994882583618e+00 -6.732149374671223541e-01
1.956362891197204590e+01 -4.613034158945083618e+00 -6.660738241858723541e-01
1.966842627525329590e+01 -4.429928690195083618e+00 -6.588869345374348541e-01
1.977322363853454590e+01 -4.246823221445083618e+00 -6.517000448889973541e-01
2.306259131431579590e+01 -7.233517557382583618e+00 -6.851778280921223541e-01
2.319534277915954590e+01 -7.019162088632583618e+00 -6.766023886389973541e-01
2.335745215415954590e+01 -6.815548807382583618e+00 -6.679201376624348541e-01
2.349191260337829590e+01 -6.598507791757583618e+00 -6.592531454749348541e-01
2.362326025962829590e+01 -6.380246073007583618e+00 -6.505251181311848541e-01
2.377841162681579590e+01 -6.169796854257583618e+00 -6.421633017249348541e-01
2.391506934165954590e+01 -5.950436502695083618e+00 -6.340151083655598541e-01
2.406936621665954590e+01 -5.736935526132583618e+00 -6.255312216468098541e-01
2.952700781822204590e+01 -9.994137674570083618e+00 -6.634035360999348541e-01
2.971371436119079590e+01 -9.726437479257583618e+00 -6.523866903968098541e-01
2.990139746665954590e+01 -9.457394510507583618e+00 -6.413240683264973541e-01
3.009048438072204590e+01 -9.186154276132583618e+00 -6.301546347327473541e-01
3.027981543540954590e+01 -8.914425760507583618e+00 -6.189852011389973541e-01
3.047018408775329590e+01 -8.641354471445083618e+00 -6.077547323889973541e-01
3.066232275962829590e+01 -8.366207987070083618e+00 -5.964174521155598541e-01
3.103256201744079590e+01 -8.152096658945083618e+00 -5.870943319983723541e-01
4.014840674400329590e+01 -1.453039255738258362e+01 -6.172762167639973541e-01
4.044393897056579590e+01 -1.418346872925758362e+01 -6.021852743811848541e-01
4.074209570884704590e+01 -1.383434763550758362e+01 -5.869875204749348541e-01
4.119204688072204590e+01 -1.353991404175758362e+01 -5.728578818030598541e-01
4.168521094322204590e+01 -1.325671091675758362e+01 -5.588503134436848541e-01
4.218722510337829590e+01 -1.296911326050758362e+01 -5.446291220374348541e-01
4.269894385337829590e+01 -1.267577829957008362e+01 -5.301180136389973541e-01
4.348904395103454590e+01 -1.247253122925758362e+01 -5.171633017249348541e-01
6.366940283775329590e+01 -2.457568064332008362e+01 -5.216951620764973541e-01
6.468032813072204590e+01 -2.425024119019508362e+01 -4.988374960608723541e-01
6.571755957603454590e+01 -2.391772165894508362e+01 -4.754457724280598541e-01
6.678213477134704590e+01 -2.357519236207008362e+01 -4.513674032874348541e-01
6.787136816978454590e+01 -2.322607126832008362e+01 -4.268007528968098541e-01
6.958132910728454590e+01 -2.308703318238258362e+01 -4.030275595374348541e-01
7.163357520103454590e+01 -2.303515329957008362e+01 -3.786440146155598541e-01
7.627108740806579590e+01 -2.384191599488258362e+01 -3.569612753577473541e-01
9.691436529159545898e+00 -7.490204870700836182e-01 -7.213106405921223541e-01
9.733916997909545898e+00 -6.562470495700836182e-01 -7.178316366858723541e-01
9.771880865097045898e+00 -5.616425573825836182e-01 -7.143678915686848541e-01
9.810027837753295898e+00 -4.665497839450836182e-01 -7.108736288733723541e-01
9.848174810409545898e+00 -3.717011511325836182e-01 -7.073946249671223541e-01
9.886321783065795898e+00 -2.766083776950836182e-01 -7.039156210608723541e-01
9.924651861190795898e+00 -1.810273230075836182e-01 -7.004213583655598541e-01
9.958282232284545898e+00 -8.446970582008361816e-02 -6.969576132483723541e-01
1.057919287681579590e+01 -1.057003885507583618e+00 -7.145509970374348541e-01
1.061575293540954590e+01 -9.523896276950836182e-01 -7.105226767249348541e-01
1.065719580650329590e+01 -8.491181433200836182e-01 -7.064180624671223541e-01
1.069393897056579590e+01 -7.438935339450836182e-01 -7.023592245764973541e-01
1.073068213462829590e+01 -6.390351355075836182e-01 -6.983156454749348541e-01
1.076748633384704590e+01 -5.339325964450836182e-01 -6.942720663733723541e-01
1.079952979087829590e+01 -4.271210730075836182e-01 -6.902895224280598541e-01
1.083975195884704590e+01 -3.228730261325836182e-01 -6.863832724280598541e-01
1.160702490806579590e+01 -1.413693338632583618e+00 -7.048006308264973541e-01
1.165444922447204590e+01 -1.301144510507583618e+00 -7.006502402014973541e-01
1.170199561119079590e+01 -1.188473612070083618e+00 -6.964845907874348541e-01
1.174984717369079590e+01 -1.075192362070083618e+00 -6.923036825843098541e-01
1.179763770103454590e+01 -9.621552526950836182e-01 -6.881227743811848541e-01
1.184548926353454590e+01 -8.487519323825836182e-01 -6.839266073889973541e-01
1.189584326744079590e+01 -7.354706823825836182e-01 -6.798067343421223541e-01
1.198013281822204590e+01 -6.313447058200836182e-01 -6.769228232093098541e-01
1.299923682212829590e+01 -1.896359354257583618e+00 -6.983461630530598541e-01
1.306228613853454590e+01 -1.773800760507583618e+00 -6.936311972327473541e-01
1.311721777915954590e+01 -1.647946268320083618e+00 -6.889620077796223541e-01
1.317251563072204590e+01 -1.521359354257583618e+00 -6.842623007483723541e-01
1.322775244712829590e+01 -1.395016580820083618e+00 -6.795625937171223541e-01
1.328311133384704590e+01 -1.268429666757583618e+00 -6.748476278968098541e-01
1.333877539634704590e+01 -1.140988260507583618e+00 -6.701174032874348541e-01
1.338577246665954590e+01 -1.011471658945083618e+00 -6.654482138343098541e-01
1.468685889244079590e+01 -2.481808573007583618e+00 -6.871004355139973541e-01
1.473959326744079590e+01 -2.336911112070083618e+00 -6.814699423499348541e-01
1.479244971275329590e+01 -2.191891580820083618e+00 -6.758241903968098541e-01
1.484548926353454590e+01 -2.046261698007583618e+00 -6.701784384436848541e-01
1.489840674400329590e+01 -1.900998026132583618e+00 -6.645326864905598541e-01
1.495144629478454590e+01 -1.755490213632583618e+00 -6.588716757483723541e-01
1.504843115806579590e+01 -1.621701151132583618e+00 -6.544161093421223541e-01
1.515011572837829590e+01 -1.488522440195083618e+00 -6.500673544593098541e-01
1.687454199790954590e+01 -3.240597635507583618e+00 -6.727571737952473541e-01
1.696609473228454590e+01 -3.084469705820083618e+00 -6.665926230139973541e-01
1.704360938072204590e+01 -2.922848612070083618e+00 -6.604891073889973541e-01
1.712167334556579590e+01 -2.760250955820083618e+00 -6.543245566077473541e-01
1.723410010337829590e+01 -2.608029276132583618e+00 -6.489992392249348541e-01
1.738656592369079590e+01 -2.466305643320083618e+00 -6.445589316077473541e-01
1.754281592369079590e+01 -2.322750955820083618e+00 -6.400881064124348541e-01
1.768173193931579590e+01 -2.172848612070083618e+00 -6.356020224280598541e-01
1.977426123619079590e+01 -4.246457010507583618e+00 -6.516847860999348541e-01
1.987039160728454590e+01 -4.059567362070083618e+00 -6.445131552405598541e-01
1.996682715415954590e+01 -3.872067362070083618e+00 -6.373262655921223541e-01
2.009506201744079590e+01 -3.692990213632583618e+00 -6.306886923499348541e-01
2.030545020103454590e+01 -3.538082987070083618e+00 -6.256075155921223541e-01
2.057107520103454590e+01 -3.395871073007583618e+00 -6.214113485999348541e-01
2.084304785728454590e+01 -3.250363260507583618e+00 -6.171236288733723541e-01
2.111972022056579590e+01 -3.102414041757583618e+00 -6.127748739905598541e-01
2.406973242759704590e+01 -5.736203104257583618e+00 -6.255007040686848541e-01
2.421548438072204590e+01 -5.518307596445083618e+00 -6.170168173499348541e-01
2.454244971275329590e+01 -5.357540994882583618e+00 -6.106081259436848541e-01
2.485189795494079590e+01 -5.184811502695083618e+00 -6.042909872718098541e-01
2.511117529869079590e+01 -4.992794901132583618e+00 -5.971040976233723541e-01
2.544912695884704590e+01 -4.819699198007583618e+00 -5.908327353186848541e-01
2.589053320884704590e+01 -4.668942362070083618e+00 -5.863619101233723541e-01
2.643099951744079590e+01 -4.538205057382583618e+00 -5.822572958655598541e-01
3.103683447837829590e+01 -8.152462869882583618e+00 -5.870943319983723541e-01
3.143075537681579590e+01 -7.940304666757583618e+00 -5.779390585608723541e-01
3.175851416587829590e+01 -7.700192362070083618e+00 -5.678377402014973541e-01
3.225234961509704590e+01 -7.505856424570083618e+00 -5.591554892249348541e-01
3.315963721275329590e+01 -7.428952127695083618e+00 -5.541200888343098541e-01
3.399606299400329590e+01 -7.313961893320083618e+00 -5.477724325843098541e-01
3.487332129478454590e+01 -7.193234354257583618e+00 -5.411043417639973541e-01
3.596249365806579590e+01 -7.114376932382583618e+00 -5.356111777014973541e-01
4.349777197837829590e+01 -1.247399607300758362e+01 -5.171633017249348541e-01
4.430606055259704590e+01 -1.226244822144508362e+01 -5.038576376624348541e-01
4.599783301353454590e+01 -1.232262888550758362e+01 -4.949312460608723541e-01
4.808663916587829590e+01 -1.247106638550758362e+01 -4.867220175452473541e-01
4.968118262290954590e+01 -1.242956247925758362e+01 -4.746065390296223541e-01
5.211807227134704590e+01 -1.260216990113258362e+01 -4.649935019202473541e-01
5.509439063072204590e+01 -1.287487497925758362e+01 -4.555940878577473541e-01
5.564340186119079590e+01 -1.243407908082008362e+01 -4.353609335608723541e-01
7.629360938072204590e+01 -2.384679880738258362e+01 -3.569002402014973541e-01
8.243222022056579590e+01 -2.505932322144508362e+01 -3.332948935218098541e-01
8.977926611900329590e+01 -2.653344431519508362e+01 -3.058748495764973541e-01
8.656405615806579590e+01 -2.453832712769508362e+01 -2.688417685218098541e-01
7.625692725181579590e+01 -2.047765818238258362e+01 -2.349214804358723541e-01
6.853842139244079590e+01 -1.740099802613258362e+01 -2.082033407874348541e-01
9.013357520103454590e+01 -2.272582712769508362e+01 -1.636629355139973541e-01
8.227847266197204590e+01 -1.963976755738258362e+01 -1.381197226233723541e-01
7.625070166587829590e+01 -2.049023142457008362e+01 1.298398721031901459e-01
6.853292822837829590e+01 -1.741235056519508362e+01 1.186094033531901459e-01
6.821548438072204590e+01 -1.658312693238258362e+01 1.427182900719401459e-01
6.821578955650329590e+01 -1.585351267457008362e+01 1.682462441735026459e-01
8.681759619712829590e+01 -2.465099802613258362e+01 5.643186318688151459e-01
7.567111182212829590e+01 -2.032922068238258362e+01 4.890622842125651459e-01
6.714596533775329590e+01 -1.702026072144508362e+01 4.316282021813151459e-01
6.072537207603454590e+01 -1.448962107300758362e+01 3.912076699547526459e-01
5.552755713462829590e+01 -1.243395701050758362e+01 3.573331582360026459e-01
9.036715674400329590e+01 -2.479723826050758362e+01 1.064944242220377646e+00
8.022976660728454590e+01 -2.085619822144508362e+01 9.468106972985026459e-01
6.850118994712829590e+01 -1.668920603394508362e+01 7.974881875328776459e-01
6.824935889244079590e+01 -1.588818064332008362e+01 8.172330605797526459e-01
9.033096289634704590e+01 -2.480346384644508362e+01 1.496676419954752646e+00
7.986080908775329590e+01 -2.076354685425758362e+01 1.322344754915690146e+00
6.851071143150329590e+01 -1.670470896363258362e+01 1.123431180696940146e+00
6.822756934165954590e+01 -1.589513865113258362e+01 1.142107938509440146e+00
9.034280371665954590e+01 -2.482433786988258362e+01 1.931582425814127646e+00
8.020608496665954590e+01 -2.087963572144508362e+01 1.713778470736002646e+00
6.842050147056579590e+01 -1.669225779175758362e+01 1.448779081087565146e+00
6.813833594322204590e+01 -1.588366404175758362e+01 1.463366483431315146e+00
9.039114356040954590e+01 -2.485619822144508362e+01 2.365359281282877646e+00
7.992599463462829590e+01 -2.081286326050758362e+01 2.088305448275065146e+00
6.839480566978454590e+01 -1.669787302613258362e+01 1.773440335970377646e+00
6.820400977134704590e+01 -1.591430369019508362e+01 1.790148709993815146e+00
9.047463965415954590e+01 -2.489880076050758362e+01 2.803149198275065146e+00
7.990377783775329590e+01 -2.082153025269508362e+01 2.470980619173502646e+00
6.838235449790954590e+01 -1.670727244019508362e+01 2.100085233431315146e+00
6.820858740806579590e+01 -1.592821970582008362e+01 2.113741849642252646e+00
9.048861670494079590e+01 -2.492016306519508362e+01 3.236773465853190146e+00
8.052749609947204590e+01 -2.101940622925758362e+01 2.876406644564127646e+00
6.822567725181579590e+01 -1.594567576050758362e+01 2.439639066439127646e+00
9.042153906822204590e+01 -2.491711130738258362e+01 3.669390653353190146e+00
8.009530615806579590e+01 -2.090795603394508362e+01 3.243990873079752646e+00
6.824948096275329590e+01 -1.596496286988258362e+01 2.766009305696940146e+00
