-1.572988140583038330e+01 -4.474446117877960205e+00 -2.527722539380192757e-01
-1.567360699176788330e+01 -4.594929516315460205e+00 -2.470654668286442757e-01
-1.561391460895538330e+01 -4.714192211627960205e+00 -2.416180791333317757e-01
-1.555410015583038330e+01 -4.833454906940460205e+00 -2.361706914380192757e-01
-1.228041851520538330e+01 -4.015339672565460205e+00 -9.928409475833177567e-02
-1.223366558551788330e+01 -4.108479321002960205e+00 -9.501163382083177567e-02
-1.220900738239288330e+01 -4.207844555377960205e+00 -9.165470022708177567e-02
-1.175197613239288330e+01 -4.169514477252960205e+00 -7.116214651614427567e-02
-1.754494488239288330e+01 -4.935627758502960205e+00 -2.471417607739567757e-01
-1.791188824176788330e+01 -5.184162914752960205e+00 -2.571057500317692757e-01
-1.811269390583038330e+01 -5.394490063190460205e+00 -2.608288945630192757e-01
-1.832643902301788330e+01 -5.613240063190460205e+00 -2.644452275708317757e-01
-1.849941265583038330e+01 -5.824299633502960205e+00 -2.669476689770817757e-01
-1.872365581989288330e+01 -6.055256664752960205e+00 -2.716626347973942757e-01
-1.900307476520538330e+01 -6.307453930377960205e+00 -2.777814092114567757e-01
-1.175222027301788330e+01 -4.167683422565460205e+00 -1.647464651614427567e-02
-1.872719585895538330e+01 -5.234700024127960205e+00 -2.038983525708317757e-01
-1.886074078083038330e+01 -5.431843578815460205e+00 -2.041882695630192757e-01
-1.905483257770538330e+01 -5.648762524127960205e+00 -2.063397588208317757e-01
-1.962294781208038330e+01 -5.975910961627960205e+00 -2.201642217114567757e-01
-1.989675152301788330e+01 -6.227986156940460205e+00 -2.245129765942692757e-01
-1.998000347614288330e+01 -6.429035961627960205e+00 -2.227734746411442757e-01
-2.057778179645538330e+01 -6.791096508502960205e+00 -2.368878545239567757e-01
-1.175246441364288330e+01 -4.165852367877960205e+00 3.821285348385572433e-02
-1.978224956989288330e+01 -5.500813305377960205e+00 -1.464032353833317757e-01
-2.010805523395538330e+01 -5.758137524127960205e+00 -1.503705205395817757e-01
-2.044118511676788330e+01 -6.024006664752960205e+00 -1.548413457348942757e-01
-2.084194195270538330e+01 -6.316365063190460205e+00 -1.609448613598942757e-01
-2.120327007770538330e+01 -6.604573071002960205e+00 -1.657971562817692757e-01
-2.151515972614288330e+01 -6.886189281940460205e+00 -1.691540898755192757e-01
-2.199672710895538330e+01 -7.226033031940460205e+00 -1.767682256177067757e-01
-1.175283062458038330e+01 -4.163899242877960205e+00 9.262569528073072433e-02
-2.051552593708038330e+01 -5.684529125690460205e+00 -7.111637014895677567e-02
-2.080593121051788330e+01 -5.938923656940460205e+00 -7.284061331301927567e-02
-2.147951519489288330e+01 -6.303791821002960205e+00 -8.292667288333177567e-02
-2.168129742145538330e+01 -6.549397289752960205e+00 -8.225528616458177567e-02
-2.202785503864288330e+01 -6.840779125690460205e+00 -8.463565725833177567e-02
-2.264833843708038330e+01 -7.222248852252960205e+00 -9.269229788333177567e-02
-2.284999859333038330e+01 -7.485798656940460205e+00 -9.153262991458177567e-02
-1.175307476520538330e+01 -4.162068188190460205e+00 1.473131952807307243e-01
-2.144680035114288330e+01 -5.918537914752960205e+00 7.039147429168224335e-03
-2.185158550739288330e+01 -6.211262524127960205e+00 5.665856413543224335e-03
-2.206032574176788330e+01 -6.458576977252960205e+00 7.420617155730724335e-03
-2.265993511676788330e+01 -6.821247875690460205e+00 2.583581022918224335e-03
-2.312856304645538330e+01 -7.156941235065460205e+00 2.795038744807243347e-04
-2.354921734333038330e+01 -7.488240063190460205e+00 -9.259404614567756653e-04
-2.403176128864288330e+01 -7.846760571002960205e+00 -2.924841828644275665e-03
-1.175344097614288330e+01 -4.160237133502960205e+00 2.017260370776057243e-01
-2.218520367145538330e+01 -6.103108227252960205e+00 9.711177926510572433e-02
-2.260451519489288330e+01 -6.406086742877960205e+00 9.735591989010572433e-02
-2.303530132770538330e+01 -6.720539867877960205e+00 9.770687203854322433e-02
-2.342848980426788330e+01 -7.033772289752960205e+00 9.880550485104322433e-02
-2.382875835895538330e+01 -7.356404125690460205e+00 1.000262079760432243e-01
-2.423281109333038330e+01 -7.689045727252960205e+00 1.014757929369807243e-01
-2.454689800739288330e+01 -8.001545727252960205e+00 1.041918573901057243e-01
-1.175368511676788330e+01 -4.158406078815460205e+00 2.564135370776057243e-01
-2.275405132770538330e+01 -6.244221508502960205e+00 1.950579462572932243e-01
-2.313368999958038330e+01 -6.541706860065460205e+00 1.980181513354182243e-01
-2.349074566364288330e+01 -6.840779125690460205e+00 2.019854364916682243e-01
-2.395949566364288330e+01 -7.179158031940460205e+00 2.047625361010432243e-01
-2.436598980426788330e+01 -7.508259594440460205e+00 2.082720575854182243e-01
-2.461415874958038330e+01 -7.799031078815460205e+00 2.131853876635432243e-01
-2.527919781208038330e+01 -8.223225414752960205e+00 2.147570429369807243e-01
-1.175405132770538330e+01 -4.156575024127960205e+00 3.108111200854182243e-01
-2.323500835895538330e+01 -6.362873852252960205e+00 2.993059931322932243e-01
-2.354433453083038330e+01 -6.645954906940460205e+00 3.046923456713557243e-01
-2.384755718708038330e+01 -6.933918774127960205e+00 3.103228388354182243e-01
-2.447219097614288330e+01 -7.319294750690460205e+00 3.152361689135432243e-01
-2.467922222614288330e+01 -7.595051586627960205e+00 3.216296015307307243e-01
-2.521535503864288330e+01 -7.974812328815460205e+00 3.274126825854182243e-01
-2.563039410114288330e+01 -8.327229321002960205e+00 3.337755976244807243e-01
-2.580629742145538330e+01 -8.612385571002960205e+00 3.408404169604182243e-01
-2.359780132770538330e+01 -6.451252758502960205e+00 4.073992548510432243e-01
-2.381447613239288330e+01 -6.713093578815460205e+00 4.145098505541682243e-01
-2.451039898395538330e+01 -7.110188305377960205e+00 4.225207148119807243e-01
-2.474514019489288330e+01 -7.391926586627960205e+00 4.301501093432307243e-01
-2.499953472614288330e+01 -7.683796703815460205e+00 4.379778681322932243e-01
-2.567934429645538330e+01 -8.109211742877960205e+00 4.470568476244807243e-01
-2.588539898395538330e+01 -8.401326000690460205e+00 4.552508173510432243e-01
-2.644985210895538330e+01 -8.812092602252960205e+00 4.647112665697932243e-01
-2.387001812458038330e+01 -6.516438305377960205e+00 5.190020380541682243e-01
-2.445302593708038330e+01 -6.877034008502960205e+00 5.296831903979182243e-01
-2.481179058551788330e+01 -7.188069164752960205e+00 5.393420038744807243e-01
-2.502577984333038330e+01 -7.466511547565460205e+00 5.483294306322932243e-01
-2.561574566364288330e+01 -7.858113110065460205e+00 5.600634394213557243e-01
-2.596584331989288330e+01 -8.190510571002960205e+00 5.705004511401057243e-01
-2.618251812458038330e+01 -8.488484203815460205e+00 5.801440058276057243e-01
-2.672841656208038330e+01 -8.895832836627960205e+00 5.925646601244807243e-01
-9.416282773017883301e+00 -2.843464672565460205e+00 4.790697870776057243e-01
-9.629173398017883301e+00 -2.978962719440460205e+00 4.842119989916682243e-01
-9.859275937080383301e+00 -3.123127758502960205e+00 4.896899042651057243e-01
-1.010305035114288330e+01 -3.275959789752960205e+00 4.955035028979182243e-01
-1.036013042926788330e+01 -3.437214672565460205e+00 5.016222773119807243e-01
-1.063368999958038330e+01 -3.608601391315460205e+00 5.081377802416682243e-01
-1.092299664020538330e+01 -3.790119946002960205e+00 5.150347528979182243e-01
-1.123073589801788330e+01 -3.982991039752960205e+00 5.223589716479182243e-01
-9.278709530830383301e+00 -2.807087719440460205e+00 5.196581659838557243e-01
-9.490501523017883301e+00 -2.940876781940460205e+00 5.258532343432307243e-01
-9.713890194892883301e+00 -3.082112133502960205e+00 5.321551142260432243e-01
-9.949852108955383301e+00 -3.231404125690460205e+00 5.390520868822932243e-01
-1.019838726520538330e+01 -3.388752758502960205e+00 5.463152704760432243e-01
-1.046242535114288330e+01 -3.555867016315460205e+00 5.540362177416682243e-01
-1.074062359333038330e+01 -3.732258617877960205e+00 5.624438105151057243e-01
-1.103713238239288330e+01 -3.919880688190460205e+00 5.711260614916682243e-01
-9.205955624580383301e+00 -2.787190258502960205e+00 5.600176630541682243e-01
-9.438499569892883301e+00 -2.925740063190460205e+00 5.677080927416682243e-01
-9.680687069892883301e+00 -3.071492016315460205e+00 5.757647333666682243e-01
-9.938499569892883301e+00 -3.226643383502960205e+00 5.843401728197932243e-01
-1.021132671833038330e+01 -3.390827953815460205e+00 5.934191523119807243e-01
-1.050283062458038330e+01 -3.566120922565460205e+00 6.031237421557307243e-01
-1.081264507770538330e+01 -3.752522289752960205e+00 6.134386835619807243e-01
-1.114369976520538330e+01 -3.951741039752960205e+00 6.244555292651057243e-01
-9.314842343330383301e+00 -2.813313305377960205e+00 6.043749628588557243e-01
-9.547874569892883301e+00 -2.952961742877960205e+00 6.130877314135432243e-01
-9.796409726142883301e+00 -3.101277172565460205e+00 6.226092157885432243e-01
-1.006105816364288330e+01 -3.259358227252960205e+00 6.327257929369807243e-01
-1.033181011676788330e+01 -3.423909008502960205e+00 6.432085810229182243e-01
-1.059340679645538330e+01 -3.591511547565460205e+00 6.536608515307307243e-01
-1.086965191364288330e+01 -3.768269360065460205e+00 6.647082148119807243e-01
-1.116176617145538330e+01 -3.955647289752960205e+00 6.766711054369807243e-01
-9.312889218330383301e+00 -2.811238110065460205e+00 6.462908564135432243e-01
-9.516990780830383301e+00 -2.943318188190460205e+00 6.555834589526057243e-01
-9.732689023017883301e+00 -3.082478344440460205e+00 6.653796015307307243e-01
-9.960594296455383301e+00 -3.229573071002960205e+00 6.757250605151057243e-01
-1.020046246051788330e+01 -3.384358227252960205e+00 6.866198359057307243e-01
-1.045473492145538330e+01 -3.548420727252960205e+00 6.981707392260432243e-01
-1.072292339801788330e+01 -3.721516430377960205e+00 7.103625116869807243e-01
-1.100722515583038330e+01 -3.904988110065460205e+00 7.232714472338557243e-01
-9.203758358955383301e+00 -2.782185375690460205e+00 6.847430048510432243e-01
-9.407615780830383301e+00 -2.913166821002960205e+00 6.948290644213557243e-01
-9.617698788642883301e+00 -3.049763500690460205e+00 7.055102167651057243e-01
-9.887230038642883301e+00 -3.207478344440460205e+00 7.184801874682307243e-01
-1.017617046833038330e+01 -3.375691235065460205e+00 7.323504267260432243e-01
-1.048598492145538330e+01 -3.555989086627960205e+00 7.472124872729182243e-01
-1.081642925739288330e+01 -3.748371899127960205e+00 7.630663691088557243e-01
-1.117226421833038330e+01 -3.955281078815460205e+00 7.804156122729182243e-01
-9.248924374580383301e+00 -2.792195141315460205e+00 7.279406366869807243e-01
-9.498680233955383301e+00 -2.935505688190460205e+00 7.411242304369807243e-01
-9.761741757392883301e+00 -3.087239086627960205e+00 7.550555048510432243e-01
-1.004299175739288330e+01 -3.249348461627960205e+00 7.699328241869807243e-01
-1.034194195270538330e+01 -3.421833813190460205e+00 7.857561884447932243e-01
-2.412368023395538330e+01 -7.611897289752960205e+00 1.351750451140105724e+00
-2.403456890583038330e+01 -7.799031078815460205e+00 1.357411461882293224e+00
-2.899465191364288330e+01 -9.579548656940460205e+00 1.572957116179168224e+00
-9.389549374580383301e+00 -2.826252758502960205e+00 7.759447870776057243e-01
-2.516298687458038330e+01 -7.030476391315460205e+00 1.473301964811980724e+00
-2.707363140583038330e+01 -7.766682446002960205e+00 1.567936974577605724e+00
-2.726833355426788330e+01 -8.059773266315460205e+00 1.586644249968230724e+00
-2.246523296833038330e+01 -6.915486156940460205e+00 1.380498009733855724e+00
-2.409731304645538330e+01 -7.600056469440460205e+00 1.464390831999480724e+00
-2.404970562458038330e+01 -7.799641430377960205e+00 1.471776085905730724e+00
-2.850881206989288330e+01 -9.421345531940460205e+00 1.688313561491668224e+00
-2.401039898395538330e+01 -6.516560375690460205e+00 1.525242882780730724e+00
-2.704763042926788330e+01 -7.518879711627960205e+00 1.682210045866668224e+00
-2.402248394489288330e+01 -6.937702953815460205e+00 1.544453698210418224e+00
-2.392751324176788330e+01 -7.122395336627960205e+00 1.549473839811980724e+00
-2.826943218708038330e+01 -8.584309399127960205e+00 1.776051598601043224e+00
-2.820998394489288330e+01 -8.818196117877960205e+00 1.784642296843230724e+00
-2.406472027301788330e+01 -7.800251781940460205e+00 1.585682946257293224e+00
-2.839492046833038330e+01 -9.380574047565460205e+00 1.818013268522918224e+00
-1.175173199176788330e+01 -4.169758617877960205e+00 -7.114688772708177567e-02
-1.170619976520538330e+01 -4.258503735065460205e+00 -6.699649710208177567e-02
-1.224477398395538330e+01 -4.543904125690460205e+00 -8.648197073489427567e-02
-1.227590191364288330e+01 -4.664387524127960205e+00 -8.556644339114427567e-02
-1.230715191364288330e+01 -4.785847485065460205e+00 -8.463565725833177567e-02
-1.233889019489288330e+01 -4.909138500690460205e+00 -8.370487112551927567e-02
-1.237087261676788330e+01 -5.033406078815460205e+00 -8.275882620364427567e-02
-1.239577496051788330e+01 -5.156086742877960205e+00 -8.181278128176927567e-02
-1.175197613239288330e+01 -4.167927563190460205e+00 -1.645938772708177567e-02
-1.169948589801788330e+01 -4.254353344440460205e+00 -1.241580862551927567e-02
-1.407289898395538330e+01 -5.157551586627960205e+00 -9.354679007083177567e-02
-1.391493999958038330e+01 -5.229573071002960205e+00 -8.500186819583177567e-02
-1.373952496051788330e+01 -5.292927563190460205e+00 -7.625858206301927567e-02
-1.361244976520538330e+01 -5.371662914752960205e+00 -6.959049124270677567e-02
-1.362783062458038330e+01 -5.501667797565460205e+00 -6.748477835208177567e-02
-1.364321148395538330e+01 -5.632649242877960205e+00 -6.537906546145677567e-02
-1.175222027301788330e+01 -4.166096508502960205e+00 3.824337106198072433e-02
-1.169899761676788330e+01 -4.252278149127960205e+00 4.221065621823072433e-02
-2.092128765583038330e+01 -7.460652172565460205e+00 -2.343854131177067757e-01
-2.083950054645538330e+01 -7.622761547565460205e+00 -2.276257695630192757e-01
-2.075820171833038330e+01 -7.784016430377960205e+00 -2.208966435864567757e-01
-2.173696148395538330e+01 -8.331990063190460205e+00 -2.455548467114567757e-01
-1.412673199176788330e+01 -5.685993969440460205e+00 -1.726810354739427567e-02
-1.518422710895538330e+01 -6.221394360065460205e+00 -4.519168753176927567e-02
-1.175258648395538330e+01 -4.164143383502960205e+00 9.264095406979322433e-02
-1.169924175739288330e+01 -4.250325024127960205e+00 9.679134469479322433e-02
-2.320705425739288330e+01 -8.226277172565460205e+00 -1.928509892895817757e-01
-2.350051128864288330e+01 -8.539265453815460205e+00 -1.951092900708317757e-01
-2.367726910114288330e+01 -8.816975414752960205e+00 -1.943310918286442757e-01
-2.448329937458038330e+01 -9.329182446002960205e+00 -2.089795293286442757e-01
-1.412709820270538330e+01 -5.683674633502960205e+00 5.005367379635572433e-02
-2.471999371051788330e+01 -9.874592602252960205e+00 -2.043713750317692757e-01
-1.175283062458038330e+01 -4.162312328815460205e+00 1.473284540697932243e-01
-1.169960796833038330e+01 -4.248493969440460205e+00 1.510973749682307243e-01
-2.407521831989288330e+01 -8.514241039752960205e+00 -1.006116094067692757e-01
-2.482888042926788330e+01 -8.994343578815460205e+00 -1.102856816723942757e-01
-2.509792339801788330e+01 -9.317097485065460205e+00 -1.098431767895817757e-01
-2.559804546833038330e+01 -9.731159985065460205e+00 -1.138104619458317757e-01
-1.412746441364288330e+01 -5.681355297565460205e+00 1.170244989916682243e-01
-2.614028179645538330e+01 -1.041463166475296021e+01 -1.121014775708317757e-01
-1.175319683551788330e+01 -4.160481274127960205e+00 2.017412958666682243e-01
-1.169985210895538330e+01 -4.246662914752960205e+00 2.056933222338557243e-01
-2.531923687458038330e+01 -8.928303539752960205e+00 -5.244177766144275665e-03
-2.572512066364288330e+01 -9.299763500690460205e+00 -5.228918977081775665e-03
-2.612221539020538330e+01 -9.676106274127960205e+00 -4.862708039581775665e-03
-2.648171246051788330e+01 -1.004842072725296021e+01 -3.657263703644275665e-03
-1.412783062458038330e+01 -5.679158031940460205e+00 1.843462763354182243e-01
-2.725173199176788330e+01 -1.083577424287796021e+01 -2.085608430206775665e-03
-1.175344097614288330e+01 -4.158650219440460205e+00 2.564287958666682243e-01
-1.170009624958038330e+01 -4.244831860065460205e+00 2.599993525072932243e-01
-2.583559429645538330e+01 -9.097492992877960205e+00 1.094256220385432243e-01
-2.633119976520538330e+01 -9.504475414752960205e+00 1.109515009447932243e-01
-2.655934917926788330e+01 -9.826618969440460205e+00 1.155138788744807243e-01
-2.708229839801788330e+01 -1.026253205537796021e+01 1.172991571947932243e-01
-1.412819683551788330e+01 -5.676838696002960205e+00 2.513018427416682243e-01
-2.761440289020538330e+01 -1.096980744600296021e+01 1.266833124682307243e-01
-1.175368511676788330e+01 -4.156819164752960205e+00 3.108263788744807243e-01
-1.170046246051788330e+01 -4.243000805377960205e+00 3.142901239916682243e-01
-2.648464214801788330e+01 -9.310993969440460205e+00 2.289477167651057243e-01
-2.663893902301788330e+01 -9.606159985065460205e+00 2.353869257494807243e-01
-2.704079449176788330e+01 -9.992634594440460205e+00 2.405749140307307243e-01
-2.754018414020538330e+01 -1.042439728975296021e+01 2.455492792651057243e-01
-1.412856304645538330e+01 -5.674519360065460205e+00 3.182726679369807243e-01
-2.843410503864288330e+01 -1.127864533662796021e+01 2.561999140307307243e-01
-1.175405132770538330e+01 -4.154866039752960205e+00 3.655291376635432243e-01
-1.170070660114288330e+01 -4.241169750690460205e+00 3.688860712572932243e-01
-2.671657574176788330e+01 -9.384358227252960205e+00 3.545733271166682243e-01
-2.687429058551788330e+01 -9.682820141315460205e+00 3.621874628588557243e-01
-2.762429058551788330e+01 -1.019466096162796021e+01 3.695574579760432243e-01
-2.778676617145538330e+01 -1.050923615694046021e+01 3.776293573901057243e-01
-1.412892925739288330e+01 -5.672322094440460205e+00 3.855944452807307243e-01
-2.871706402301788330e+01 -1.138191682100296021e+01 3.943224726244807243e-01
-2.645253765583038330e+01 -8.813679516315460205e+00 4.647417841479182243e-01
-1.170107281208038330e+01 -4.239338696002960205e+00 4.231921015307307243e-01
-2.695278179645538330e+01 -9.458943188190460205e+00 4.824572382494807243e-01
-2.755922710895538330e+01 -9.914387524127960205e+00 4.930468378588557243e-01
-2.787184917926788330e+01 -1.027754670381546021e+01 5.027819452807307243e-01
-2.808559429645538330e+01 -1.061311799287796021e+01 5.123339472338557243e-01
-1.412929546833038330e+01 -5.670002758502960205e+00 4.525652704760432243e-01
-2.899257671833038330e+01 -1.148225861787796021e+01 5.344439325854182243e-01
-2.673098003864288330e+01 -8.897419750690460205e+00 5.926104364916682243e-01
-1.170131695270538330e+01 -4.237385571002960205e+00 4.777880487963557243e-01
-2.747121441364288330e+01 -9.628132641315460205e+00 6.156969843432307243e-01
-2.786965191364288330e+01 -1.001656037569046021e+01 6.279497919604182243e-01
-2.812514507770538330e+01 -1.036238557100296021e+01 6.391802607104182243e-01
-2.869252789020538330e+01 -1.082869416475296021e+01 6.535998163744807243e-01
-1.412966167926788330e+01 -5.667683422565460205e+00 5.198870478197932243e-01
-2.970790874958038330e+01 -1.175056916475296021e+01 6.824694452807307243e-01
-1.123293316364288330e+01 -3.984089672565460205e+00 5.224047480151057243e-01
-1.156105816364288330e+01 -4.189778149127960205e+00 5.302630243822932243e-01
-1.190261089801788330e+01 -4.406575024127960205e+00 5.385332880541682243e-01
-1.225576031208038330e+01 -4.634724438190460205e+00 5.472307978197932243e-01
-1.263222515583038330e+01 -4.878010571002960205e+00 5.565081415697932243e-01
-1.303737652301788330e+01 -5.139729321002960205e+00 5.664873896166682243e-01
-1.347145855426788330e+01 -5.420124828815460205e+00 5.771685419604182243e-01
-1.393923199176788330e+01 -5.722370922565460205e+00 5.886889277026057243e-01
-1.103932964801788330e+01 -3.920857250690460205e+00 5.711870966479182243e-01
-1.135500347614288330e+01 -4.120808422565460205e+00 5.804796991869807243e-01
-1.170681011676788330e+01 -4.339070141315460205e+00 5.903979120776057243e-01
-1.208205425739288330e+01 -4.572956860065460205e+00 6.013079462572932243e-01
-1.248207867145538330e+01 -4.822834789752960205e+00 6.129656611010432243e-01
-1.291469585895538330e+01 -5.092976391315460205e+00 6.255541620776057243e-01
-1.338185894489288330e+01 -5.384480297565460205e+00 6.395006952807307243e-01
-1.388710796833038330e+01 -5.700032055377960205e+00 6.542254267260432243e-01
-1.114614117145538330e+01 -3.952839672565460205e+00 6.245165644213557243e-01
-1.150136578083038330e+01 -4.166462719440460205e+00 6.364336786791682243e-01
-1.172170269489288330e+01 -4.342121899127960205e+00 6.455126581713557243e-01
-1.226039898395538330e+01 -4.632283031940460205e+00 6.622362909838557243e-01
-1.267360699176788330e+01 -4.888386547565460205e+00 6.763811884447932243e-01
-1.308217632770538330e+01 -5.151570141315460205e+00 6.907702265307307243e-01
-1.350380718708038330e+01 -5.427571117877960205e+00 7.057848749682307243e-01
-1.395729839801788330e+01 -5.724446117877960205e+00 7.219439325854182243e-01
-1.116396343708038330e+01 -3.956623852252960205e+00 6.767473993822932243e-01
-1.147621929645538330e+01 -4.156452953815460205e+00 6.890612421557307243e-01
-1.172194683551788330e+01 -4.340290844440460205e+00 7.000628290697932243e-01
-1.213906109333038330e+01 -4.588459789752960205e+00 7.161150751635432243e-01
-1.249440777301788330e+01 -4.822956860065460205e+00 7.307482538744807243e-01
-1.287563335895538330e+01 -5.074421703815460205e+00 7.464342890307307243e-01
-1.328285992145538330e+01 -5.343098461627960205e+00 7.631884394213557243e-01
-1.380776226520538330e+01 -5.664997875690460205e+00 7.841387568041682243e-01
-1.100942242145538330e+01 -3.905964672565460205e+00 7.233629999682307243e-01
-1.134719097614288330e+01 -4.112507641315460205e+00 7.383776484057307243e-01
-1.174428570270538330e+01 -4.345784008502960205e+00 7.556200800463557243e-01
-1.214540874958038330e+01 -4.588581860065460205e+00 7.733660517260432243e-01
-1.257729351520538330e+01 -4.850056469440460205e+00 7.924547968432307243e-01
-1.304677593708038330e+01 -5.134236156940460205e+00 8.132067499682307243e-01
-1.355532085895538330e+01 -5.442097485065460205e+00 8.356676874682307243e-01
-3.208950054645538330e+01 -1.263264924287796021e+01 1.484211998991668224e+00
-1.117482769489288330e+01 -3.956379711627960205e+00 7.805224237963557243e-01
-1.155654156208038330e+01 -4.178669750690460205e+00 7.987414179369807243e-01
-2.926943218708038330e+01 -1.020113068819046021e+01 1.468388634733855724e+00
-3.006276714801788330e+01 -1.074129182100296021e+01 1.510243493132293224e+00
-3.039589703083038330e+01 -1.113448029756546021e+01 1.535130578093230724e+00
-3.121791851520538330e+01 -1.171358186006546021e+01 1.579350548796355724e+00
-3.163723003864288330e+01 -1.215926057100296021e+01 1.608494835905730724e+00
-3.242385113239288330e+01 -1.275435334444046021e+01 1.653447228483855724e+00
-2.900246441364288330e+01 -9.582844555377960205e+00 1.573323327116668224e+00
-2.926332867145538330e+01 -9.928913891315460205e+00 1.596135216765105724e+00
-2.988381206989288330e+01 -1.040132600069046021e+01 1.634480553679168224e+00
-3.039443218708038330e+01 -1.084993439912796021e+01 1.668751793913543224e+00
-3.121450054645538330e+01 -1.141792756319046021e+01 1.716878014616668224e+00
-3.163002789020538330e+01 -1.185738068819046021e+01 1.748143273405730724e+00
-3.241738140583038330e+01 -1.244356232881546021e+01 1.796208458952605724e+00
-3.306972515583038330e+01 -1.299483186006546021e+01 1.839009362272918224e+00
-2.850978863239288330e+01 -9.422566235065460205e+00 1.688389855436980724e+00
-2.942934429645538330e+01 -9.977742016315460205e+00 1.743504601530730724e+00
-3.039186871051788330e+01 -1.056575471162796021e+01 1.801503258757293224e+00
-3.095717632770538330e+01 -1.103780061006546021e+01 1.840718346647918224e+00
-3.161660015583038330e+01 -1.155428010225296021e+01 1.885762291960418224e+00
-3.235414898395538330e+01 -1.211385041475296021e+01 1.936146813444793224e+00
-3.315285503864288330e+01 -1.271089631319046021e+01 1.989384728483855724e+00
-3.403017437458038330e+01 -1.335469514131546021e+01 2.047307091765105724e+00
-2.839650738239288330e+01 -9.381916821002960205e+00 1.818135338835418224e+00
-2.950344097614288330e+01 -9.996907055377960205e+00 1.886967736296355724e+00
-3.095046246051788330e+01 -1.074702912569046021e+01 1.975300866179168224e+00
-3.167543804645538330e+01 -1.127888947725296021e+01 2.027104455046355724e+00
-3.265346539020538330e+01 -1.191402131319046021e+01 2.093007165007293224e+00
-3.346926128864288330e+01 -1.251167756319046021e+01 2.151265221647918224e+00
-3.405300152301788330e+01 -1.303914338350296021e+01 2.197789269499480724e+00
-3.531020367145538330e+01 -1.383577424287796021e+01 2.282445031218230724e+00
-1.239614117145538330e+01 -5.156697094440460205e+00 -8.182804007083177567e-02
-1.237221539020538330e+01 -5.261433422565460205e+00 -7.860843557864427567e-02
-1.234230816364288330e+01 -5.364094555377960205e+00 -7.548038382083177567e-02
-1.231227886676788330e+01 -5.467366039752960205e+00 -7.233707327395677567e-02
-1.228224956989288330e+01 -5.570393383502960205e+00 -6.919376272708177567e-02
-1.225209820270538330e+01 -5.674031078815460205e+00 -6.601993460208177567e-02
-1.222194683551788330e+01 -5.777424633502960205e+00 -6.286136526614427567e-02
-1.218569195270538330e+01 -5.878254711627960205e+00 -5.979434866458177567e-02
-1.364333355426788330e+01 -5.633137524127960205e+00 -6.536380667239427567e-02
-1.365334331989288330e+01 -5.763142406940460205e+00 -6.331912893801927567e-02
-1.366335308551788330e+01 -5.894245922565460205e+00 -6.124393362551927567e-02
-1.368080914020538330e+01 -6.029866039752960205e+00 -5.903140921145677567e-02
-1.368862164020538330e+01 -6.162190258502960205e+00 -5.684940237551927567e-02
-1.363881695270538330e+01 -6.271199047565460205e+00 -5.306522268801927567e-02
-1.359535992145538330e+01 -6.382405102252960205e+00 -4.915897268801927567e-02
-1.355190289020538330e+01 -6.493733227252960205e+00 -4.523746389895677567e-02
-1.518447124958038330e+01 -6.222004711627960205e+00 -4.519168753176927567e-02
-1.523122417926788330e+01 -6.381184399127960205e+00 -4.362003225833177567e-02
-1.527858746051788330e+01 -6.542439281940460205e+00 -4.203311819583177567e-02
-1.532680523395538330e+01 -6.706379711627960205e+00 -4.043094534426927567e-02
-1.537551128864288330e+01 -6.872029125690460205e+00 -3.879825491458177567e-02
-1.542494976520538330e+01 -7.040364086627960205e+00 -3.713504690676927567e-02
-1.544765484333038330e+01 -7.198567211627960205e+00 -3.469364065676927567e-02
-1.538796246051788330e+01 -7.320881664752960205e+00 -2.993289846926927567e-02
-2.472097027301788330e+01 -9.875813305377960205e+00 -2.043713750317692757e-01
-2.538918316364288330e+01 -1.037007600069046021e+01 -2.145795049145817757e-01
-2.550246441364288330e+01 -1.065535432100296021e+01 -2.118786992505192757e-01
-1.778139507770538330e+01 -7.715534985065460205e+00 -2.414981741458177567e-02
-1.643886578083038330e+01 -7.317951977252960205e+00 1.105220895260572433e-02
-1.761074078083038330e+01 -7.981648266315460205e+00 -1.253787893801927567e-02
-1.752602398395538330e+01 -8.113728344440460205e+00 -6.770056672394275665e-03
-1.747084820270538330e+01 -8.258869946002960205e+00 -2.146643586456775665e-03
-2.614089214801788330e+01 -1.041560822725296021e+01 -1.120862187817692757e-01
-2.668202984333038330e+01 -1.087337189912796021e+01 -1.164807500317692757e-01
-2.694020855426788330e+01 -1.122945100069046021e+01 -1.152295293286442757e-01
-2.698915874958038330e+01 -1.150679475069046021e+01 -1.098889531567692757e-01
-1.643080914020538330e+01 -7.311726391315460205e+00 9.079464059323072433e-02
-2.779482281208038330e+01 -1.237447053194046021e+01 -1.119031133130192757e-01
-2.783730328083038330e+01 -1.266341096162796021e+01 -1.060895146802067757e-01
-1.879116070270538330e+01 -8.851887524127960205e+00 6.056697946041822433e-02
-2.725441753864288330e+01 -1.083772736787796021e+01 -2.100867219269275665e-03
-2.763808453083038330e+01 -1.124409943819046021e+01 -1.630010083317756653e-04
-2.804848492145538330e+01 -1.167036896944046021e+01 9.356318041682243347e-04
-2.846352398395538330e+01 -1.210933381319046021e+01 2.247887663543224335e-03
-1.643129742145538330e+01 -7.309040844440460205e+00 1.707659540697932243e-01
-2.950600445270538330e+01 -1.310786896944046021e+01 2.842980436980724335e-03
-3.023744976520538330e+01 -1.371773225069046021e+01 8.898554369807243347e-04
-1.879164898395538330e+01 -8.848713696002960205e+00 1.528063593432307243e-01
-2.761574566364288330e+01 -1.097127228975296021e+01 1.266985712572932243e-01
-2.824221050739288330e+01 -1.147627717256546021e+01 1.281176386401057243e-01
-2.854763042926788330e+01 -1.186616975069046021e+01 1.328020868822932243e-01
-2.934645855426788330e+01 -1.246785432100296021e+01 1.334429560229182243e-01
-1.643178570270538330e+01 -7.306355297565460205e+00 2.503100214526057243e-01
-3.051503765583038330e+01 -1.353780061006546021e+01 1.396380243822932243e-01
-3.070168316364288330e+01 -1.391707307100296021e+01 1.464434443041682243e-01
-1.879213726520538330e+01 -8.845539867877960205e+00 2.455340204760432243e-01
-2.843740093708038330e+01 -1.128084260225296021e+01 2.562151728197932243e-01
-2.863246929645538330e+01 -1.162447053194046021e+01 2.632647333666682243e-01
-2.952541363239288330e+01 -1.225398713350296021e+01 2.684374628588557243e-01
-2.971950542926788330e+01 -1.261616975069046021e+01 2.760668573901057243e-01
-1.643215191364288330e+01 -7.303669750690460205e+00 3.302813349291682243e-01
-3.082656109333038330e+01 -1.366658478975296021e+01 2.895403681322932243e-01
-3.172560894489288330e+01 -1.436311799287796021e+01 2.950182734057307243e-01
-1.879262554645538330e+01 -8.842366039752960205e+00 3.377581415697932243e-01
-2.871865093708038330e+01 -1.138350373506546021e+01 3.943529902026057243e-01
-2.946425640583038330e+01 -1.194551545381546021e+01 4.032641230151057243e-01
-2.982509624958038330e+01 -1.236922150850296021e+01 4.123431025072932243e-01
-3.061818706989288330e+01 -1.298054963350296021e+01 4.222613153979182243e-01
-1.643264019489288330e+01 -7.300984203815460205e+00 4.098254023119807243e-01
-3.180251324176788330e+01 -1.408162385225296021e+01 4.429522333666682243e-01
-3.203102886676788330e+01 -1.449202424287796021e+01 4.531603632494807243e-01
-1.879311382770538330e+01 -8.839314281940460205e+00 4.305010614916682243e-01
-2.899404156208038330e+01 -1.148384553194046021e+01 5.344744501635432243e-01
-2.988356792926788330e+01 -1.210469514131546021e+01 5.484209833666682243e-01
-3.013088238239288330e+01 -1.248677521944046021e+01 5.592394648119807243e-01
-3.106740581989288330e+01 -1.315987092256546021e+01 5.745592890307307243e-01
-1.643300640583038330e+01 -7.298176586627960205e+00 4.893694696947932243e-01
-3.217397320270538330e+01 -1.423592072725296021e+01 6.019640741869807243e-01
-3.277956402301788330e+01 -1.481612092256546021e+01 6.166735468432307243e-01
-1.879360210895538330e+01 -8.836140453815460205e+00 5.227251825854182243e-01
-2.971230328083038330e+01 -1.175325471162796021e+01 6.825457392260432243e-01
-3.024001324176788330e+01 -1.223909455537796021e+01 6.978197870776057243e-01
-3.090908062458038330e+01 -1.279365998506546021e+01 7.150469599291682243e-01
-3.152016460895538330e+01 -1.334041291475296021e+01 7.321825800463557243e-01
-1.643349468708038330e+01 -7.295491039752960205e+00 5.693407831713557243e-01
-3.267604839801788330e+01 -1.444636994600296021e+01 7.670946894213557243e-01
-3.323464214801788330e+01 -1.501057893037796021e+01 7.849932489916682243e-01
-1.879409039020538330e+01 -8.832966625690460205e+00 6.154681025072932243e-01
-1.394277203083038330e+01 -5.724079906940460205e+00 5.887652216479182243e-01
-1.442433941364288330e+01 -6.041462719440460205e+00 6.008959589526057243e-01
-1.492897808551788330e+01 -6.378254711627960205e+00 6.137743769213557243e-01
-1.547719585895538330e+01 -6.744099438190460205e+00 6.277666864916682243e-01
-1.607070171833038330e+01 -7.140095531940460205e+00 6.429034052416682243e-01
-1.669765484333038330e+01 -7.563679516315460205e+00 6.590777216479182243e-01
-1.733412945270538330e+01 -8.004353344440460205e+00 6.759081659838557243e-01
-1.802736675739288330e+01 -8.484455883502960205e+00 6.942339716479182243e-01
-1.389089214801788330e+01 -5.701863110065460205e+00 6.543169794604182243e-01
-1.441591656208038330e+01 -6.035725414752960205e+00 6.699267206713557243e-01
-1.496413433551788330e+01 -6.389729321002960205e+00 6.860705194994807243e-01
-1.556508648395538330e+01 -6.777424633502960205e+00 7.041369257494807243e-01
-1.622011578083038330e+01 -7.200032055377960205e+00 7.238360224291682243e-01
-1.689748394489288330e+01 -7.646687328815460205e+00 7.445727167651057243e-01
-1.756459820270538330e+01 -8.102742016315460205e+00 7.660723505541682243e-01
-1.825612652301788330e+01 -8.584065258502960205e+00 7.882433710619807243e-01
-1.396071636676788330e+01 -5.726155102252960205e+00 7.220354853197932243e-01
-1.442617046833038330e+01 -6.037190258502960205e+00 7.389879999682307243e-01
-1.491396343708038330e+01 -6.367024242877960205e+00 7.568865595385432243e-01
-1.544252789020538330e+01 -6.724324047565460205e+00 7.762957392260432243e-01
-1.601308453083038330e+01 -7.110188305377960205e+00 7.972460566088557243e-01
-1.662123882770538330e+01 -7.524861156940460205e+00 8.197222528979182243e-01
-1.734096539020538330e+01 -8.001179516315460205e+00 8.457384882494807243e-01
-1.813368999958038330e+01 -8.525837719440460205e+00 8.743792353197932243e-01
-1.381166851520538330e+01 -5.666951000690460205e+00 7.842760859057307243e-01
-1.436782085895538330e+01 -6.011921703815460205e+00 8.060503778979182243e-01
-1.494765484333038330e+01 -6.377888500690460205e+00 8.293963251635432243e-01
-1.558461773395538330e+01 -6.779988110065460205e+00 8.550463495776057243e-01
-1.628261578083038330e+01 -7.220661938190460205e+00 8.831530390307307243e-01
-3.445973980426788330e+01 -1.518977814912796021e+01 1.467930871061980724e+00
-3.529225933551788330e+01 -1.589143830537796021e+01 1.508839684538543224e+00
-3.500783550739288330e+01 -1.610982209444046021e+01 1.515019494108855724e+00
-3.209243023395538330e+01 -1.263472443819046021e+01 1.484364586882293224e+00
-3.243227398395538330e+01 -1.306929475069046021e+01 1.509495812468230724e+00
-3.328078472614288330e+01 -1.371614533662796021e+01 1.553074914030730724e+00
-3.397145855426788330e+01 -1.431782990694046021e+01 1.591847497038543224e+00
-3.450234234333038330e+01 -1.486690217256546021e+01 1.625432091765105724e+00
-3.452675640583038330e+01 -1.521223908662796021e+01 1.640980797819793224e+00
-3.393373882770538330e+01 -1.528792268037796021e+01 1.633595543913543224e+00
-3.550746929645538330e+01 -1.632808381319046021e+01 1.707463341765105724e+00
-3.242665874958038330e+01 -1.275655061006546021e+01 1.653615075163543224e+00
-3.327150738239288330e+01 -1.339143830537796021e+01 1.700474816374480724e+00
-3.383986675739288330e+01 -1.393404084444046021e+01 1.737813073210418224e+00
-3.456813824176788330e+01 -1.455635529756546021e+01 1.782353478483855724e+00
-3.535219585895538330e+01 -1.521748811006546021e+01 1.829884606413543224e+00
-3.597902691364288330e+01 -1.582979279756546021e+01 1.871708947233855724e+00
-3.374684917926788330e+01 -1.519978791475296021e+01 1.793339806608855724e+00
-3.577053081989288330e+01 -1.643977814912796021e+01 1.895772057585418224e+00
-3.307509624958038330e+01 -1.299788361787796021e+01 1.839299279265105724e+00
-3.382192242145538330e+01 -1.360054475069046021e+01 1.887593346647918224e+00
-3.468434917926788330e+01 -1.426582795381546021e+01 1.941914635710418224e+00
-3.508840191364288330e+01 -1.476338654756546021e+01 1.976170617155730724e+00
-3.515261089801788330e+01 -1.512740021944046021e+01 1.995076256804168224e+00
-3.555019390583038330e+01 -1.563924103975296021e+01 2.029820519499480724e+00
-3.376796734333038330e+01 -1.520296174287796021e+01 1.961903649382293224e+00
-3.659011089801788330e+01 -1.680147248506546021e+01 2.112340050749480724e+00
-3.403701031208038330e+01 -1.335835725069046021e+01 2.047703820280730724e+00
-3.498635113239288330e+01 -1.404903107881546021e+01 2.110814171843230724e+00
-3.585976421833038330e+01 -1.472969514131546021e+01 2.171086388640105724e+00
-3.501784527301788330e+01 -1.472835236787796021e+01 2.144169884733855724e+00
-3.495632183551788330e+01 -1.503889924287796021e+01 2.157506066374480724e+00
-3.356203472614288330e+01 -1.477974396944046021e+01 2.102788048796355724e+00
-3.378908550739288330e+01 -1.520613557100296021e+01 2.130696373991668224e+00
-3.660158550739288330e+01 -1.679988557100296021e+01 2.295445519499480724e+00
-3.531545269489288330e+01 -1.383894807100296021e+01 2.282795983366668224e+00
-3.612368023395538330e+01 -1.448653107881546021e+01 2.343098717741668224e+00
-3.562722027301788330e+01 -1.463045197725296021e+01 2.333012658171355724e+00
-3.738332378864288330e+01 -1.569051057100296021e+01 2.448384362272918224e+00
-3.525148785114288330e+01 -1.515633088350296021e+01 2.346577721647918224e+00
-3.522426617145538330e+01 -1.548677521944046021e+01 2.362401085905730724e+00
-3.316103374958038330e+01 -1.492439728975296021e+01 2.261571007780730724e+00
-3.322597515583038330e+01 -1.527852326631546021e+01 2.282719689421355724e+00
-1.218569195270538330e+01 -5.878742992877960205e+00 -5.977908987551927567e-02
-1.213967144489288330e+01 -5.975300610065460205e+00 -5.597965139895677567e-02
-1.208242046833038330e+01 -6.066487133502960205e+00 -5.205814260989427567e-02
-1.202492535114288330e+01 -6.157795727252960205e+00 -4.813663382083177567e-02
-1.200209820270538330e+01 -6.265583813190460205e+00 -4.551212210208177567e-02
-1.197866070270538330e+01 -6.373982250690460205e+00 -4.284183401614427567e-02
-1.195522320270538330e+01 -6.482502758502960205e+00 -4.018680471926927567e-02
-1.192409527301788330e+01 -6.587361156940460205e+00 -3.754703421145677567e-02
-1.355178081989288330e+01 -6.494099438190460205e+00 -4.522220510989427567e-02
-1.350356304645538330e+01 -6.603352367877960205e+00 -4.142276663333177567e-02
-1.345534527301788330e+01 -6.712605297565460205e+00 -3.762332815676927567e-02
-1.340541851520538330e+01 -6.821492016315460205e+00 -3.341190237551927567e-02
-1.333998882770538330e+01 -6.922566235065460205e+00 -2.906314749270677567e-02
-1.327138531208038330e+01 -7.022053539752960205e+00 -2.494327444583177567e-02
-1.323293316364288330e+01 -7.136311352252960205e+00 -2.146427053958177567e-02
-1.321083843708038330e+01 -7.259358227252960205e+00 -1.847354788333177567e-02
-1.538796246051788330e+01 -7.321369946002960205e+00 -2.991763968020677567e-02
-1.532424175739288330e+01 -7.441853344440460205e+00 -2.532474417239427567e-02
-1.526052105426788330e+01 -7.562214672565460205e+00 -2.073184866458177567e-02
-1.519667828083038330e+01 -7.682942211627960205e+00 -1.612369436770677567e-02
-1.513307964801788330e+01 -7.803181469440460205e+00 -1.154605764895677567e-02
-1.506923687458038330e+01 -7.923664867877960205e+00 -6.937903352081775665e-03
-1.500563824176788330e+01 -8.043782055377960205e+00 -2.360266633331775665e-03
-1.494423687458038330e+01 -8.164875805377960205e+00 2.171593718230724335e-03
-1.747084820270538330e+01 -8.259480297565460205e+00 -2.131384797394275665e-03
-1.744826519489288330e+01 -8.419758617877960205e+00 2.400475554168224335e-03
-1.740749371051788330e+01 -8.572468578815460205e+00 6.917077116668224335e-03
-1.736244976520538330e+01 -8.724079906940460205e+00 1.154049020260572433e-02
-1.731740581989288330e+01 -8.875691235065460205e+00 1.616390328854322433e-02
-1.727211773395538330e+01 -9.028279125690460205e+00 2.081783395260572433e-02
-1.722695171833038330e+01 -9.180744946002960205e+00 2.547176461666822433e-02
-1.716896831989288330e+01 -9.327107250690460205e+00 2.994258981198072433e-02
-1.879067242145538330e+01 -8.852253735065460205e+00 6.058223824948072433e-02
-2.091896831989288330e+01 -1.001851350069046021e+01 2.765377145260572433e-02
-2.063539898395538330e+01 -1.009163361787796021e+01 3.728206735104322433e-02
-2.034902203083038330e+01 -1.015999299287796021e+01 4.689510446041822433e-02
-2.031020367145538330e+01 -1.034529572725296021e+01 5.223568063229322433e-02
-2.027077496051788330e+01 -1.053181916475296021e+01 5.762203317135572433e-02
-2.023122417926788330e+01 -1.071846467256546021e+01 6.300838571041822433e-02
-2.019155132770538330e+01 -1.090596467256546021e+01 6.842525582760572433e-02
-1.879116070270538330e+01 -8.849201977252960205e+00 1.528216181322932243e-01
-3.140480816364288330e+01 -1.485225373506546021e+01 1.622277311980724335e-03
-3.188149273395538330e+01 -1.538972932100296021e+01 3.651696257293224335e-03
-2.107277691364288330e+01 -1.050484162569046021e+01 1.401110468432307243e-01
-2.447304546833038330e+01 -1.238924103975296021e+01 1.058703241869807243e-01
-2.447170269489288330e+01 -1.263826447725296021e+01 1.121111689135432243e-01
-2.448561871051788330e+01 -1.289607697725296021e+01 1.182146845385432243e-01
-2.448207867145538330e+01 -1.314717561006546021e+01 1.239062128588557243e-01
-1.879164898395538330e+01 -8.846028149127960205e+00 2.455492792651057243e-01
-3.231130230426788330e+01 -1.526460725069046021e+01 1.511889277026057243e-01
-3.257790386676788330e+01 -1.571199494600296021e+01 1.579943476244807243e-01
-2.107338726520538330e+01 -1.050130158662796021e+01 2.450609980151057243e-01
-3.357253277301788330e+01 -1.685921174287796021e+01 1.692553339526057243e-01
-3.423024761676788330e+01 -1.753340607881546021e+01 1.744433222338557243e-01
-3.456801617145538330e+01 -1.805904084444046021e+01 1.819353876635432243e-01
-3.512575542926788330e+01 -1.870967561006546021e+01 1.884508905932307243e-01
-1.879213726520538330e+01 -8.842854321002960205e+00 3.377886591479182243e-01
-3.272512066364288330e+01 -1.544942170381546021e+01 3.110400019213557243e-01
-3.357057964801788330e+01 -1.617366486787796021e+01 3.196764765307307243e-01
-2.107387554645538330e+01 -1.049776154756546021e+01 3.505755243822932243e-01
-3.452346050739288330e+01 -1.732051545381546021e+01 3.380175409838557243e-01
-3.470558941364288330e+01 -1.776558381319046021e+01 3.480883417651057243e-01
-3.541860210895538330e+01 -1.848836213350296021e+01 3.569231806322932243e-01
-3.564943706989288330e+01 -1.897688752412796021e+01 3.674670038744807243e-01
-1.879274761676788330e+01 -8.839680492877960205e+00 4.305163202807307243e-01
-3.324965679645538330e+01 -1.568513947725296021e+01 4.762163935229182243e-01
-3.388723003864288330e+01 -1.631660920381546021e+01 4.884539423510432243e-01
-2.107448589801788330e+01 -1.049409943819046021e+01 4.555254755541682243e-01
-3.484072124958038330e+01 -1.746992951631546021e+01 5.132342157885432243e-01
-3.557802593708038330e+01 -1.819685822725296021e+01 5.272723017260432243e-01
-3.578127300739288330e+01 -1.866743928194046021e+01 5.395251093432307243e-01
-3.633827984333038330e+01 -1.933015900850296021e+01 5.536547480151057243e-01
-1.879323589801788330e+01 -8.836628735065460205e+00 5.227557001635432243e-01
-3.391750347614288330e+01 -1.598677521944046021e+01 6.469469843432307243e-01
-3.447011578083038330e+01 -1.658479768037796021e+01 6.626025019213557243e-01
-2.107497417926788330e+01 -1.049055939912796021e+01 5.604754267260432243e-01
-3.550331890583038330e+01 -1.778889924287796021e+01 6.947069941088557243e-01
-3.591115581989288330e+01 -1.835738068819046021e+01 7.104540644213557243e-01
-3.640444195270538330e+01 -1.897981721162796021e+01 7.273455439135432243e-01
-3.660170757770538330e+01 -1.946089631319046021e+01 7.417650995776057243e-01
-1.879372417926788330e+01 -8.833454906940460205e+00 6.154833612963557243e-01
-3.437062847614288330e+01 -1.618916779756546021e+01 8.225451288744807243e-01
-3.489528667926788330e+01 -1.677852326631546021e+01 8.414812861010432243e-01
-2.107558453083038330e+01 -1.048701936006546021e+01 6.659899530932307243e-01
-3.594973003864288330e+01 -1.800154572725296021e+01 8.808947382494807243e-01
-3.636989605426788330e+01 -1.858064728975296021e+01 8.998156366869807243e-01
-3.620192730426788330e+01 -1.886934357881546021e+01 9.104662714526057243e-01
-3.663478863239288330e+01 -1.947127228975296021e+01 9.301501093432307243e-01
-1.803261578083038330e+01 -8.487385571002960205e+00 6.943407831713557243e-01
-1.884645855426788330e+01 -9.038166821002960205e+00 7.154589472338557243e-01
-1.962856304645538330e+01 -9.591877758502960205e+00 7.366534052416682243e-01
-2.049050152301788330e+01 -1.020198518037796021e+01 7.599993525072932243e-01
-2.138930523395538330e+01 -1.084883576631546021e+01 7.847491083666682243e-01
-2.223049175739288330e+01 -1.148787385225296021e+01 8.091479120776057243e-01
-2.314662945270538330e+01 -1.218367463350296021e+01 8.357134638354182243e-01
-2.397182476520538330e+01 -1.285323029756546021e+01 8.612414179369807243e-01
-1.826125347614288330e+01 -8.587117016315460205e+00 7.883807001635432243e-01
-1.899550640583038330e+01 -9.103352367877960205e+00 8.122454462572932243e-01
-1.972023785114288330e+01 -9.631428539752960205e+00 8.359728632494807243e-01
-2.051088726520538330e+01 -1.020808869600296021e+01 8.624468622729182243e-01
-2.133962261676788330e+01 -1.082051545381546021e+01 8.905077753588557243e-01
-2.211440289020538330e+01 -1.142549592256546021e+01 9.180041132494807243e-01
-2.300600445270538330e+01 -1.210750275850296021e+01 9.496966181322932243e-01
-2.387087261676788330e+01 -1.279610139131546021e+01 9.809313593432307243e-01
-1.813967144489288330e+01 -8.529133617877960205e+00 8.745775995776057243e-01
-1.899440777301788330e+01 -9.099446117877960205e+00 9.058123407885432243e-01
-1.983010113239288330e+01 -9.679524242877960205e+00 9.372759638354182243e-01
-3.689260113239288330e+01 -1.807014924287796021e+01 1.437932091765105724e+00
-3.699782574176788330e+01 -1.849556428194046021e+01 1.456349450163543224e+00
-3.633107769489288330e+01 -1.854085236787796021e+01 1.452107506804168224e+00
-3.844777691364288330e+01 -1.999702912569046021e+01 1.531270104460418224e+00
-3.675319683551788330e+01 -1.951240998506546021e+01 1.495854455046355724e+00
-3.500966656208038330e+01 -1.611189728975296021e+01 1.515126305632293224e+00
-3.636110699176788330e+01 -1.707918244600296021e+01 1.573796349577605724e+00
-3.701015484333038330e+01 -1.774654084444046021e+01 1.611149865202605724e+00
-3.573818218708038330e+01 -1.750923615694046021e+01 1.584034997038543224e+00
-3.546596539020538330e+01 -1.773775178194046021e+01 1.590260582976043224e+00
-3.573683941364288330e+01 -1.823665314912796021e+01 1.615346032194793224e+00
-3.668239605426788330e+01 -1.908772736787796021e+01 1.664555626921355724e+00
-3.688307964801788330e+01 -1.957320100069046021e+01 1.689137536101043224e+00
-3.550844585895538330e+01 -1.632967072725296021e+01 1.707554894499480724e+00
-3.610195171833038330e+01 -1.695345002412796021e+01 1.746022301726043224e+00
-3.626564800739288330e+01 -1.739009553194046021e+01 1.768559533171355724e+00
-3.669264996051788330e+01 -1.796065217256546021e+01 1.801716881804168224e+00
-3.846938335895538330e+01 -1.920296174287796021e+01 1.888691979460418224e+00
-3.598317730426788330e+01 -1.835335236787796021e+01 1.807057457976043224e+00
-3.658608257770538330e+01 -1.903169709444046021e+01 1.848134118132293224e+00
-3.700478374958038330e+01 -1.962971955537796021e+01 1.882390099577605724e+00
-3.577126324176788330e+01 -1.644136506319046021e+01 1.895848351530730724e+00
-3.746767437458038330e+01 -1.757417756319046021e+01 1.984822350554168224e+00
-3.570632183551788330e+01 -1.712093049287796021e+01 1.925511437468230724e+00
-3.545400249958038330e+01 -1.735982209444046021e+01 1.931309777311980724e+00
-3.560683453083038330e+01 -1.779365998506546021e+01 1.955037194304168224e+00
-3.602870953083038330e+01 -1.836934357881546021e+01 1.991231041960418224e+00
-3.620302593708038330e+01 -1.882918244600296021e+01 2.016636925749480724e+00
-4.288478863239288330e+01 -2.268697053194046021e+01 2.343510705046355724e+00
-3.659096539020538330e+01 -1.680305939912796021e+01 2.112446862272918224e+00
-3.702736675739288330e+01 -1.736519318819046021e+01 2.151265221647918224e+00
-3.795412456989288330e+01 -1.816914826631546021e+01 2.214558678679168224e+00
-3.579702007770538330e+01 -1.751778107881546021e+01 2.127125817351043224e+00
-4.108315289020538330e+01 -2.046858674287796021e+01 2.407918053679168224e+00
-4.219680035114288330e+01 -2.144698029756546021e+01 2.484578209929168224e+00
-3.694704449176788330e+01 -1.920222932100296021e+01 2.239399987272918224e+00
-4.373915874958038330e+01 -2.312398225069046021e+01 2.606572228483855724e+00
-3.660231792926788330e+01 -1.680147248506546021e+01 2.295552331022918224e+00
-3.348293316364288330e+01 -1.573177033662796021e+01 2.147725182585418224e+00
-4.068581402301788330e+01 -1.944331818819046021e+01 2.552525597624480724e+00
-4.154604351520538330e+01 -2.026631623506546021e+01 2.619160729460418224e+00
-3.579494488239288330e+01 -1.787251740694046021e+01 2.325230675749480724e+00
-3.579225933551788330e+01 -1.823775178194046021e+01 2.344792443327605724e+00
-3.698732769489288330e+01 -1.921577912569046021e+01 2.430470543913543224e+00
-4.448586285114288330e+01 -2.350459748506546021e+01 2.873601037077605724e+00
-3.322267925739288330e+01 -1.527815705537796021e+01 2.282582360319793224e+00
-3.325905621051788330e+01 -1.562288361787796021e+01 2.301259118132293224e+00
-3.663027203083038330e+01 -1.753450471162796021e+01 2.517384606413543224e+00
-4.277639019489288330e+01 -2.084798127412796021e+01 2.902302819304168224e+00
-3.554164898395538330e+01 -1.774190217256546021e+01 2.491414147429168224e+00
-3.564003765583038330e+01 -1.815511018037796021e+01 2.516697960905730724e+00
-3.701674664020538330e+01 -1.922395783662796021e+01 2.620289879851043224e+00
-4.516774761676788330e+01 -2.385115510225296021e+01 3.144368248991668224e+00
-1.192409527301788330e+01 -6.587727367877960205e+00 -3.754703421145677567e-02
-1.190163433551788330e+01 -6.697712719440460205e+00 -3.486148733645677567e-02
-1.185915386676788330e+01 -6.797444164752960205e+00 -3.174869436770677567e-02
-1.181764996051788330e+01 -6.898274242877960205e+00 -2.866641897708177567e-02
-1.177626812458038330e+01 -6.998982250690460205e+00 -2.559940237551927567e-02
-1.173452007770538330e+01 -7.100300610065460205e+00 -2.250186819583177567e-02
-1.169973003864288330e+01 -7.205403149127960205e+00 -1.966373343020677567e-02
-1.166713726520538330e+01 -7.312336742877960205e+00 -1.722232718020677567e-02
-1.321083843708038330e+01 -7.259846508502960205e+00 -1.847354788333177567e-02
-1.318618023395538330e+01 -7.382283031940460205e+00 -1.568118948489427567e-02
-1.316127789020538330e+01 -7.505329906940460205e+00 -1.285831350833177567e-02
-1.314431011676788330e+01 -7.633869946002960205e+00 -9.913367219269275665e-03
-1.311916363239288330e+01 -7.758381664752960205e+00 -7.075232453644275665e-03
-1.308559429645538330e+01 -7.879231274127960205e+00 -4.313391633331775665e-03
-1.306020367145538330e+01 -8.004841625690460205e+00 -1.429480500519275665e-03
-1.303456890583038330e+01 -8.131306469440460205e+00 1.454430632293224335e-03
-1.494435894489288330e+01 -8.165486156940460205e+00 2.171593718230724335e-03
-1.492140972614288330e+01 -8.307209789752960205e+00 5.406456999480724335e-03
-1.444387066364288330e+01 -8.202107250690460205e+00 2.051265817135572433e-02
-1.445180523395538330e+01 -8.358479321002960205e+00 2.290828805416822433e-02
-1.481630718708038330e+01 -8.718098461627960205e+00 1.617916207760572433e-02
-1.475649273395538330e+01 -8.842488110065460205e+00 2.043636422604322433e-02
-1.469680035114288330e+01 -8.966511547565460205e+00 2.467830758541822433e-02
-1.463698589801788330e+01 -9.090657055377960205e+00 2.892025094479322433e-02
-1.716896831989288330e+01 -9.327717602252960205e+00 2.994258981198072433e-02
-1.712856304645538330e+01 -9.483601391315460205e+00 3.470333199948072433e-02
-1.435158550739288330e+01 -8.149006664752960205e+00 9.592159371823072433e-02
-1.450148785114288330e+01 -8.383259594440460205e+00 9.576900582760572433e-02
-1.696877300739288330e+01 -9.935139477252960205e+00 4.848201852291822433e-02
-1.666139996051788330e+01 -9.940144360065460205e+00 5.823238473385572433e-02
-1.687929546833038330e+01 -1.024886018037796021e+01 5.737789254635572433e-02
-1.684621441364288330e+01 -1.041353303194046021e+01 6.114681344479322433e-02
-2.019155132770538330e+01 -1.090669709444046021e+01 6.844051461666822433e-02
-2.014479839801788330e+01 -1.109138947725296021e+01 7.372005563229322433e-02
-1.430910503864288330e+01 -8.123249828815460205e+00 1.691942987963557243e-01
-1.460085308551788330e+01 -8.435871899127960205e+00 1.679735956713557243e-01
-2.010805523395538330e+01 -1.171028596162796021e+01 8.812435250729322433e-02
-1.655495464801788330e+01 -9.875569164752960205e+00 1.456652460619807243e-01
-1.672280132770538330e+01 -1.015352326631546021e+01 1.470843134447932243e-01
-1.981887066364288330e+01 -1.219356232881546021e+01 1.065111933276057243e-01
-2.448244488239288330e+01 -1.314815217256546021e+01 1.239214716479182243e-01
-2.447646343708038330e+01 -1.340010529756546021e+01 1.307574091479182243e-01
-1.428688824176788330e+01 -8.108479321002960205e+00 2.422076044604182243e-01
-1.442604839801788330e+01 -8.336018383502960205e+00 2.443896112963557243e-01
-1.429348003864288330e+01 -8.413533031940460205e+00 2.493487177416682243e-01
-1.419509136676788330e+01 -8.509846508502960205e+00 2.539416132494807243e-01
-1.409999859333038330e+01 -8.606770336627960205e+00 2.584887323901057243e-01
-1.408229839801788330e+01 -8.749470531940460205e+00 2.619219599291682243e-01
-3.512990581989288330e+01 -1.871309357881546021e+01 1.884508905932307243e-01
-2.552773296833038330e+01 -1.395662385225296021e+01 2.499132929369807243e-01
-1.385109722614288330e+01 -7.868489086627960205e+00 3.167010126635432243e-01
-1.371572124958038330e+01 -7.938923656940460205e+00 3.211565790697932243e-01
-1.361122906208038330e+01 -8.024617016315460205e+00 3.254290400072932243e-01
-1.351906597614288330e+01 -8.116902172565460205e+00 3.296252069994807243e-01
-1.343605816364288330e+01 -8.213459789752960205e+00 3.337603388354182243e-01
-1.335720074176788330e+01 -8.312092602252960205e+00 3.378649530932307243e-01
-3.565163433551788330e+01 -1.897932893037796021e+01 3.674975214526057243e-01
-1.431056988239288330e+01 -7.967488110065460205e+00 3.825274286791682243e-01
-1.381911480426788330e+01 -7.848591625690460205e+00 3.870592890307307243e-01
-1.369216167926788330e+01 -7.923176586627960205e+00 3.911333857104182243e-01
-1.359120953083038330e+01 -8.010701000690460205e+00 3.951617060229182243e-01
-1.349526226520538330e+01 -8.100544750690460205e+00 3.991900263354182243e-01
-1.341323101520538330e+01 -8.197468578815460205e+00 4.028368769213557243e-01
-1.333412945270538330e+01 -8.295735180377960205e+00 4.068346796557307243e-01
-3.634206402301788330e+01 -1.933345490694046021e+01 5.537005243822932243e-01
-1.429091656208038330e+01 -7.954304516315460205e+00 4.548540888354182243e-01
-1.380336773395538330e+01 -7.837361156940460205e+00 4.568072138354182243e-01
-1.367824566364288330e+01 -7.912922680377960205e+00 4.605303583666682243e-01
-1.357314312458038330e+01 -7.997883617877960205e+00 4.643297968432307243e-01
-1.347975933551788330e+01 -8.089070141315460205e+00 4.681902704760432243e-01
-1.339516460895538330e+01 -8.184284985065460205e+00 4.720660028979182243e-01
-1.331520855426788330e+01 -8.281819164752960205e+00 4.759569941088557243e-01
-3.660366070270538330e+01 -1.946321564912796021e+01 7.418261347338557243e-01
-1.430861675739288330e+01 -7.961140453815460205e+00 5.269823847338557243e-01
-1.379702007770538330e+01 -7.831379711627960205e+00 5.264635859057307243e-01
-1.367604839801788330e+01 -7.909138500690460205e+00 5.299120722338557243e-01
-1.357265484333038330e+01 -7.995076000690460205e+00 5.334978876635432243e-01
-1.349550640583038330e+01 -8.095661938190460205e+00 5.373736200854182243e-01
-1.340383160114288330e+01 -8.186848461627960205e+00 5.410509882494807243e-01
-1.332570660114288330e+01 -8.285603344440460205e+00 5.448656855151057243e-01
-3.663869488239288330e+01 -1.947469025850296021e+01 9.302416620776057243e-01
-1.436257183551788330e+01 -7.987141430377960205e+00 6.002398310229182243e-01
-1.379946148395538330e+01 -7.830159008502960205e+00 5.965777216479182243e-01
-1.367836773395538330e+01 -7.907917797565460205e+00 5.997057734057307243e-01
-1.357534039020538330e+01 -7.993977367877960205e+00 6.030779657885432243e-01
-1.349587261676788330e+01 -8.093342602252960205e+00 6.068316278979182243e-01
-1.341066753864288330e+01 -8.188313305377960205e+00 6.104479609057307243e-01
-1.333254253864288330e+01 -8.287068188190460205e+00 6.141863642260432243e-01
-2.397817242145538330e+01 -1.285738068819046021e+01 8.613940058276057243e-01
-2.488906109333038330e+01 -1.359224396944046021e+01 8.895006952807307243e-01
-1.382582867145538330e+01 -7.841877758502960205e+00 6.668444452807307243e-01
-1.370400249958038330e+01 -7.919514477252960205e+00 6.696520624682307243e-01
-1.359963238239288330e+01 -8.005207836627960205e+00 6.727953730151057243e-01
-1.350380718708038330e+01 -8.095295727252960205e+00 6.760912714526057243e-01
-1.341896831989288330e+01 -8.190632641315460205e+00 6.796007929369807243e-01
-1.333779156208038330e+01 -8.287678539752960205e+00 6.831713495776057243e-01
-2.387734234333038330e+01 -1.280025178194046021e+01 9.811297236010432243e-01
-2.481264507770538330e+01 -1.354683381319046021e+01 1.015141564421355724e+00
-1.388649761676788330e+01 -7.872273266315460205e+00 7.382708368822932243e-01
-1.376174175739288330e+01 -7.948933422565460205e+00 7.407275019213557243e-01
-1.365908062458038330e+01 -8.036091625690460205e+00 7.437029657885432243e-01
-1.356423199176788330e+01 -8.127522289752960205e+00 7.468767939135432243e-01
-1.347853863239288330e+01 -8.222981274127960205e+00 7.506304560229182243e-01
-1.339723980426788330e+01 -8.320637524127960205e+00 7.541094599291682243e-01
-3.675319683551788330e+01 -1.951375275850296021e+01 1.495915490202605724e+00
-3.995278179645538330e+01 -2.160188752412796021e+01 1.611271935515105724e+00
-1.393288433551788330e+01 -7.894856274127960205e+00 8.102618036791682243e-01
-1.378444683551788330e+01 -7.958821117877960205e+00 8.116503534838557243e-01
-1.367775738239288330e+01 -8.044148266315460205e+00 8.142901239916682243e-01
-1.358278667926788330e+01 -8.135578930377960205e+00 8.172961054369807243e-01
-1.349636089801788330e+01 -8.230915844440460205e+00 8.205309687182307243e-01
-1.341457378864288330e+01 -8.328327953815460205e+00 8.239031611010432243e-01
-3.688307964801788330e+01 -1.957454377412796021e+01 1.689183312468230724e+00
-4.100173199176788330e+01 -2.215254670381546021e+01 1.854344445280730724e+00
-1.398488628864288330e+01 -7.920491039752960205e+00 8.825579462572932243e-01
-1.382643902301788330e+01 -7.979573071002960205e+00 8.831530390307307243e-01
-1.370131695270538330e+01 -8.054890453815460205e+00 8.848772821947932243e-01
-1.360390484333038330e+01 -8.145222485065460205e+00 8.876391230151057243e-01
-1.351747906208038330e+01 -8.240681469440460205e+00 8.907519159838557243e-01
-1.343556988239288330e+01 -8.338337719440460205e+00 8.943835077807307243e-01
-3.700234234333038330e+01 -1.962984162569046021e+01 1.882344323210418224e+00
-4.263124859333038330e+01 -2.301155549287796021e+01 2.133488732390105724e+00
-3.781874859333038330e+01 -2.085127717256546021e+01 1.952687340788543224e+00
-1.382888042926788330e+01 -7.978352367877960205e+00 9.537859736010432243e-01
-1.371584331989288330e+01 -8.060383617877960205e+00 9.557085810229182243e-01
-1.362062847614288330e+01 -8.152180492877960205e+00 9.583636103197932243e-01
-1.353102886676788330e+01 -8.246052563190460205e+00 9.612170038744807243e-01
-1.344850933551788330e+01 -8.343464672565460205e+00 9.643603144213557243e-01
-4.289040386676788330e+01 -2.269148713350296021e+01 2.343831139616668224e+00
-4.018007671833038330e+01 -2.170003205537796021e+01 2.238194542936980724e+00
-3.788784039020538330e+01 -2.088155061006546021e+01 2.150822716765105724e+00
-1.404689800739288330e+01 -8.096272289752960205e+00 1.034337121061980724e+00
-1.371669781208038330e+01 -8.058308422565460205e+00 1.025639611296355724e+00
-1.361916363239288330e+01 -8.148762524127960205e+00 1.028019982390105724e+00
-1.352809917926788330e+01 -8.241780102252960205e+00 1.030659752897918224e+00
-1.344570171833038330e+01 -8.339192211627960205e+00 1.034047204069793224e+00
-4.374416363239288330e+01 -2.312825471162796021e+01 2.606907921843230724e+00
-3.998171246051788330e+01 -2.158699494600296021e+01 2.435261803679168224e+00
-4.004848492145538330e+01 -2.204597932100296021e+01 2.460270958952605724e+00
-3.793337261676788330e+01 -2.130501252412796021e+01 2.370152550749480724e+00
-1.465969097614288330e+01 -8.587605297565460205e+00 1.146351891569793224e+00
-1.563344585895538330e+01 -9.304402172565460205e+00 1.206944542936980724e+00
-1.511708843708038330e+01 -9.170491039752960205e+00 1.187336998991668224e+00
-3.999782574176788330e+01 -2.419636994600296021e+01 2.568440514616668224e+00
-4.449111187458038330e+01 -2.350886994600296021e+01 2.873967248015105724e+00
-3.995009624958038330e+01 -2.156258088350296021e+01 2.639744835905730724e+00
-4.567336285114288330e+01 -2.508748322725296021e+01 2.991917687468230724e+00
-4.643752300739288330e+01 -2.599971467256546021e+01 3.061116295866668224e+00
-1.438259136676788330e+01 -8.428547680377960205e+00 1.204915123991668224e+00
-1.516518414020538330e+01 -9.032307446002960205e+00 1.259953576140105724e+00
-1.556069195270538330e+01 -9.427449047565460205e+00 1.292332726530730724e+00
-3.825026714801788330e+01 -2.314497834444046021e+01 2.674885827116668224e+00
-4.517311871051788330e+01 -2.385554963350296021e+01 3.144780236296355724e+00
-4.009438335895538330e+01 -2.163167268037796021e+01 2.853734093718230724e+00
-3.995265972614288330e+01 -2.197884064912796021e+01 2.868321496061980724e+00
-4.715944683551788330e+01 -2.638972932100296021e+01 3.349080163054168224e+00
-3.976320660114288330e+01 -2.273006135225296021e+01 2.903706627897918224e+00
-1.444643414020538330e+01 -8.616291821002960205e+00 1.291356164030730724e+00
-1.436232769489288330e+01 -8.722615063190460205e+00 1.294484215788543224e+00
-1.422902691364288330e+01 -8.799031078815460205e+00 1.294728356413543224e+00
-1.166713726520538330e+01 -7.312825024127960205e+00 -1.720706839114427567e-02
-1.163222515583038330e+01 -7.418782055377960205e+00 -1.430789846926927567e-02
-1.157741558551788330e+01 -7.513020336627960205e+00 -1.101200003176927567e-02
-1.152248394489288330e+01 -7.607502758502960205e+00 -7.716101594269275665e-03
-1.146767437458038330e+01 -7.701863110065460205e+00 -4.420203156769275665e-03
-1.141555035114288330e+01 -7.798542797565460205e+00 -1.200598664581775665e-03
-1.136818706989288330e+01 -7.898030102252960205e+00 1.835900358855724335e-03
-1.131496441364288330e+01 -7.993855297565460205e+00 4.750329069793224335e-03
-1.303456890583038330e+01 -8.131794750690460205e+00 1.469689421355724335e-03
-1.298757183551788330e+01 -8.245808422565460205e+00 4.750329069793224335e-03
-1.293618023395538330e+01 -8.357624828815460205e+00 8.153039030730724335e-03
-1.289186871051788330e+01 -8.474812328815460205e+00 1.172359567135572433e-02
-1.284023296833038330e+01 -8.587117016315460205e+00 1.515682321041822433e-02
-1.278102886676788330e+01 -8.695393383502960205e+00 1.846798043698072433e-02
-1.272927105426788330e+01 -8.808308422565460205e+00 2.190120797604322433e-02
-1.267726910114288330e+01 -8.921467602252960205e+00 2.536495309323072433e-02
-1.463686382770538330e+01 -9.091145336627960205e+00 2.893550973385572433e-02
-1.458205425739288330e+01 -9.218586742877960205e+00 3.279598336666822433e-02
-1.454348003864288330e+01 -9.356648266315460205e+00 3.624446969479322433e-02
-1.450478374958038330e+01 -9.495930492877960205e+00 3.972347360104322433e-02
-1.446584331989288330e+01 -9.635456860065460205e+00 4.321773629635572433e-02
-1.442848980426788330e+01 -9.777424633502960205e+00 4.668148141354322433e-02
-1.439687359333038330e+01 -9.923420727252960205e+00 5.002315621823072433e-02
-1.343178570270538330e+01 -9.433674633502960205e+00 7.562740426510572433e-02
-1.684621441364288330e+01 -1.041426545381546021e+01 6.116207223385572433e-02
-1.683278667926788330e+01 -1.059199982881546021e+01 6.522091012448072433e-02
-1.680507671833038330e+01 -1.076253205537796021e+01 6.912716012448072433e-02
-1.677700054645538330e+01 -1.093489533662796021e+01 7.306392770260572433e-02
-1.674892437458038330e+01 -1.110799103975296021e+01 7.703121285885572433e-02
-1.669655621051788330e+01 -1.126704865694046021e+01 8.147152047604322433e-02
-1.663368999958038330e+01 -1.141927033662796021e+01 8.611019235104322433e-02
-1.336257183551788330e+01 -9.383747875690460205e+00 1.489458857104182243e-01
-1.981911480426788330e+01 -1.219441682100296021e+01 1.065264521166682243e-01
-1.979250347614288330e+01 -1.239790803194046021e+01 1.113787470385432243e-01
-1.976577007770538330e+01 -1.260286408662796021e+01 1.162768183276057243e-01
-1.973867046833038330e+01 -1.281026154756546021e+01 1.212206659838557243e-01
-1.968276226520538330e+01 -1.299995881319046021e+01 1.265765009447932243e-01
-1.961330425739288330e+01 -1.318257600069046021e+01 1.321459589526057243e-01
-1.954384624958038330e+01 -1.336519318819046021e+01 1.377154169604182243e-01
-1.332668316364288330e+01 -9.356526196002960205e+00 2.214556513354182243e-01
-1.408156597614288330e+01 -8.749592602252960205e+00 2.619372187182307243e-01
-1.424501812458038330e+01 -9.004109203815460205e+00 2.644244013354182243e-01
-1.521791851520538330e+01 -9.767903149127960205e+00 2.597857294604182243e-01
-1.406801617145538330e+01 -9.210408031940460205e+00 2.731676874682307243e-01
-1.370388042926788330e+01 -9.134724438190460205e+00 2.797137079760432243e-01
-1.363246929645538330e+01 -9.245198071002960205e+00 2.838640986010432243e-01
-1.358852398395538330e+01 -9.373493969440460205e+00 2.878008661791682243e-01
-1.319118511676788330e+01 -9.261433422565460205e+00 2.938891230151057243e-01
-1.335683453083038330e+01 -8.312458813190460205e+00 3.378802118822932243e-01
-1.328041851520538330e+01 -8.412190258502960205e+00 3.418474970385432243e-01
-1.320693218708038330e+01 -8.513508617877960205e+00 3.457995234057307243e-01
-1.313710796833038330e+01 -8.617634594440460205e+00 3.497515497729182243e-01
-1.307900249958038330e+01 -8.728596508502960205e+00 3.536577997729182243e-01
-1.302931988239288330e+01 -8.845906078815460205e+00 3.575793085619807243e-01
-1.301271831989288330e+01 -8.985310375690460205e+00 3.614245234057307243e-01
-1.312831890583038330e+01 -9.216023266315460205e+00 3.650866327807307243e-01
-1.333376324176788330e+01 -8.295979321002960205e+00 4.068499384447932243e-01
-1.325698101520538330e+01 -8.395222485065460205e+00 4.107561884447932243e-01
-1.318251812458038330e+01 -8.495686352252960205e+00 4.150439081713557243e-01
-1.311074078083038330e+01 -8.598225414752960205e+00 4.189654169604182243e-01
-1.305007183551788330e+01 -8.707356274127960205e+00 4.229174433276057243e-01
-1.299977886676788330e+01 -8.823933422565460205e+00 4.269152460619807243e-01
-1.298378765583038330e+01 -8.963337719440460205e+00 4.306536493822932243e-01
-1.312892925739288330e+01 -9.213703930377960205e+00 4.354449091479182243e-01
-1.331484234333038330e+01 -8.282063305377960205e+00 4.759722528979182243e-01
-1.323757183551788330e+01 -8.380818188190460205e+00 4.798174677416682243e-01
-1.316359722614288330e+01 -8.481404125690460205e+00 4.836932001635432243e-01
-1.309499371051788330e+01 -8.585774242877960205e+00 4.876147089526057243e-01
-1.303578960895538330e+01 -8.695515453815460205e+00 4.915972528979182243e-01
-1.298537456989288330e+01 -8.811848461627960205e+00 4.956866083666682243e-01
-1.296974956989288330e+01 -8.951252758502960205e+00 5.000811396166682243e-01
-1.310598003864288330e+01 -9.195393383502960205e+00 5.059557734057307243e-01
-1.332546246051788330e+01 -8.285847485065460205e+00 5.448809443041682243e-01
-1.324745953083038330e+01 -8.384358227252960205e+00 5.486651239916682243e-01
-1.318312847614288330e+01 -8.490925610065460205e+00 5.526324091479182243e-01
-1.309828960895538330e+01 -8.585285961627960205e+00 5.563402948901057243e-01
-1.303896343708038330e+01 -8.695027172565460205e+00 5.603686152026057243e-01
-1.298744976520538330e+01 -8.810627758502960205e+00 5.645190058276057243e-01
-1.296266949176788330e+01 -8.943928539752960205e+00 5.690813837572932243e-01
-1.309279644489288330e+01 -9.183796703815460205e+00 5.759936152026057243e-01
-1.333217632770538330e+01 -8.287312328815460205e+00 6.142016230151057243e-01
-1.325417339801788330e+01 -8.385823071002960205e+00 6.179247675463557243e-01
-1.318837749958038330e+01 -8.491658031940460205e+00 6.218767939135432243e-01
-1.309914410114288330e+01 -8.583210766315460205e+00 6.254168329760432243e-01
-1.303957378864288330e+01 -8.692829906940460205e+00 6.294756708666682243e-01
-1.298732769489288330e+01 -8.807942211627960205e+00 6.337176142260432243e-01
-1.295998394489288330e+01 -8.939534008502960205e+00 6.384478388354182243e-01
-1.309609234333038330e+01 -9.183430492877960205e+00 6.465807734057307243e-01
-1.333754742145538330e+01 -8.287922680377960205e+00 6.831866083666682243e-01
-1.325978863239288330e+01 -8.386677563190460205e+00 6.868639765307307243e-01
-1.318508160114288330e+01 -8.487019360065460205e+00 6.906176386401057243e-01
-1.311660015583038330e+01 -8.591633617877960205e+00 6.945238886401057243e-01
-1.305629742145538330e+01 -8.701008617877960205e+00 6.986285028979182243e-01
-1.300222027301788330e+01 -8.815144360065460205e+00 7.029009638354182243e-01
-1.297426617145538330e+01 -8.946492016315460205e+00 7.078448114916682243e-01
-1.311086285114288330e+01 -9.190754711627960205e+00 7.171374140307307243e-01
-1.339687359333038330e+01 -8.320881664752960205e+00 7.541247187182307243e-01
-1.331911480426788330e+01 -8.420246899127960205e+00 7.577868280932307243e-01
-1.324465191364288330e+01 -8.521443188190460205e+00 7.611590204760432243e-01
-1.317580425739288330e+01 -8.626545727252960205e+00 7.650805292651057243e-01
-1.311403667926788330e+01 -8.735676586627960205e+00 7.692004023119807243e-01
-1.305776226520538330e+01 -8.848957836627960205e+00 7.735033808276057243e-01
-1.302834331989288330e+01 -8.980061352252960205e+00 7.790118036791682243e-01
-1.316152203083038330e+01 -9.222615063190460205e+00 7.893572626635432243e-01
-1.341420757770538330e+01 -8.328694164752960205e+00 8.239031611010432243e-01
-1.333644878864288330e+01 -8.428181469440460205e+00 8.275194941088557243e-01
-1.326223003864288330e+01 -8.529743969440460205e+00 8.312426386401057243e-01
-1.319338238239288330e+01 -8.635090649127960205e+00 8.351641474291682243e-01
-1.313137066364288330e+01 -8.744221508502960205e+00 8.393145380541682243e-01
-1.307607281208038330e+01 -8.858479321002960205e+00 8.437395868822932243e-01
-1.306227886676788330e+01 -9.000080883502960205e+00 8.496752558276057243e-01
-1.321035015583038330e+01 -9.253132641315460205e+00 8.616991816088557243e-01
-1.343520367145538330e+01 -8.338581860065460205e+00 8.943987665697932243e-01
-1.335793316364288330e+01 -8.438801586627960205e+00 8.976031122729182243e-01
-1.328408062458038330e+01 -8.540852367877960205e+00 9.013262568041682243e-01
-1.321559917926788330e+01 -8.646565258502960205e+00 9.052630243822932243e-01
-1.316298687458038330e+01 -8.761921703815460205e+00 9.098406611010432243e-01
-1.311306011676788330e+01 -8.880085766315460205e+00 9.145708857104182243e-01
-1.309963238239288330e+01 -9.022419750690460205e+00 9.208422480151057243e-01
-1.331203472614288330e+01 -9.319660961627960205e+00 9.372149286791682243e-01
-1.344814312458038330e+01 -8.343830883502960205e+00 9.643603144213557243e-01
-1.336965191364288330e+01 -8.443318188190460205e+00 9.678545771166682243e-01
-1.329592144489288330e+01 -8.545491039752960205e+00 9.715472040697932243e-01
-1.322805035114288330e+01 -8.651814281940460205e+00 9.755144892260432243e-01
-1.316750347614288330e+01 -8.762287914752960205e+00 9.798174677416682243e-01
-1.311745464801788330e+01 -8.880329906940460205e+00 9.846392450854182243e-01
-1.310671246051788330e+01 -9.024494946002960205e+00 9.913378534838557243e-01
-1.385768902301788330e+01 -9.687702953815460205e+00 1.034947472624480724e+00
-1.344533550739288330e+01 -8.339558422565460205e+00 1.034062462858855724e+00
-1.336794292926788330e+01 -8.439656078815460205e+00 1.037175255827605724e+00
-1.329579937458038330e+01 -8.542805492877960205e+00 1.040913659147918224e+00
-1.322988140583038330e+01 -8.650349438190460205e+00 1.044987755827605724e+00
-1.317067730426788330e+01 -8.761677563190460205e+00 1.049382287077605724e+00
-1.312343609333038330e+01 -8.881550610065460205e+00 1.054463463835418224e+00
-1.333254253864288330e+01 -9.172566235065460205e+00 1.073201256804168224e+00
-1.439907085895538330e+01 -1.005269318819046021e+01 1.138905602507293224e+00
-3.978249371051788330e+01 -2.406929475069046021e+01 2.556630211882293224e+00
-3.784816753864288330e+01 -2.333723908662796021e+01 2.472172814421355724e+00
-3.381142437458038330e+01 -2.126179963350296021e+01 2.267125206999480724e+00
-3.845888531208038330e+01 -2.458443146944046021e+01 2.552296715788543224e+00
-3.842995464801788330e+01 -2.500984650850296021e+01 2.573994713835418224e+00
-1.458535015583038330e+01 -9.836872875690460205e+00 1.209477501921355724e+00
-1.357375347614288330e+01 -9.330891430377960205e+00 1.158833581022918224e+00
-1.489614117145538330e+01 -1.038753205537796021e+01 1.245839196257293224e+00
-3.825368511676788330e+01 -2.314864045381546021e+01 2.675160485319793224e+00
-3.840468609333038330e+01 -2.366829377412796021e+01 2.707966881804168224e+00
-3.379970562458038330e+01 -2.124776154756546021e+01 2.447331505827605724e+00
-3.845754253864288330e+01 -2.457588654756546021e+01 2.758336144499480724e+00
-3.835500347614288330e+01 -2.495393830537796021e+01 2.776326256804168224e+00
-4.279909527301788330e+01 -2.831367951631546021e+01 3.085362511686980724e+00
-1.383705914020538330e+01 -9.503742992877960205e+00 1.248570519499480724e+00
-4.280007183551788330e+01 -2.933052521944046021e+01 3.141408043913543224e+00
-1.422280132770538330e+01 -8.795857250690460205e+00 1.294362145476043224e+00
-1.409621441364288330e+01 -8.874836742877960205e+00 1.294514733366668224e+00
-1.402114117145538330e+01 -8.984577953815460205e+00 1.298466759733855724e+00
-1.404811871051788330e+01 -9.159016430377960205e+00 1.309361535124480724e+00
-1.395766460895538330e+01 -9.259968578815460205e+00 1.312321740202605724e+00
-1.383986675739288330e+01 -9.342976391315460205e+00 1.313389855436980724e+00
-1.437197124958038330e+01 -9.857624828815460205e+00 1.359791832976043224e+00
-4.291005718708038330e+01 -2.939619904756546021e+01 3.385029870085418224e+00
