-1.701236853003501892e+01 -4.977670609951019287e+00 -2.846687277778983116e-01
-1.683097204566001892e+01 -5.073251664638519287e+00 -2.735450705513358116e-01
-1.662259802222251892e+01 -5.158822953701019287e+00 -2.617805441841483116e-01
-1.641800817847251892e+01 -5.242929399013519287e+00 -2.502296408638358116e-01
-1.621830114722251892e+01 -5.324960649013519287e+00 -2.389533957466483116e-01
-1.144083532691001892e+01 -4.003549516201019287e+00 -4.274062719196081161e-02
-1.139029821753501892e+01 -4.085092484951019287e+00 -3.852920141071081161e-02
-1.261783728003501892e+01 -4.580575883388519287e+00 -8.575515355914831161e-02
-1.815152868628501892e+01 -5.272226274013519287e+00 -2.489326437935233116e-01
-1.827347692847251892e+01 -5.459848344326019287e+00 -2.497108420357108116e-01
-1.839774450659751892e+01 -5.651010453701019287e+00 -2.505195578560233116e-01
-1.895536169409751892e+01 -5.970346391201019287e+00 -2.664039572700858116e-01
-1.910062536597251892e+01 -6.177621781826019287e+00 -2.677162131294608116e-01
-1.144107946753501892e+01 -4.001718461513519287e+00 8.620456792414188385e-03
-1.139066442847251892e+01 -4.083383500576019287e+00 1.270981226116418839e-02
-1.933158239722251892e+01 -6.754404008388519287e+00 -2.644355734810233116e-01
-1.919339880347251892e+01 -5.540903031826019287e+00 -1.992500266060233116e-01
-1.954081091284751892e+01 -5.798593461513519287e+00 -2.061622580513358116e-01
-1.982193884253501892e+01 -6.044687211513519287e+00 -2.108314475044608116e-01
-2.014969763159751892e+01 -6.310678422451019287e+00 -2.167976340278983116e-01
-2.054459509253501892e+01 -6.602792680263519287e+00 -2.246864279732108116e-01
-1.144132360816001892e+01 -4.000009477138519287e+00 6.024094019085168839e-02
-1.139090856909751892e+01 -4.081552445888519287e+00 6.420822534710168839e-02
-2.161820349097251892e+01 -7.491830766201019287e+00 -2.437751730903983116e-01
-2.016935095191001892e+01 -5.792245805263519287e+00 -1.383521994575858116e-01
-2.062027868628501892e+01 -6.086313188076019287e+00 -1.454780539497733116e-01
-2.096317419409751892e+01 -6.359140336513519287e+00 -1.499793967232108116e-01
-2.123258337378501892e+01 -6.618661820888519287e+00 -1.523445090278983116e-01
-2.168424353003501892e+01 -6.937143266201019287e+00 -1.593482932075858116e-01
-1.144168981909751892e+01 -3.998178422451019287e+00 1.118614235892891884e-01
-1.139115270972251892e+01 -4.079843461513519287e+00 1.157218972221016884e-01
-2.276419958472251892e+01 -7.859140336513519287e+00 -1.724555930122733116e-01
-2.119974645972251892e+01 -6.057260453701019287e+00 -6.893996801227331161e-02
-2.139212927222251892e+01 -6.290780961513519287e+00 -6.820754613727331161e-02
-2.158902868628501892e+01 -6.529916703701019287e+00 -6.745986547321081161e-02
-2.230484899878501892e+01 -6.923105180263519287e+00 -7.783584203571081161e-02
-2.255021032691001892e+01 -7.190072953701019287e+00 -7.774428930133581161e-02
-1.144193395972251892e+01 -3.996469438076019287e+00 1.632072487846016884e-01
-1.139151892066001892e+01 -4.078012406826019287e+00 1.669456521049141884e-01
-2.377860388159751892e+01 -8.183481156826019287e+00 -8.677749242633581161e-02
-2.175260290503501892e+01 -6.197763383388519287e+00 1.818771753460168839e-02
-2.225760778784751892e+01 -6.520273149013519287e+00 1.528854761272668839e-02
-2.269718298316001892e+01 -6.834482133388519287e+00 1.327438745647668839e-02
-2.307511267066001892e+01 -7.140512406826019287e+00 1.257248315960168839e-02
-2.356839880347251892e+01 -7.487802445888519287e+00 1.016159448772668839e-02
-1.144230017066001892e+01 -3.994638383388519287e+00 2.148277321830391884e-01
-1.139176306128501892e+01 -4.076303422451019287e+00 2.184593239799141884e-01
-2.477945837378501892e+01 -8.503183305263519287e+00 8.300022222101688385e-03
-2.259830603003501892e+01 -6.414071977138519287e+00 1.072990456596016884e-01
-2.296683630347251892e+01 -6.707406938076019287e+00 1.084587136283516884e-01
-2.335538610816001892e+01 -7.013681352138519287e+00 1.096031228080391884e-01
-2.373539099097251892e+01 -7.326059281826019287e+00 1.111137429252266884e-01
-2.412894567847251892e+01 -7.649667680263519287e+00 1.126701394096016884e-01
-1.144254431128501892e+01 -3.992929399013519287e+00 2.661888161674141884e-01
-1.139212927222251892e+01 -4.074472367763519287e+00 2.696830788627266884e-01
-2.523282751441001892e+01 -8.645395219326019287e+00 1.196891823783516884e-01
-2.306290563941001892e+01 -6.531137406826019287e+00 2.069999733939766884e-01
-2.330167517066001892e+01 -6.793588578701019287e+00 2.113182106986641884e-01
-2.386148962378501892e+01 -7.150278031826019287e+00 2.139427224174141884e-01
-2.419742712378501892e+01 -7.454599320888519287e+00 2.179863015189766884e-01
-2.439872106909751892e+01 -7.725473344326019287e+00 2.232048073783516884e-01
-1.144278845191001892e+01 -3.991098344326019287e+00 3.178092995658516884e-01
-1.139237341284751892e+01 -4.072763383388519287e+00 3.209220925346016884e-01
-2.565165075659751892e+01 -8.776498734951019287e+00 2.350456276908516884e-01
-2.335514196753501892e+01 -6.603280961513519287e+00 3.122703591361641884e-01
-2.396097692847251892e+01 -6.966806352138519287e+00 3.169090310111641884e-01
-2.426004919409751892e+01 -7.256967484951019287e+00 3.228141823783516884e-01
-2.446268591284751892e+01 -7.526620805263519287e+00 3.291923562064766884e-01
-2.519718298316001892e+01 -7.957284867763519287e+00 3.344871560111641884e-01
-1.144315466284751892e+01 -3.989389359951019287e+00 3.691551247611641884e-01
-1.139261755347251892e+01 -4.070932328701019287e+00 3.724205056205391884e-01
-2.628971228003501892e+01 -8.978036820888519287e+00 3.547660866752266884e-01
-2.382767614722251892e+01 -6.722177445888519287e+00 4.199668923392891884e-01
-2.432328161597251892e+01 -7.060190141201019287e+00 4.277030983939766884e-01
-2.452604040503501892e+01 -7.326791703701019287e+00 4.352256814017891884e-01
-2.513382849097251892e+01 -7.714731156826019287e+00 4.438011208549141884e-01
-2.546170935034751892e+01 -8.031259477138519287e+00 4.520713845267891884e-01
-1.144339880347251892e+01 -3.987558305263519287e+00 4.205009499564766884e-01
-1.139298376441001892e+01 -4.069223344326019287e+00 4.236595192924141884e-01
-2.652518591284751892e+01 -9.049570024013519287e+00 4.786064187064766884e-01
-2.430960974097251892e+01 -6.843149125576019287e+00 5.327751198783516884e-01
-2.459159216284751892e+01 -7.128061234951019287e+00 5.419303933158516884e-01
-2.493253454566001892e+01 -7.435312211513519287e+00 5.516960183158516884e-01
-2.542679724097251892e+01 -7.794321000576019287e+00 5.628044167533516884e-01
-2.571268591284751892e+01 -8.101083695888519287e+00 5.727226296439766884e-01
-2.616581091284751892e+01 -8.465707719326019287e+00 5.841514626517891884e-01
-1.139322790503501892e+01 -4.067392289638519287e+00 4.751579323783516884e-01
-2.675736364722251892e+01 -9.120004594326019287e+00 6.053611794486641884e-01
-9.708779662847518921e+00 -3.053354203701019287e+00 4.872581521049141884e-01
-9.930703490972518921e+00 -3.192514359951019287e+00 4.926292458549141884e-01
-1.016495642066001892e+01 -3.339487016201019287e+00 4.983055153861641884e-01
-1.041349157691001892e+01 -3.495492875576019287e+00 5.043174782767891884e-01
-1.067594274878501892e+01 -3.660165727138519287e+00 5.106651345267891884e-01
-1.095536169409751892e+01 -3.835458695888519287e+00 5.174247780814766884e-01
-1.125126013159751892e+01 -4.021127641201019287e+00 5.245811501517891884e-01
-1.155973181128501892e+01 -4.216684281826019287e+00 5.321189919486641884e-01
-9.574502319097518921e+00 -3.016977250576019287e+00 5.279228249564766884e-01
-9.789468139410018921e+00 -3.153085649013519287e+00 5.343009987846016884e-01
-1.001688513159751892e+01 -3.296884477138519287e+00 5.408012429252266884e-01
-1.025724157691001892e+01 -3.449106156826019287e+00 5.479270974174141884e-01
-1.051078161597251892e+01 -3.609750688076019287e+00 5.554344216361641884e-01
-1.078043493628501892e+01 -3.780527055263519287e+00 5.634300271049141884e-01
-1.106485876441001892e+01 -3.960946977138519287e+00 5.721275368705391884e-01
-1.136832556128501892e+01 -4.153085649013519287e+00 5.811302224174141884e-01
-9.523476928472518921e+00 -3.002328813076019287e+00 5.687858620658516884e-01
-9.757485717535018921e+00 -3.142953813076019287e+00 5.766441384330391884e-01
-1.000553259253501892e+01 -3.292123734951019287e+00 5.849906960502266884e-01
-1.026981481909751892e+01 -3.451059281826019287e+00 5.938713112846016884e-01
-1.054996618628501892e+01 -3.619516313076019287e+00 6.032859841361641884e-01
-1.084952673316001892e+01 -3.799692094326019287e+00 6.133720437064766884e-01
-1.116849645972251892e+01 -3.991464555263519287e+00 6.240989724174141884e-01
-1.141703161597251892e+01 -4.166879594326019287e+00 6.334678689017891884e-01
-9.629800170660018921e+00 -3.028329789638519287e+00 6.132957497611641884e-01
-9.869302123785018921e+00 -3.171396195888519287e+00 6.223289528861641884e-01
-1.012381872534751892e+01 -3.323251664638519287e+00 6.321556130424141884e-01
-1.039530310034751892e+01 -3.485238969326019287e+00 6.426384011283516884e-01
-1.064737829566001892e+01 -3.646493852138519287e+00 6.528160134330391884e-01
-1.091446813941001892e+01 -3.817636430263519287e+00 6.636039773002266884e-01
-1.119669470191001892e+01 -3.998544633388519287e+00 6.750022927299141884e-01
-1.141727575659751892e+01 -4.165170609951019287e+00 6.852104226127266884e-01
-9.608682006597518921e+00 -3.021371781826019287e+00 6.548149148002266884e-01
-9.817056030035018921e+00 -3.155893266201019287e+00 6.643669167533516884e-01
-1.003653845191001892e+01 -3.297494828701019287e+00 6.744377175346016884e-01
-1.026871618628501892e+01 -3.447519242763519287e+00 6.850730935111641884e-01
-1.051322302222251892e+01 -3.605356156826019287e+00 6.962883034721016884e-01
-1.077274450659751892e+01 -3.772958695888519287e+00 7.081901589408516884e-01
-1.104679235816001892e+01 -3.949838578701019287e+00 7.207481423392891884e-01
-1.134562048316001892e+01 -4.140146195888519287e+00 7.343437233939766884e-01
-9.502114623785018921e+00 -2.992196977138519287e+00 6.934043923392891884e-01
-9.705849975347518921e+00 -3.124521195888519287e+00 7.036277810111641884e-01
-9.943276733160018921e+00 -3.270151078701019287e+00 7.154228249564766884e-01
-1.022257360816001892e+01 -3.432626664638519287e+00 7.289268532767891884e-01
-1.051969274878501892e+01 -3.605600297451019287e+00 7.432853737846016884e-01
-1.083878454566001892e+01 -3.791147172451019287e+00 7.587120095267891884e-01
-1.117972692847251892e+01 -3.989633500576019287e+00 7.751915017142891884e-01
-1.154117712378501892e+01 -4.201181352138519287e+00 7.929985085502266884e-01
-9.569497436285018921e+00 -3.008188188076019287e+00 7.375785866752266884e-01
-9.823159545660018921e+00 -3.154306352138519287e+00 7.510978737846016884e-01
-1.009317907691001892e+01 -3.309946000576019287e+00 7.654869118705391884e-01
-1.038211950659751892e+01 -3.476571977138519287e+00 7.808830300346016884e-01
-1.068985876441001892e+01 -3.653940141201019287e+00 7.972709694877266884e-01
-2.377518591284751892e+01 -7.710214555263519287e+00 1.340346531011164188e+00
-2.871293005347251892e+01 -9.460946977138519287e+00 1.555007175542414188e+00
-2.895096716284751892e+01 -9.792856156826019287e+00 1.576293186284601688e+00
-2.643863806128501892e+01 -7.360483109951019287e+00 1.521392063237726688e+00
-2.381388220191001892e+01 -6.887826859951019287e+00 1.415297702886164188e+00
-2.698429235816001892e+01 -7.968027055263519287e+00 1.566619114018976688e+00
-2.774210485816001892e+01 -8.419809281826019287e+00 1.610915378667414188e+00
-2.798099645972251892e+01 -8.733041703701019287e+00 1.632842258550226688e+00
-2.378983435034751892e+01 -7.710580766201019287e+00 1.451964573003351688e+00
-2.823807653784751892e+01 -9.307870805263519287e+00 1.667983249761164188e+00
-2.913675817847251892e+01 -9.847543656826019287e+00 1.721511081792414188e+00
-2.679178747534751892e+01 -7.447275102138519287e+00 1.660872654058039188e+00
-2.369144567847251892e+01 -6.851205766201019287e+00 1.518752292729914188e+00
-2.730130895972251892e+01 -8.050912797451019287e+00 1.707122043706476688e+00
-2.208036169409751892e+01 -6.803354203701019287e+00 1.457488254643976688e+00
-2.830448278784751892e+01 -8.823251664638519287e+00 1.779998020268976688e+00
-2.380436071753501892e+01 -7.711069047451019287e+00 1.563109592534601688e+00
-2.813541540503501892e+01 -9.271127641201019287e+00 1.794753269292414188e+00
-3.006083044409751892e+01 -1.013916963338851929e+01 1.906645969487726688e+00
-1.261820349097251892e+01 -4.581064164638519287e+00 -8.575515355914831161e-02
-1.265128454566001892e+01 -4.701425492763519287e+00 -8.459548559039831161e-02
-1.267850622534751892e+01 -4.821054399013519287e+00 -8.346633519977331161e-02
-1.270621618628501892e+01 -4.942270219326019287e+00 -8.233718480914831161e-02
-1.270401892066001892e+01 -5.053598344326019287e+00 -8.001784887164831161e-02
-1.268351110816001892e+01 -5.159067094326019287e+00 -7.696609105914831161e-02
-1.266300329566001892e+01 -5.264413774013519287e+00 -7.389907445758581161e-02
-1.263700231909751892e+01 -5.368051469326019287e+00 -7.093886937946081161e-02
-1.933231481909751892e+01 -6.755258500576019287e+00 -2.644508322700858116e-01
-1.983170446753501892e+01 -7.092660844326019287e+00 -2.782600363716483116e-01
-1.508597692847251892e+01 -5.643564164638519287e+00 -1.093299826607108116e-01
-1.489115270972251892e+01 -5.708993852138519287e+00 -9.935073461383581161e-02
-1.469754919409751892e+01 -5.771615922451019287e+00 -8.984450902789831161e-02
-1.378727087378501892e+01 -5.566049516201019287e+00 -5.625991430133581161e-02
-1.412613806128501892e+01 -5.818490922451019287e+00 -6.511001195758581161e-02
-1.400455603003501892e+01 -5.898691117763519287e+00 -5.825881566852331161e-02
-2.162113317847251892e+01 -7.493417680263519287e+00 -2.438514670357108116e-01
-2.194584020972251892e+01 -7.793588578701019287e+00 -2.492225607857108116e-01
-2.208963903784751892e+01 -8.038827836513519287e+00 -2.489936789497733116e-01
-2.186283239722251892e+01 -8.158334672451019287e+00 -2.376716574653983116e-01
-2.164042028784751892e+01 -8.275644242763519287e+00 -2.265632590278983116e-01
-1.378763708472251892e+01 -5.563852250576019287e+00 7.918552495539188385e-03
-1.663224157691001892e+01 -6.768197953701019287e+00 -7.191543187946081161e-02
-1.623978552222251892e+01 -6.766733109951019287e+00 -5.709914769977331161e-02
-2.277420935034751892e+01 -7.863046586513519287e+00 -1.726844748482108116e-01
-2.322623571753501892e+01 -8.216073930263519287e+00 -1.785743674263358116e-01
-2.339640173316001892e+01 -8.482187211513519287e+00 -1.777351340278983116e-01
-2.422757849097251892e+01 -8.985849320888519287e+00 -1.931770285591483116e-01
-2.434928259253501892e+01 -9.249521195888519287e+00 -1.907661398872733116e-01
-1.378800329566001892e+01 -5.561654984951019287e+00 7.208176050335168839e-02
-2.520426306128501892e+01 -1.002063935995101929e+01 -2.004249533638358116e-01
-2.528202185034751892e+01 -1.028382295370101929e+01 -1.972053488716483116e-01
-2.377994665503501892e+01 -8.184701859951019287e+00 -8.679275121539831161e-02
-2.436185583472251892e+01 -8.590097367763519287e+00 -9.317092504352331161e-02
-2.479752478003501892e+01 -8.957406938076019287e+00 -9.626845922321081161e-02
-2.514750036597251892e+01 -9.304819047451019287e+00 -9.739760961383581161e-02
-2.554557165503501892e+01 -9.676767289638519287e+00 -9.928969945758581161e-02
-1.378836950659751892e+01 -5.559457719326019287e+00 1.358940163627266884e-01
-2.625834020972251892e+01 -1.041626924276351929e+01 -1.007545432075858116e-01
-2.657108435034751892e+01 -1.078101533651351929e+01 -1.003578146919608116e-01
-2.478251013159751892e+01 -8.504892289638519287e+00 8.269504643976688385e-03
-2.515799841284751892e+01 -8.850717484951019287e+00 9.139255620539188385e-03
-2.556791052222251892e+01 -9.216562211513519287e+00 9.093479253351688385e-03
-2.595694860816001892e+01 -9.584726274013519287e+00 9.627536870539188385e-03
-2.622525915503501892e+01 -9.917367875576019287e+00 1.216049585491418839e-02
-1.378873571753501892e+01 -5.557260453701019287e+00 2.000724831596016884e-01
-2.704264196753501892e+01 -1.070923799276351929e+01 1.379318628460168839e-02
-2.741105017066001892e+01 -1.110291475057601929e+01 1.484604272991418839e-02
-2.523429235816001892e+01 -8.646615922451019287e+00 1.197044411674141884e-01
-2.576603063941001892e+01 -9.048471391201019287e+00 1.205436745658516884e-01
-2.614713415503501892e+01 -9.410043656826019287e+00 1.232902565971016884e-01
-2.629703649878501892e+01 -9.699716508388519287e+00 1.286766091361641884e-01
-2.687272009253501892e+01 -1.014612764120101929e+01 1.299125710502266884e-01
-1.378910192847251892e+01 -5.555063188076019287e+00 2.638847390189766884e-01
-2.738895544409751892e+01 -1.083582490682601929e+01 1.394645730033516884e-01
-2.800296911597251892e+01 -1.132825654745101929e+01 1.412651101127266884e-01
-2.566166052222251892e+01 -8.780404984951019287e+00 2.350151101127266884e-01
-2.622281774878501892e+01 -9.195932328701019287e+00 2.387077370658516884e-01
-2.637406286597251892e+01 -9.483041703701019287e+00 2.457420388236641884e-01
-2.698917517066001892e+01 -9.937997758388519287e+00 2.498008767142891884e-01
-2.726603063941001892e+01 -1.028309053182601929e+01 2.559349099174141884e-01
-1.378946813941001892e+01 -5.552865922451019287e+00 3.280632058158516884e-01
-2.816446813941001892e+01 -1.112500947713851929e+01 2.666008034721016884e-01
-2.834598669409751892e+01 -1.145655244588851929e+01 2.738487282767891884e-01
-2.629239782691001892e+01 -8.979745805263519287e+00 3.547966042533516884e-01
-2.645035681128501892e+01 -9.266977250576019287e+00 3.621971169486641884e-01
-2.667337927222251892e+01 -9.580697953701019287e+00 3.696891823783516884e-01
-2.734867224097251892e+01 -1.005933564901351929e+01 3.771507302299141884e-01
-2.750687536597251892e+01 -1.036512178182601929e+01 3.851463356986641884e-01
-1.378983435034751892e+01 -5.550668656826019287e+00 3.918754616752266884e-01
-2.842972692847251892e+01 -1.122059053182601929e+01 4.018547097221016884e-01
-2.915628942847251892e+01 -1.176624482870101929e+01 4.108726540580391884e-01
-2.652665075659751892e+01 -9.050912797451019287e+00 4.786369362846016884e-01
-2.668058142066001892e+01 -9.338876664638519287e+00 4.872276345267891884e-01
-2.730936560034751892e+01 -9.793100297451019287e+00 4.978630105033516884e-01
-2.759024938941001892e+01 -1.013929170370101929e+01 5.074607888236641884e-01
-2.792313513159751892e+01 -1.051001924276351929e+01 5.175010720267891884e-01
-1.379020056128501892e+01 -5.548471391201019287e+00 4.557029763236641884e-01
-2.869864782691001892e+01 -1.131739228963851929e+01 5.389854470267891884e-01
-2.957096228003501892e+01 -1.192212861776351929e+01 5.528862038627266884e-01
-2.675882849097251892e+01 -9.121225297451019287e+00 6.053916970267891884e-01
-2.722513708472251892e+01 -9.514902055263519287e+00 6.178428689017891884e-01
-2.761161169409751892e+01 -9.891366899013519287e+00 6.299430886283516884e-01
-2.783756384253501892e+01 -1.022107881307601929e+01 6.408836403861641884e-01
-2.841275915503501892e+01 -1.068128389120101929e+01 6.553337136283516884e-01
-1.379056677222251892e+01 -5.546274125576019287e+00 5.198814431205391884e-01
-2.940482458472251892e+01 -1.157972139120101929e+01 6.839744606986641884e-01
-2.993180212378501892e+01 -1.205689424276351929e+01 6.991722146049141884e-01
-1.156192907691001892e+01 -4.217660844326019287e+00 5.321647683158516884e-01
-1.187796911597251892e+01 -4.422006547451019287e+00 5.400688210502266884e-01
-1.221488317847251892e+01 -4.639779984951019287e+00 5.485069314017891884e-01
-1.257633337378501892e+01 -4.873422563076019287e+00 5.575401345267891884e-01
-1.296231970191001892e+01 -5.122934281826019287e+00 5.671989480033516884e-01
-1.337809118628501892e+01 -5.391733109951019287e+00 5.776054421439766884e-01
-1.382438024878501892e+01 -5.680185258388519287e+00 5.887596169486641884e-01
-1.426957067847251892e+01 -5.977426469326019287e+00 6.002494851127266884e-01
-1.137052282691001892e+01 -4.154184281826019287e+00 5.811759987846016884e-01
-1.169254431128501892e+01 -4.358529984951019287e+00 5.908195534721016884e-01
-1.204874548316001892e+01 -4.581186234951019287e+00 6.010429421439766884e-01
-1.243351110816001892e+01 -4.821420609951019287e+00 6.123802224174141884e-01
-1.284647497534751892e+01 -5.079111039638519287e+00 6.245567360892891884e-01
-1.329374060034751892e+01 -5.358407914638519287e+00 6.377403298392891884e-01
-1.377787145972251892e+01 -5.660287797451019287e+00 6.523429909721016884e-01
-1.426358923316001892e+01 -5.972665727138519287e+00 6.670372048392891884e-01
-1.141678747534751892e+01 -4.167123734951019287e+00 6.334678689017891884e-01
-1.185160192847251892e+01 -4.409311234951019287e+00 6.474296608939766884e-01
-1.221976599097251892e+01 -4.637460649013519287e+00 6.601707497611641884e-01
-1.261698278784751892e+01 -4.883432328701019287e+00 6.739036599174141884e-01
-1.301969274878501892e+01 -5.139169633388519287e+00 6.880943337455391884e-01
-1.342435583472251892e+01 -5.404306352138519287e+00 7.026664773002266884e-01
-1.379959997534751892e+01 -5.666147172451019287e+00 7.168266335502266884e-01
-1.428788122534751892e+01 -5.979745805263519287e+00 7.341606179252266884e-01
-1.141703161597251892e+01 -4.165414750576019287e+00 6.852104226127266884e-01
-1.179618200659751892e+01 -4.389047563076019287e+00 6.995842019096016884e-01
-1.211576208472251892e+01 -4.599985063076019287e+00 7.128746071830391884e-01
-1.245768103003501892e+01 -4.825693070888519287e+00 7.270805398002266884e-01
-1.282157263159751892e+01 -5.065927445888519287e+00 7.422019997611641884e-01
-1.321256384253501892e+01 -5.323984086513519287e+00 7.584526101127266884e-01
-1.367948278784751892e+01 -5.618417680263519287e+00 7.772819558158516884e-01
-1.419718298316001892e+01 -5.942148149013519287e+00 7.984153786674141884e-01
-1.134818395972251892e+01 -4.141366899013519287e+00 7.344505349174141884e-01
-1.170902380347251892e+01 -4.358285844326019287e+00 7.504570046439766884e-01
-1.209183630347251892e+01 -4.589853227138519287e+00 7.675163308158516884e-01
-1.250638708472251892e+01 -4.840585649013519287e+00 7.859794655814766884e-01
-1.295328649878501892e+01 -5.110971391201019287e+00 8.058921853080391884e-01
-1.344022497534751892e+01 -5.405527055263519287e+00 8.275901833549141884e-01
-3.174503454566001892e+01 -1.243763154745101929e+01 1.469130710698664188e+00
-3.207547888159751892e+01 -1.286036103963851929e+01 1.493453220464289188e+00
-1.154374060034751892e+01 -4.202402055263519287e+00 7.931053200736641884e-01
-1.191227087378501892e+01 -4.423471391201019287e+00 8.111106911674141884e-01
-2.974332556128501892e+01 -1.058753389120101929e+01 1.493087009526789188e+00
-3.006925329566001892e+01 -1.097156709432601929e+01 1.517653659917414188e+00
-3.088199743628501892e+01 -1.153699678182601929e+01 1.561415866948664188e+00
-3.125589880347251892e+01 -1.195887178182601929e+01 1.588759616948664188e+00
-3.206925329566001892e+01 -1.255433076620101929e+01 1.633879856206476688e+00
-3.279581579566001892e+01 -1.313343232870101929e+01 1.677138523198664188e+00
-2.895292028784751892e+01 -9.794321000576019287e+00 1.576415256597101688e+00
-2.959354528784751892e+01 -1.026502412557601929e+01 1.615538791753351688e+00
-3.006644567847251892e+01 -1.069214814901351929e+01 1.648101047612726688e+00
-3.085367712378501892e+01 -1.124024385213851929e+01 1.694777683354914188e+00
-3.124613317847251892e+01 -1.166211885213851929e+01 1.724913791753351688e+00
-3.206461462378501892e+01 -1.225086396932601929e+01 1.774306491948664188e+00
-3.265494665503501892e+01 -1.276966279745101929e+01 1.814284519292414188e+00
-3.337210974097251892e+01 -1.335059541463851929e+01 1.860579685308039188e+00
-2.913871130347251892e+01 -9.849008500576019287e+00 1.721633152104914188e+00
-3.006485876441001892e+01 -1.041565889120101929e+01 1.777846531011164188e+00
-3.060050329566001892e+01 -1.086829560995101929e+01 1.816313938237726688e+00
-3.123502478003501892e+01 -1.136792939901351929e+01 1.859343723393976688e+00
-3.194449743628501892e+01 -1.190686982870101929e+01 1.907393650151789188e+00
-3.267850622534751892e+01 -1.247095674276351929e+01 1.958235935308039188e+00
-3.352762731909751892e+01 -1.309302705526351929e+01 2.014662937261164188e+00
-3.449149450659751892e+01 -1.377735322713851929e+01 2.077681736089289188e+00
-3.006327185034751892e+01 -1.014075654745101929e+01 1.906813816167414188e+00
-3.059244665503501892e+01 -1.058472627401351929e+01 1.946883396245539188e+00
-3.122538122534751892e+01 -1.107508271932601929e+01 1.993697361089289188e+00
-3.213614782691001892e+01 -1.167664521932601929e+01 2.055953220464289188e+00
-3.298075231909751892e+01 -1.227222627401351929e+01 2.115554050542414188e+00
-3.373319372534751892e+01 -1.285267060995101929e+01 2.171096042729914188e+00
-3.370780310034751892e+01 -1.315503877401351929e+01 2.185057834722101688e+00
-3.557987341284751892e+01 -1.419178193807601929e+01 2.304106906987726688e+00
-1.263700231909751892e+01 -5.368417680263519287e+00 -7.093886937946081161e-02
-1.261710485816001892e+01 -5.474618852138519287e+00 -6.784133519977331161e-02
-1.261551794409751892e+01 -5.588754594326019287e+00 -6.576613988727331161e-02
-1.262284216284751892e+01 -5.707773149013519287e+00 -6.401137914508581161e-02
-1.263028845191001892e+01 -5.827402055263519287e+00 -6.224135961383581161e-02
-1.263773474097251892e+01 -5.948373734951019287e+00 -6.045608129352331161e-02
-1.260599645972251892e+01 -6.052377641201019287e+00 -5.717544164508581161e-02
-1.254764685034751892e+01 -6.144418656826019287e+00 -5.322341527789831161e-02
-1.400467810034751892e+01 -5.899179399013519287e+00 -5.825881566852331161e-02
-1.399881872534751892e+01 -6.024057328701019287e+00 -5.560378637164831161e-02
-1.395646032691001892e+01 -6.134775102138519287e+00 -5.169753637164831161e-02
-1.394339880347251892e+01 -6.258310258388519287e+00 -4.841689672321081161e-02
-1.393045935034751892e+01 -6.382211625576019287e+00 -4.548720922321081161e-02
-1.390751013159751892e+01 -6.502695024013519287e+00 -4.255752172321081161e-02
-1.389444860816001892e+01 -6.627695024013519287e+00 -3.959731664508581161e-02
-1.388138708472251892e+01 -6.753305375576019287e+00 -3.662185277789831161e-02
-1.623734411597251892e+01 -6.766366899013519287e+00 -5.702285375446081161e-02
-1.601200231909751892e+01 -6.825082719326019287e+00 -4.742507543414831161e-02
-1.585282263159751892e+01 -6.907480180263519287e+00 -3.978042211383581161e-02
-1.569547399878501892e+01 -6.989145219326019287e+00 -3.221206273883581161e-02
-1.571073278784751892e+01 -7.142099320888519287e+00 -2.954177465289831161e-02
-1.572831091284751892e+01 -7.297983109951019287e+00 -2.688674535602331161e-02
-1.574601110816001892e+01 -7.454843461513519287e+00 -2.423171605914831161e-02
-1.576395544409751892e+01 -7.613168656826019287e+00 -2.154616918414831161e-02
-2.528299841284751892e+01 -1.028504365682601929e+01 -1.972053488716483116e-01
-2.536759313941001892e+01 -1.055396455526351929e+01 -1.931617697700858116e-01
-2.597355017066001892e+01 -1.103919404745101929e+01 -2.019203146919608116e-01
-1.780606970191001892e+01 -7.869150102138519287e+00 -6.485744379460811615e-03
-1.772696813941001892e+01 -8.002450883388519287e+00 -8.399924263358116150e-04
-1.770230993628501892e+01 -8.159677445888519287e+00 3.585056401789188385e-03
-1.767765173316001892e+01 -8.317026078701019287e+00 8.010105229914188385e-03
-1.764396032691001892e+01 -8.471078813076019287e+00 1.219101343303918839e-02
-2.657340368628501892e+01 -1.078272432088851929e+01 -1.003730734810233116e-01
-2.677530798316001892e+01 -1.111084932088851929e+01 -9.803847875446081161e-02
-2.719571813941001892e+01 -1.153370088338851929e+01 -9.959487523883581161e-02
-2.755838903784751892e+01 -1.194324678182601929e+01 -9.983901586383581161e-02
-2.764225134253501892e+01 -1.224170869588851929e+01 -9.486465062946081161e-02
-2.854801306128501892e+01 -1.290418428182601929e+01 -1.043861350044608116e-01
-1.848661169409751892e+01 -8.676034867763519287e+00 7.890243921428918839e-02
-2.084671911597251892e+01 -9.933603227138519287e+00 4.247970972210168839e-02
-2.741373571753501892e+01 -1.110486787557601929e+01 1.483078394085168839e-02
-2.781705603003501892e+01 -1.152124971151351929e+01 1.673813257366418839e-02
-2.818192419409751892e+01 -1.193140596151351929e+01 1.873703394085168839e-02
-2.880314001441001892e+01 -1.245850557088851929e+01 1.759262476116418839e-02
-2.921659216284751892e+01 -1.290992158651351929e+01 1.948471460491418839e-02
-2.998722204566001892e+01 -1.352869600057601929e+01 1.713486108928918839e-02
-1.848722204566001892e+01 -8.672983109951019287e+00 1.685325661674141884e-01
-3.113016638159751892e+01 -1.463416475057601929e+01 1.779098901897668839e-02
-2.800589880347251892e+01 -1.133033174276351929e+01 1.412651101127266884e-01
-2.826468786597251892e+01 -1.169458955526351929e+01 1.463768044486641884e-01
-2.910465368628501892e+01 -1.230286592245101929e+01 1.466667214408516884e-01
-2.932022985816001892e+01 -1.266944307088851929e+01 1.527092019096016884e-01
-3.021854528784751892e+01 -1.333313935995101929e+01 1.534111062064766884e-01
-3.040165075659751892e+01 -1.370459932088851929e+01 1.602470437064766884e-01
-1.848771032691001892e+01 -8.669931352138519287e+00 2.576591530814766884e-01
-3.201285681128501892e+01 -1.503211396932601929e+01 1.653739968314766884e-01
-2.834745153784751892e+01 -1.145801728963851929e+01 2.738792458549141884e-01
-2.923465856909751892e+01 -1.207581514120101929e+01 2.783500710502266884e-01
-2.942496618628501892e+01 -1.242823213338851929e+01 2.866813698783516884e-01
-1.615543493628501892e+01 -7.167367875576019287e+00 3.392173806205391884e-01
-3.052298864722251892e+01 -1.345777314901351929e+01 3.002311745658516884e-01
-3.142252478003501892e+01 -1.414539521932601929e+01 3.066398659721016884e-01
-1.848819860816001892e+01 -8.666879594326019287e+00 3.468009987846016884e-01
-3.241129431128501892e+01 -1.520838350057601929e+01 3.220665017142891884e-01
-2.916068395972251892e+01 -1.176893037557601929e+01 4.109031716361641884e-01
-2.952860388159751892e+01 -1.218763154745101929e+01 4.199668923392891884e-01
-3.028763708472251892e+01 -1.277466768026351929e+01 4.298240700736641884e-01
-1.614371618628501892e+01 -7.159677445888519287e+00 4.158165017142891884e-01
-3.144242224097251892e+01 -1.384498018026351929e+01 4.504844704642891884e-01
-3.171964392066001892e+01 -1.426954072713851929e+01 4.607994118705391884e-01
-1.848868688941001892e+01 -8.663827836513519287e+00 4.364311257377266884e-01
-3.272513708472251892e+01 -1.534583467245101929e+01 4.833824196830391884e-01
-2.957535681128501892e+01 -1.192481416463851929e+01 5.529472390189766884e-01
-2.982718786597251892e+01 -1.230115693807601929e+01 5.637504616752266884e-01
-3.072379431128501892e+01 -1.294703096151351929e+01 5.788261452689766884e-01
-1.613187536597251892e+01 -7.151987016201019287e+00 4.923088112846016884e-01
-3.185868200659751892e+01 -1.401709932088851929e+01 6.064140358939766884e-01
-3.240287145972251892e+01 -1.456238740682601929e+01 6.207267800346016884e-01
-1.848917517066001892e+01 -8.660654008388519287e+00 5.255729714408516884e-01
-3.350834020972251892e+01 -1.569751924276351929e+01 6.507255593314766884e-01
-2.993363317847251892e+01 -1.205860322713851929e+01 6.992332497611641884e-01
-3.057230505347251892e+01 -1.259217256307601929e+01 7.161094704642891884e-01
-3.116825231909751892e+01 -1.312256807088851929e+01 7.330314675346016884e-01
-1.612015661597251892e+01 -7.144296586513519287e+00 5.690757790580391884e-01
-3.230045446753501892e+01 -1.419983857870101929e+01 7.676231423392891884e-01
-3.284537634253501892e+01 -1.474964326620101929e+01 7.853843728080391884e-01
-1.848966345191001892e+01 -8.657602250576019287e+00 6.151878396049141884e-01
-3.396537145972251892e+01 -1.590003389120101929e+01 8.226158181205391884e-01
-1.427286657691001892e+01 -5.979257524013519287e+00 6.003105202689766884e-01
-1.475272497534751892e+01 -6.299570024013519287e+00 6.127464333549141884e-01
-1.527152380347251892e+01 -6.646005570888519287e+00 6.261894265189766884e-01
-1.583634313941001892e+01 -7.023080766201019287e+00 6.408226052299141884e-01
-1.642337927222251892e+01 -7.421274125576019287e+00 6.562492409721016884e-01
-1.702799353003501892e+01 -7.840219438076019287e+00 6.724845925346016884e-01
-1.768912634253501892e+01 -8.297006547451019287e+00 6.901847878471016884e-01
-1.846488317847251892e+01 -8.820321977138519287e+00 7.104789773002266884e-01
-1.426725134253501892e+01 -5.974618852138519287e+00 6.671287575736641884e-01
-1.479081091284751892e+01 -6.312265336513519287e+00 6.830741921439766884e-01
-1.535929235816001892e+01 -6.679086625576019287e+00 7.000114480033516884e-01
-1.598392614722251892e+01 -7.081918656826019287e+00 7.190238991752266884e-01
-1.661893591284751892e+01 -7.501840531826019287e+00 7.387535134330391884e-01
-1.726932653784751892e+01 -7.942514359951019287e+00 7.593681374564766884e-01
-1.792252478003501892e+01 -8.397958695888519287e+00 7.810508767142891884e-01
-1.846720251441001892e+01 -8.818124711513519287e+00 8.003379860892891884e-01
-1.429117712378501892e+01 -5.981454789638519287e+00 7.342674294486641884e-01
-1.475577673316001892e+01 -6.295785844326019287e+00 7.515098610892891884e-01
-1.525699743628501892e+01 -6.634775102138519287e+00 7.701255837455391884e-01
-1.580118688941001892e+01 -7.002939164638519287e+00 7.903282204642891884e-01
-1.637003454566001892e+01 -7.392831742763519287e+00 8.116600075736641884e-01
-1.701627478003501892e+01 -7.829111039638519287e+00 8.356163064017891884e-01
-1.776627478003501892e+01 -8.325082719326019287e+00 8.630058327689766884e-01
-1.858609899878501892e+01 -8.869028031826019287e+00 8.930046120658516884e-01
-1.420096716284751892e+01 -5.943979203701019287e+00 7.985374489799141884e-01
-1.475077185034751892e+01 -6.291269242763519287e+00 8.205253640189766884e-01
-1.535343298316001892e+01 -6.671396195888519287e+00 8.450157204642891884e-01
-1.601737341284751892e+01 -7.090219438076019287e+00 8.719780007377266884e-01
-3.407132849097251892e+01 -1.493103975057601929e+01 1.454055027104914188e+00
-3.413285192847251892e+01 -1.528711885213851929e+01 1.470076755620539188e+00
-3.491019567847251892e+01 -1.596473115682601929e+01 1.509642795659601688e+00
-3.595658239722251892e+01 -1.678272432088851929e+01 1.559813694097101688e+00
-3.207816442847251892e+01 -1.286243623495101929e+01 1.493575290776789188e+00
-3.291434606909751892e+01 -1.349415010213851929e+01 1.536681369878351688e+00
-3.342459997534751892e+01 -1.401172822713851929e+01 1.568831638433039188e+00
-3.410160192847251892e+01 -1.461170381307601929e+01 1.607665256597101688e+00
-3.427079138159751892e+01 -1.500977510213851929e+01 1.628386692143976688e+00
-3.345267614722251892e+01 -1.498462861776351929e+01 1.612563327886164188e+00
-3.325406774878501892e+01 -1.522034639120101929e+01 1.619460300542414188e+00
-3.448246130347251892e+01 -1.610462373495101929e+01 1.680815891362726688e+00
-3.280668005347251892e+01 -1.313868135213851929e+01 1.677611545659601688e+00
-3.339518103003501892e+01 -1.367908662557601929e+01 1.714812473393976688e+00
-3.412845739722251892e+01 -1.429163545370101929e+01 1.759398655034601688e+00
-3.489798864722251892e+01 -1.493677705526351929e+01 1.806288913823664188e+00
-3.516849645972251892e+01 -1.538575166463851929e+01 1.833037571050226688e+00
-3.347330603003501892e+01 -1.498755830526351929e+01 1.776992038823664188e+00
-3.327457556128501892e+01 -1.522352021932601929e+01 1.783492282964289188e+00
-3.713663610816001892e+01 -1.730701631307601929e+01 1.966490940190851688e+00
-3.337760290503501892e+01 -1.335376924276351929e+01 1.860869602300226688e+00
-3.418216833472251892e+01 -1.398499482870101929e+01 1.912459568120539188e+00
-3.466349157691001892e+01 -1.450269502401351929e+01 1.950041965581476688e+00
-3.434342321753501892e+01 -1.469996064901351929e+01 1.951049045659601688e+00
-3.524259313941001892e+01 -1.541089814901351929e+01 2.008956150151789188e+00
-3.361722692847251892e+01 -1.504407685995101929e+01 1.948348239995539188e+00
-3.626969274878501892e+01 -1.655091279745101929e+01 2.090850071050226688e+00
-3.672501501441001892e+01 -1.711292451620101929e+01 2.129866794683039188e+00
-3.449662145972251892e+01 -1.378052705526351929e+01 2.077986911870539188e+00
-3.532572302222251892e+01 -1.443201631307601929e+01 2.135878757573664188e+00
-3.606009802222251892e+01 -1.506324189901351929e+01 2.189864353276789188e+00
-3.500602087378501892e+01 -1.496912568807601929e+01 2.151900486089289188e+00
-3.331607946753501892e+01 -1.458533662557601929e+01 2.080931858159601688e+00
-3.351505407691001892e+01 -1.499353975057601929e+01 2.108245090581476688e+00
-3.627970251441001892e+01 -1.654871553182601929e+01 2.270583347417414188e+00
-3.915604528784751892e+01 -1.821228975057601929e+01 2.441741184331476688e+00
-3.558646520972251892e+01 -1.419544404745101929e+01 2.304534153081476688e+00
-3.429593786597251892e+01 -1.401795381307601929e+01 2.249358371831476688e+00
-3.690738806128501892e+01 -1.540052217245101929e+01 2.411910251714289188e+00
-3.603873571753501892e+01 -1.539173310995101929e+01 2.381118015386164188e+00
-3.339627966284751892e+01 -1.461341279745101929e+01 2.248656467534601688e+00
-3.545707067847251892e+01 -1.583216279745101929e+01 2.383513645268976688e+00
-3.291251501441001892e+01 -1.504419893026351929e+01 2.253966526128351688e+00
-3.292167028784751892e+01 -1.536939424276351929e+01 2.271926120854914188e+00
-1.254752478003501892e+01 -6.144784867763519287e+00 -5.320815648883581161e-02
-1.249698767066001892e+01 -6.240243852138519287e+00 -4.917983617633581161e-02
-1.244388708472251892e+01 -6.334360063076019287e+00 -4.538039769977331161e-02
-1.240860876441001892e+01 -6.437387406826019287e+00 -4.223708715289831161e-02
-1.237333044409751892e+01 -6.540414750576019287e+00 -3.909377660602331161e-02
-1.233780798316001892e+01 -6.643930375576019287e+00 -3.593520727008581161e-02
-1.230240759253501892e+01 -6.747446000576019287e+00 -3.277663793414831161e-02
-1.226078161597251892e+01 -6.847787797451019287e+00 -2.970962133258581161e-02
-1.388175329566001892e+01 -6.753915727138519287e+00 -3.662185277789831161e-02
-1.386087927222251892e+01 -6.876718461513519287e+00 -3.364638891071081161e-02
-1.383780798316001892e+01 -6.999032914638519287e+00 -3.060988988727331161e-02
-1.380155310034751892e+01 -7.115976274013519287e+00 -2.676467504352331161e-02
-1.375614294409751892e+01 -7.228280961513519287e+00 -2.298049535602331161e-02
-1.370157751441001892e+01 -7.336557328701019287e+00 -1.925735082477331161e-02
-1.365616735816001892e+01 -7.449106156826019287e+00 -1.547317113727331161e-02
-1.362589392066001892e+01 -7.569833695888519287e+00 -1.216201391071081161e-02
-1.576444372534751892e+01 -7.613901078701019287e+00 -2.154616918414831161e-02
-1.569657263159751892e+01 -7.733529984951019287e+00 -1.677016820758581161e-02
-1.562064489722251892e+01 -7.849252641201019287e+00 -1.178054418414831161e-02
-1.554447302222251892e+01 -7.964975297451019287e+00 -6.775661371648311615e-03
-1.551383337378501892e+01 -8.102670609951019287e+00 -3.006740473210811615e-03
-1.549588903784751892e+01 -8.247934281826019287e+00 4.570046439766883850e-04
-1.547794470191001892e+01 -8.393442094326019287e+00 3.920749761164188385e-03
-1.545987829566001892e+01 -8.539926469326019287e+00 7.415012456476688385e-03
-1.764420446753501892e+01 -8.471811234951019287e+00 1.219101343303918839e-02
-1.779386267066001892e+01 -8.712167680263519287e+00 1.298447046428918839e-02
-1.792728552222251892e+01 -8.949106156826019287e+00 1.377792749553918839e-02
-1.794254431128501892e+01 -9.133188188076019287e+00 1.721115503460168839e-02
-1.793192419409751892e+01 -9.305551469326019287e+00 2.123947534710168839e-02
-1.792130407691001892e+01 -9.479745805263519287e+00 2.531357202678918839e-02
-1.791056188941001892e+01 -9.654550492763519287e+00 2.938766870647668839e-02
-1.785392126441001892e+01 -9.806283891201019287e+00 3.398056421428918839e-02
-2.084513220191001892e+01 -9.933603227138519287e+00 4.252548608928918839e-02
-2.063126501441001892e+01 -1.003614228963851929e+01 5.091782007366418839e-02
-2.072062048316001892e+01 -1.028077119588851929e+01 5.415268335491418839e-02
-2.081180700659751892e+01 -1.053064912557601929e+01 5.743332300335168839e-02
-2.088602575659751892e+01 -1.077478975057601929e+01 6.108017358928918839e-02
-2.082364782691001892e+01 -1.095350068807601929e+01 6.700058374553918839e-02
-2.081376013159751892e+01 -1.115918916463851929e+01 7.209701929241418839e-02
-2.080350622534751892e+01 -1.136609834432601929e+01 7.722397241741418839e-02
-3.113407263159751892e+01 -1.463697236776351929e+01 1.776047144085168839e-02
-3.159745153784751892e+01 -1.515967744588851929e+01 2.082748804241418839e-02
-2.078421911597251892e+01 -1.030738252401351929e+01 1.554710427299141884e-01
-3.254313024878501892e+01 -1.625135225057601929e+01 2.603073511272668839e-02
-2.474906286597251892e+01 -1.269581025838851929e+01 1.216117898002266884e-01
-2.299735388159751892e+01 -1.205542939901351929e+01 1.471244851127266884e-01
-2.474320349097251892e+01 -1.319532197713851929e+01 1.344596901908516884e-01
-2.469645056128501892e+01 -1.342457002401351929e+01 1.407310524955391884e-01
-3.201664099097251892e+01 -1.503492158651351929e+01 1.653739968314766884e-01
-3.226883825659751892e+01 -1.546778291463851929e+01 1.722862282767891884e-01
-2.078470739722251892e+01 -1.030396455526351929e+01 2.573234597221016884e-01
-3.325821813941001892e+01 -1.659412568807601929e+01 1.836845437064766884e-01
-3.387882360816001892e+01 -1.723877900838851929e+01 1.891319314017891884e-01
-2.299796423316001892e+01 -1.205140107870101929e+01 2.615959206596016884e-01
-3.475858435034751892e+01 -1.838880342245101929e+01 2.033378640189766884e-01
-3.517936071753501892e+01 -1.897132295370101929e+01 2.110282937064766884e-01
-3.241275915503501892e+01 -1.521021455526351929e+01 3.220970192924141884e-01
-3.317459997534751892e+01 -1.588489717245101929e+01 3.300926247611641884e-01
-2.078531774878501892e+01 -1.030042451620101929e+01 3.597099343314766884e-01
-3.419645056128501892e+01 -1.704541963338851929e+01 3.492424050346016884e-01
-3.437418493628501892e+01 -1.747901338338851929e+01 3.592674294486641884e-01
-2.299845251441001892e+01 -1.204749482870101929e+01 3.766929665580391884e-01
-3.530655798316001892e+01 -1.866651338338851929e+01 3.787834206596016884e-01
-3.576810583472251892e+01 -1.927637666463851929e+01 3.895561257377266884e-01
-3.272660192847251892e+01 -1.534766572713851929e+01 4.834281960502266884e-01
-3.356595739722251892e+01 -1.606153291463851929e+01 4.962760964408516884e-01
-2.078592810034751892e+01 -1.029688447713851929e+01 4.615470925346016884e-01
-3.450699743628501892e+01 -1.719043916463851929e+01 5.210563698783516884e-01
-3.516141638159751892e+01 -1.786438935995101929e+01 5.347740212455391884e-01
-2.299906286597251892e+01 -1.204346650838851929e+01 4.911644021049141884e-01
-3.591764196753501892e+01 -1.897681611776351929e+01 5.611564675346016884e-01
-3.600064978003501892e+01 -1.939258760213851929e+01 5.733024636283516884e-01
-3.351249060034751892e+01 -1.570057100057601929e+01 6.508018532767891884e-01
-3.388187536597251892e+01 -1.620289033651351929e+01 6.649314919486641884e-01
-2.078641638159751892e+01 -1.029334443807601929e+01 5.633995095267891884e-01
-3.482328161597251892e+01 -1.733814424276351929e+01 6.960594216361641884e-01
-3.556168493628501892e+01 -1.805701631307601929e+01 7.147361794486641884e-01
-2.299967321753501892e+01 -1.203956025838851929e+01 6.056358376517891884e-01
-3.609635290503501892e+01 -1.906263154745101929e+01 7.445365944877266884e-01
-3.607645544409751892e+01 -1.942591279745101929e+01 7.568656960502266884e-01
-3.396976599097251892e+01 -1.590320771932601929e+01 8.227073708549141884e-01
-3.448258337378501892e+01 -1.647693818807601929e+01 8.414604226127266884e-01
-2.078702673316001892e+01 -1.028980439901351929e+01 6.657859841361641884e-01
-3.551029333472251892e+01 -1.766626924276351929e+01 8.804466286674141884e-01
-2.192447790503501892e+01 -1.126819795370101929e+01 6.969139138236641884e-01
-2.276639685034751892e+01 -1.191675752401351929e+01 7.172691384330391884e-01
-2.354093298316001892e+01 -1.254920381307601929e+01 7.372581521049141884e-01
-2.436734899878501892e+01 -1.322730439901351929e+01 7.587120095267891884e-01
-1.847074255347251892e+01 -8.823617875576019287e+00 7.106163064017891884e-01
-1.921744665503501892e+01 -9.350473344326019287e+00 7.310783425346016884e-01
-2.002958044409751892e+01 -9.925058305263519287e+00 7.533866921439766884e-01
-2.091751989722251892e+01 -1.055542939901351929e+01 7.778770485892891884e-01
-2.171183142066001892e+01 -1.115845674276351929e+01 8.012535134330391884e-01
-2.258170446753501892e+01 -1.181885713338851929e+01 8.268425026908516884e-01
-2.340519079566001892e+01 -1.247449678182601929e+01 8.522178689017891884e-01
-2.426773962378501892e+01 -1.317005342245101929e+01 8.791343728080391884e-01
-1.846683630347251892e+01 -8.818612992763519287e+00 8.003532448783516884e-01
-1.931253942847251892e+01 -9.391366899013519287e+00 8.273002663627266884e-01
-2.005851110816001892e+01 -9.935190141201019287e+00 8.520652810111641884e-01
-2.087442907691001892e+01 -1.053064912557601929e+01 8.797447243705391884e-01
-2.160453161597251892e+01 -1.110108369588851929e+01 9.059898415580391884e-01
-2.242032751441001892e+01 -1.173279756307601929e+01 9.351036110892891884e-01
-2.328763708472251892e+01 -1.240918916463851929e+01 9.668571511283516884e-01
-2.417203649878501892e+01 -1.311487764120101929e+01 9.992668190971016884e-01
-1.859147009253501892e+01 -8.872079789638519287e+00 8.931877175346016884e-01
-1.938114294409751892e+01 -9.419809281826019287e+00 9.232170144096016884e-01
-2.025126013159751892e+01 -1.002332490682601929e+01 9.562980690971016884e-01
-3.545951208472251892e+01 -1.762171357870101929e+01 1.411696628667414188e+00
-3.541007360816001892e+01 -1.795508760213851929e+01 1.425154880620539188e+00
-3.542716345191001892e+01 -1.832532685995101929e+01 1.440749363042414188e+00
-3.637687048316001892e+01 -1.918055146932601929e+01 1.485045627690851688e+00
-3.940580114722251892e+01 -2.115699189901351929e+01 1.595061496831476688e+00
-3.595926794409751892e+01 -1.678528779745101929e+01 1.559966281987726688e+00
-3.654996618628501892e+01 -1.741480439901351929e+01 1.594344333745539188e+00
-3.611637243628501892e+01 -1.757154268026351929e+01 1.595473484136164188e+00
-3.674295935034751892e+01 -1.823914521932601929e+01 1.632949070073664188e+00
-3.536124548316001892e+01 -1.792420381307601929e+01 1.600905613042414188e+00
-3.663443884253501892e+01 -1.893079560995101929e+01 1.661757663823664188e+00
-3.641056188941001892e+01 -1.919104951620101929e+01 1.670165256597101688e+00
-3.635685095191001892e+01 -1.953956025838851929e+01 1.685683445073664188e+00
-3.448417028784751892e+01 -1.610657685995101929e+01 1.680937961675226688e+00
-3.695682653784751892e+01 -1.759754365682601929e+01 1.792113498784601688e+00
-3.536283239722251892e+01 -1.720630830526351929e+01 1.746520237065851688e+00
-3.546878942847251892e+01 -1.761304658651351929e+01 1.766967014409601688e+00
-3.571610388159751892e+01 -1.809375947713851929e+01 1.793273166753351688e+00
-3.624662145972251892e+01 -1.872730439901351929e+01 1.831465915776789188e+00
-3.648343786597251892e+01 -1.922181123495101929e+01 1.858214573003351688e+00
-4.193851599097251892e+01 -2.247876924276351929e+01 2.102004245854914188e+00
-3.713907751441001892e+01 -1.730945771932601929e+01 1.966658786870539188e+00
-3.699015173316001892e+01 -1.760621064901351929e+01 1.976668552495539188e+00
-3.522001013159751892e+01 -1.713184541463851929e+01 1.915969089604914188e+00
-3.540531286597251892e+01 -1.757557100057601929e+01 1.941146091558039188e+00
-3.606717810034751892e+01 -1.826123994588851929e+01 1.988143161870539188e+00
-3.627689489722251892e+01 -1.873584932088851929e+01 2.015319065190851688e+00
-3.636637243628501892e+01 -1.915442842245101929e+01 2.037245945073664188e+00
-4.007206091284751892e+01 -2.148597139120101929e+01 2.229384616948664188e+00
-3.672513708472251892e+01 -1.711426728963851929e+01 2.129943088628351688e+00
-3.702359899878501892e+01 -1.761499971151351929e+01 2.162535862065851688e+00
-3.557169470191001892e+01 -1.729248994588851929e+01 2.109267429448664188e+00
-3.595353063941001892e+01 -1.783521455526351929e+01 2.146086887456476688e+00
-3.582047399878501892e+01 -1.813208955526351929e+01 2.157469944097101688e+00
-4.255021032691001892e+01 -2.190589326620101929e+01 2.517958835698664188e+00
-4.322513708472251892e+01 -2.269263643026351929e+01 2.574462131597101688e+00
-4.376908239722251892e+01 -2.342835420370101929e+01 2.625060276128351688e+00
-3.916214880347251892e+01 -1.821644014120101929e+01 2.442137912847101688e+00
-3.295755895972251892e+01 -1.571692842245101929e+01 2.127806858159601688e+00
-3.617203649878501892e+01 -1.757129853963851929e+01 2.319670871831476688e+00
-4.178092321753501892e+01 -2.065772432088851929e+01 2.645583347417414188e+00
-4.276542028784751892e+01 -2.156873506307601929e+01 2.722121433354914188e+00
-4.339176306128501892e+01 -2.232386201620101929e+01 2.781081394292414188e+00
-4.393143591284751892e+01 -2.304944795370101929e+01 2.834777073003351688e+00
-4.001712927222251892e+01 -2.144178193807601929e+01 2.634871677495539188e+00
-3.292203649878501892e+01 -1.537073701620101929e+01 2.272017673589289188e+00
-3.709073767066001892e+01 -1.763257783651351929e+01 2.534300998784601688e+00
-3.628312048316001892e+01 -1.761731904745101929e+01 2.506118015386164188e+00
-3.551688513159751892e+01 -1.760999482870101929e+01 2.479750827886164188e+00
-3.545353063941001892e+01 -1.793689912557601929e+01 2.495223239995539188e+00
-3.546305212378501892e+01 -1.830359834432601929e+01 2.515319065190851688e+00
-4.460184606909751892e+01 -2.338733857870101929e+01 3.098967746831476688e+00
-4.521561560034751892e+01 -2.417395967245101929e+01 3.163390354253351688e+00
-1.226065954566001892e+01 -6.848154008388519287e+00 -2.970962133258581161e-02
-1.222599157691001892e+01 -6.952524125576019287e+00 -2.652053441852331161e-02
-1.219522985816001892e+01 -7.059457719326019287e+00 -2.378921117633581161e-02
-1.216996130347251892e+01 -7.170419633388519287e+00 -2.125625219196081161e-02
-1.214469274878501892e+01 -7.281503617763519287e+00 -1.870803441852331161e-02
-1.211918005347251892e+01 -7.393564164638519287e+00 -1.614455785602331161e-02
-1.209366735816001892e+01 -7.505868852138519287e+00 -1.356582250446081161e-02
-1.206131872534751892e+01 -7.614633500576019287e+00 -1.107863988727331161e-02
-1.362577185034751892e+01 -7.570199906826019287e+00 -1.216201391071081161e-02
-1.360172399878501892e+01 -7.694833695888519287e+00 -9.308620356023311615e-03
-1.357755407691001892e+01 -7.820321977138519287e+00 -6.439968012273311615e-03
-1.356144079566001892e+01 -7.951425492763519287e+00 -3.433986566960811615e-03
-1.352298864722251892e+01 -8.070199906826019287e+00 -1.075705513358116150e-04
-1.347062048316001892e+01 -8.181894242763519287e+00 3.295139409601688385e-03
-1.342582067847251892e+01 -8.297738969326019287e+00 6.835178472101688385e-03
-1.338077673316001892e+01 -8.413949906826019287e+00 1.037521753460168839e-02
-1.545975622534751892e+01 -8.540414750576019287e+00 7.415012456476688385e-03
-1.543241247534751892e+01 -8.682870805263519287e+00 1.089401636272668839e-02
-1.467936071753501892e+01 -8.425668656826019287e+00 3.295822534710168839e-02
-1.462442907691001892e+01 -8.547006547451019287e+00 3.703232202678918839e-02
-1.528739294409751892e+01 -9.079965531826019287e+00 2.297897730022668839e-02
-1.523856481909751892e+01 -9.213266313076019287e+00 2.705307397991418839e-02
-1.518973669409751892e+01 -9.346567094326019287e+00 3.111191187053918839e-02
-1.514078649878501892e+01 -9.480112016201019287e+00 3.518600855022668839e-02
-1.785355505347251892e+01 -9.806772172451019287e+00 3.399582300335168839e-02
-1.778592810034751892e+01 -9.952890336513519287e+00 3.948898706585168839e-02
-1.459842810034751892e+01 -8.378305375576019287e+00 1.080162087455391884e-01
-1.457718786597251892e+01 -8.517709672451019287e+00 1.114494362846016884e-01
-1.767398962378501892e+01 -1.044581025838851929e+01 5.276413355022668839e-02
-1.689615759253501892e+01 -1.017945283651351929e+01 7.183761987835168839e-02
-1.680338415503501892e+01 -1.030494111776351929e+01 7.722397241741418839e-02
-1.741788610816001892e+01 -1.085962861776351929e+01 6.852646265178918839e-02
-2.080326208472251892e+01 -1.136670869588851929e+01 7.723923120647668839e-02
-2.074674353003501892e+01 -1.155030244588851929e+01 8.285446558147668839e-02
-1.455777868628501892e+01 -8.353158891201019287e+00 1.812278786674141884e-01
-1.483451208472251892e+01 -8.659677445888519287e+00 1.804344216361641884e-01
-2.057572302222251892e+01 -1.210596650838851929e+01 9.980698022991418839e-02
-1.679654821753501892e+01 -1.011792939901351929e+01 1.590873757377266884e-01
-1.675150427222251892e+01 -1.027088350057601929e+01 1.636955300346016884e-01
-2.040299353003501892e+01 -1.266773408651351929e+01 1.169426003471016884e-01
-2.469645056128501892e+01 -1.342542451620101929e+01 1.407615700736641884e-01
-2.519791540503501892e+01 -1.395215791463851929e+01 1.425773659721016884e-01
-1.426737341284751892e+01 -8.190439164638519287e+00 2.568504372611641884e-01
-1.468412145972251892e+01 -8.572397172451019287e+00 2.564537087455391884e-01
-1.455033239722251892e+01 -8.648813188076019287e+00 2.614280739799141884e-01
-1.443741735816001892e+01 -8.736459672451019287e+00 2.662040749564766884e-01
-1.435001501441001892e+01 -8.837778031826019287e+00 2.707054177299141884e-01
-1.423026403784751892e+01 -8.918954789638519287e+00 2.750999489799141884e-01
-3.518131384253501892e+01 -1.897364228963851929e+01 2.110435524955391884e-01
-3.545414099097251892e+01 -1.948853486776351929e+01 2.194969216361641884e-01
-1.411075720191001892e+01 -8.101449906826019287e+00 3.284294167533516884e-01
-1.396647009253501892e+01 -8.166269242763519287e+00 3.329460183158516884e-01
-1.385855993628501892e+01 -8.249765336513519287e+00 3.372489968314766884e-01
-1.376358923316001892e+01 -8.340219438076019287e+00 3.415061989799141884e-01
-1.367911657691001892e+01 -8.435678422451019287e+00 3.456718483939766884e-01
-1.359842810034751892e+01 -8.532968461513519287e+00 3.498222390189766884e-01
-3.577176794409751892e+01 -1.927955049276351929e+01 3.895866433158516884e-01
-3.618924841284751892e+01 -1.987879365682601929e+01 4.004966774955391884e-01
-1.408304724097251892e+01 -8.083505570888519287e+00 3.988182106986641884e-01
-1.394022497534751892e+01 -8.148935258388519287e+00 4.028923073783516884e-01
-1.384122595191001892e+01 -8.237192094326019287e+00 4.069664040580391884e-01
-1.374283728003501892e+01 -8.325571000576019287e+00 4.110252419486641884e-01
-1.365934118628501892e+01 -8.421396195888519287e+00 4.147026101127266884e-01
-1.357840856909751892e+01 -8.518320024013519287e+00 4.187461892142891884e-01
-3.599930700659751892e+01 -1.939319795370101929e+01 5.733329812064766884e-01
-3.672391638159751892e+01 -2.016040986776351929e+01 5.890495339408516884e-01
-1.406510290503501892e+01 -8.071054399013519287e+00 4.685966530814766884e-01
-1.393326696753501892e+01 -8.142465531826019287e+00 4.723197976127266884e-01
-1.382621130347251892e+01 -8.226083695888519287e+00 4.761344948783516884e-01
-1.373136267066001892e+01 -8.316171586513519287e+00 4.800254860892891884e-01
-1.364554724097251892e+01 -8.410531938076019287e+00 4.839317360892891884e-01
-1.356376013159751892e+01 -8.506845414638519287e+00 4.878532448783516884e-01
-3.607401403784751892e+01 -1.942591279745101929e+01 7.568809548392891884e-01
-3.726737341284751892e+01 -2.044678682088851929e+01 7.822715798392891884e-01
-1.405765661597251892e+01 -8.064340531826019287e+00 5.382988015189766884e-01
-1.392997106909751892e+01 -8.137948930263519287e+00 5.417015114799141884e-01
-1.382401403784751892e+01 -8.222177445888519287e+00 5.452873269096016884e-01
-1.374454626441001892e+01 -8.321298539638519287e+00 5.491783181205391884e-01
-1.366507849097251892e+01 -8.419565141201019287e+00 5.530540505424141884e-01
-1.357267126441001892e+01 -8.509530961513519287e+00 5.567466774955391884e-01
-2.437357458472251892e+01 -1.323145478963851929e+01 7.588340798392891884e-01
-2.526981481909751892e+01 -1.396705049276351929e+01 7.821342507377266884e-01
-1.406083044409751892e+01 -8.063486039638519287e+00 6.084587136283516884e-01
-1.393399938941001892e+01 -8.137582719326019287e+00 6.115257302299141884e-01
-1.382853063941001892e+01 -8.222055375576019287e+00 6.148979226127266884e-01
-1.373355993628501892e+01 -8.312265336513519287e+00 6.184379616752266884e-01
-1.367167028784751892e+01 -8.420907914638519287e+00 6.225273171439766884e-01
-1.357938513159751892e+01 -8.511117875576019287e+00 6.260520974174141884e-01
-2.427433142066001892e+01 -1.317432588338851929e+01 8.793022194877266884e-01
-2.519254431128501892e+01 -1.392054170370101929e+01 9.082634011283516884e-01
-1.409012731909751892e+01 -8.076913774013519287e+00 6.788475075736641884e-01
-1.396280798316001892e+01 -8.151132524013519287e+00 6.815788308158516884e-01
-1.385660681128501892e+01 -8.235605180263519287e+00 6.847221413627266884e-01
-1.375870642066001892e+01 -8.324350297451019287e+00 6.880180398002266884e-01
-1.367118200659751892e+01 -8.417978227138519287e+00 6.915123024955391884e-01
-1.358841833472251892e+01 -8.513925492763519287e+00 6.951133767142891884e-01
-2.417875036597251892e+01 -1.311927217245101929e+01 9.994804421439766884e-01
-2.514554724097251892e+01 -1.389039033651351929e+01 1.035048679448664188e+00
-1.415177282691001892e+01 -8.108163774013519287e+00 7.503959694877266884e-01
-1.401834997534751892e+01 -8.179696977138519287e+00 7.526542702689766884e-01
-1.391349157691001892e+01 -8.265512406826019287e+00 7.556144753471016884e-01
-1.381632360816001892e+01 -8.355356156826019287e+00 7.587883034721016884e-01
-1.372843298316001892e+01 -8.449350297451019287e+00 7.625267067924141884e-01
-1.364530310034751892e+01 -8.545663774013519287e+00 7.660209694877266884e-01
-3.941092810034751892e+01 -2.116114228963851929e+01 1.595275119878351688e+00
-3.603873571753501892e+01 -1.975611299276351929e+01 1.506270603276789188e+00
-1.418937048316001892e+01 -8.126230180263519287e+00 8.222038308158516884e-01
-1.404166540503501892e+01 -8.190072953701019287e+00 8.236381569877266884e-01
-1.393229040503501892e+01 -8.273569047451019287e+00 8.262321511283516884e-01
-1.383512243628501892e+01 -8.363656938076019287e+00 8.292228737846016884e-01
-1.374637731909751892e+01 -8.457406938076019287e+00 8.324424782767891884e-01
-1.366275915503501892e+01 -8.553720414638519287e+00 8.358146706596016884e-01
-3.635453161597251892e+01 -1.953968232870101929e+01 1.685652927495539188e+00
-3.600553259253501892e+01 -1.973133271932601929e+01 1.688826755620539188e+00
-1.424796423316001892e+01 -8.155771195888519287e+00 8.948051491752266884e-01
-1.408341345191001892e+01 -8.210946977138519287e+00 8.951866189017891884e-01
-1.395292028784751892e+01 -8.282724320888519287e+00 8.967430153861641884e-01
-1.385416540503501892e+01 -8.372079789638519287e+00 8.995048562064766884e-01
-1.376529821753501892e+01 -8.466073930263519287e+00 9.025871315971016884e-01
-1.368155798316001892e+01 -8.562387406826019287e+00 9.062034646049141884e-01
-4.194803747534751892e+01 -2.248536103963851929e+01 2.102462009526789188e+00
-3.603006872534751892e+01 -1.973755830526351929e+01 1.874434665776789188e+00
-3.777054724097251892e+01 -2.107325166463851929e+01 1.966323093511164188e+00
-1.408426794409751892e+01 -8.208749711513519287e+00 9.657737771049141884e-01
-1.396781286597251892e+01 -8.288583695888519287e+00 9.676048317924141884e-01
-1.387040075659751892e+01 -8.378915727138519287e+00 9.702293435111641884e-01
-1.377909216284751892e+01 -8.471567094326019287e+00 9.730522194877266884e-01
-1.369498571753501892e+01 -8.567880570888519287e+00 9.761955300346016884e-01
-4.007084020972251892e+01 -2.148682588338851929e+01 2.229384616948664188e+00
-3.605460485816001892e+01 -1.974390596151351929e+01 2.059294895268976688e+00
-3.757779821753501892e+01 -2.096009248495101929e+01 2.150771335698664188e+00
-1.434293493628501892e+01 -8.350961625576019287e+00 1.048461155034601688e+00
-1.397062048316001892e+01 -8.287607133388519287e+00 1.037627414800226688e+00
-1.387003454566001892e+01 -8.376108109951019287e+00 1.039931491948664188e+00
-1.377689489722251892e+01 -8.467660844326019287e+00 1.042510227300226688e+00
-1.369254431128501892e+01 -8.563730180263519287e+00 1.045882419683039188e+00
-4.377396520972251892e+01 -2.343250459432601929e+01 2.625380710698664188e+00
-3.603543981909751892e+01 -1.972669404745101929e+01 2.243102268315851688e+00
-4.497293981909751892e+01 -2.501185029745101929e+01 2.736479953862726688e+00
-3.741751989722251892e+01 -2.126441377401351929e+01 2.356581882573664188e+00
-1.461612829566001892e+01 -8.653329789638519287e+00 1.142867282964289188e+00
-1.542521032691001892e+01 -9.278207719326019287e+00 1.195098117925226688e+00
-1.536551794409751892e+01 -9.406991899013519287e+00 1.200270847417414188e+00
-1.528824743628501892e+01 -9.525400102138519287e+00 1.204467014409601688e+00
-4.001603063941001892e+01 -2.144263643026351929e+01 2.634886936284601688e+00
-3.601285681128501892e+01 -1.970765107870101929e+01 2.426497654058039188e+00
-4.578775915503501892e+01 -2.545020478963851929e+01 3.016478733159601688e+00
-4.646952185034751892e+01 -2.632227510213851929e+01 3.081755832768976688e+00
-1.465262731909751892e+01 -8.671396195888519287e+00 1.218352512456476688e+00
-1.540580114722251892e+01 -9.263925492763519287e+00 1.272292331792414188e+00
-1.573343786597251892e+01 -9.622079789638519287e+00 1.300994114018976688e+00
-1.572965368628501892e+01 -9.789071977138519287e+00 1.309874729253351688e+00
-4.522001013159751892e+01 -2.417786592245101929e+01 3.163741306401789188e+00
-3.599039587378501892e+01 -1.968873018026351929e+01 2.608672336675226688e+00
-3.873819860816001892e+01 -2.157483857870101929e+01 2.804427341558039188e+00
-3.915250524878501892e+01 -2.222034639120101929e+01 2.854216770268976688e+00
-3.906815466284751892e+01 -2.259314912557601929e+01 2.872389988042414188e+00
-1.470646032691001892e+01 -8.854501664638519287e+00 1.304442600347101688e+00
-1.459781774878501892e+01 -8.946176469326019287e+00 1.306044773198664188e+00
-1.451847204566001892e+01 -9.054574906826019287e+00 1.309935764409601688e+00
-1.206144079566001892e+01 -7.615243852138519287e+00 -1.107863988727331161e-02
-1.203666052222251892e+01 -7.729135453701019287e+00 -8.469386957585811615e-03
-1.200504431128501892e+01 -7.839731156826019287e+00 -5.951686762273311615e-03
-1.195487341284751892e+01 -7.939462602138519287e+00 -2.762599848210811615e-03
-1.190799841284751892e+01 -8.041147172451019287e+00 3.196755424141883850e-04
-1.187015661597251892e+01 -8.149545609951019287e+00 3.081516362726688385e-03
-1.183219274878501892e+01 -8.257944047451019287e+00 5.858615972101688385e-03
-1.178165563941001892e+01 -8.358407914638519287e+00 8.727268315851688385e-03
-1.338077673316001892e+01 -8.414438188076019287e+00 1.039047632366418839e-02
-1.332999548316001892e+01 -8.527353227138519287e+00 1.383896265178918839e-02
-1.327897009253501892e+01 -8.640634477138519287e+00 1.728744897991418839e-02
-1.323514685034751892e+01 -8.759286820888519287e+00 2.090378198772668839e-02
-1.318399938941001892e+01 -8.873178422451019287e+00 2.438278589397668839e-02
-1.312503942847251892e+01 -8.982797563076019287e+00 2.772446069866418839e-02
-1.309183630347251892e+01 -9.109506547451019287e+00 3.068466577678918839e-02
-1.305973181128501892e+01 -9.237924516201019287e+00 3.362961206585168839e-02
-1.514078649878501892e+01 -9.480722367763519287e+00 3.520126733928918839e-02
-1.508512243628501892e+01 -9.610727250576019287e+00 3.916855249553918839e-02
-1.502933630347251892e+01 -9.741220414638519287e+00 4.315109644085168839e-02
-1.497318395972251892e+01 -9.872323930263519287e+00 4.714889917522668839e-02
-1.491715368628501892e+01 -1.000354951620101929e+01 5.116196069866418839e-02
-1.486063513159751892e+01 -1.013550752401351929e+01 5.519028101116418839e-02
-1.480423864722251892e+01 -1.026746553182601929e+01 5.920334253460168839e-02
-1.365262731909751892e+01 -9.644296586513519287e+00 8.879013452678918839e-02
-1.741764196753501892e+01 -1.086011689901351929e+01 6.854172144085168839e-02
-1.734256872534751892e+01 -1.100403779745101929e+01 7.394333276897668839e-02
-1.728141149878501892e+01 -1.115711396932601929e+01 7.861252222210168839e-02
-1.721988806128501892e+01 -1.131116670370101929e+01 8.331222925335168839e-02
-1.715824255347251892e+01 -1.146509736776351929e+01 8.801193628460168839e-02
-1.709635290503501892e+01 -1.162024873495101929e+01 9.274216089397668839e-02
-1.703434118628501892e+01 -1.177527803182601929e+01 9.747238550335168839e-02
-1.359000524878501892e+01 -9.598398149013519287e+00 1.618339577689766884e-01
-2.040287145972251892e+01 -1.266846650838851929e+01 1.169578591361641884e-01
-2.033622106909751892e+01 -1.285169404745101929e+01 1.225425759330391884e-01
-2.026932653784751892e+01 -1.303553193807601929e+01 1.281578103080391884e-01
-2.020194372534751892e+01 -1.322083467245101929e+01 1.338035622611641884e-01
-2.013456091284751892e+01 -1.340613740682601929e+01 1.394645730033516884e-01
-2.006668981909751892e+01 -1.359278291463851929e+01 1.451561013236641884e-01
-1.999881872534751892e+01 -1.377955049276351929e+01 1.508476296439766884e-01
-1.355863317847251892e+01 -9.573984086513519287e+00 2.341758767142891884e-01
-1.422989782691001892e+01 -8.919321000576019287e+00 2.751152077689766884e-01
-1.443937048316001892e+01 -9.202768266201019287e+00 2.773582497611641884e-01
-1.501224645972251892e+01 -9.721567094326019287e+00 2.764884987846016884e-01
-1.400809606909751892e+01 -9.244516313076019287e+00 2.881156960502266884e-01
-1.394315466284751892e+01 -9.358529984951019287e+00 2.922508278861641884e-01
-1.386173376441001892e+01 -9.462289750576019287e+00 2.965232888236641884e-01
-1.382865270972251892e+01 -9.597909867763519287e+00 3.004447976127266884e-01
-1.339444860816001892e+01 -9.458017289638519287e+00 3.066551247611641884e-01
-1.359806188941001892e+01 -8.533334672451019287e+00 3.498374978080391884e-01
-1.351993688941001892e+01 -8.631845414638519287e+00 3.538658181205391884e-01
-1.344461950659751892e+01 -8.731821000576019287e+00 3.578636208549141884e-01
-1.337247595191001892e+01 -8.834237992763519287e+00 3.618614235892891884e-01
-1.331192907691001892e+01 -8.943735063076019287e+00 3.658287087455391884e-01
-1.325980505347251892e+01 -9.059335649013519287e+00 3.698112526908516884e-01
-1.323258337378501892e+01 -9.191659867763519287e+00 3.737327614799141884e-01
-1.333658728003501892e+01 -9.415414750576019287e+00 3.775627175346016884e-01
-1.357816442847251892e+01 -8.518686234951019287e+00 4.187614480033516884e-01
-1.349967321753501892e+01 -8.616708695888519287e+00 4.227134743705391884e-01
-1.342386755347251892e+01 -8.716196000576019287e+00 4.270317116752266884e-01
-1.334977087378501892e+01 -8.817026078701019287e+00 4.310142556205391884e-01
-1.329288610816001892e+01 -8.928598344326019287e+00 4.350120583549141884e-01
-1.323380407691001892e+01 -9.039438188076019287e+00 4.390403786674141884e-01
-1.321183142066001892e+01 -9.175058305263519287e+00 4.428398171439766884e-01
-1.333915075659751892e+01 -9.414560258388519287e+00 4.477226296439766884e-01
-1.356351599097251892e+01 -8.507089555263519287e+00 4.878685036674141884e-01
-1.348453649878501892e+01 -8.604745805263519287e+00 4.917594948783516884e-01
-1.340885290503501892e+01 -8.704111039638519287e+00 4.956657448783516884e-01
-1.333805212378501892e+01 -8.807016313076019287e+00 4.996177712455391884e-01
-1.327628454566001892e+01 -8.915170609951019287e+00 5.036460915580391884e-01
-1.322355017066001892e+01 -9.030038774013519287e+00 5.077659646049141884e-01
-1.319522985816001892e+01 -9.161142289638519287e+00 5.121299782767891884e-01
-1.331302770972251892e+01 -9.393808305263519287e+00 5.180046120658516884e-01
-1.357230505347251892e+01 -8.509897172451019287e+00 5.567619362846016884e-01
-1.349295935034751892e+01 -8.607431352138519287e+00 5.605766335502266884e-01
-1.342667517066001892e+01 -8.712778031826019287e+00 5.645744362846016884e-01
-1.333841833472251892e+01 -8.804696977138519287e+00 5.682823220267891884e-01
-1.327689489722251892e+01 -8.912973344326019287e+00 5.723259011283516884e-01
-1.322318395972251892e+01 -9.027109086513519287e+00 5.765220681205391884e-01
-1.319046911597251892e+01 -9.155282914638519287e+00 5.810386696830391884e-01
-1.329789099097251892e+01 -9.380746781826019287e+00 5.877677956596016884e-01
-1.357914099097251892e+01 -8.511362016201019287e+00 6.260673562064766884e-01
-1.349979528784751892e+01 -8.608896195888519287e+00 6.298210183158516884e-01
-1.343277868628501892e+01 -8.713998734951019287e+00 6.338188210502266884e-01
-1.334073767066001892e+01 -8.803476274013519287e+00 6.373283425346016884e-01
-1.327909216284751892e+01 -8.911752641201019287e+00 6.414176980033516884e-01
-1.322452673316001892e+01 -9.025400102138519287e+00 6.456749001517891884e-01
-1.319046911597251892e+01 -9.152597367763519287e+00 6.503593483939766884e-01
-1.329923376441001892e+01 -9.379037797451019287e+00 6.580955544486641884e-01
-1.358805212378501892e+01 -8.514169633388519287e+00 6.951133767142891884e-01
-1.350858435034751892e+01 -8.611825883388519287e+00 6.988212624564766884e-01
-1.343192419409751892e+01 -8.710824906826019287e+00 7.025749245658516884e-01
-1.336173376441001892e+01 -8.814340531826019287e+00 7.065116921439766884e-01
-1.329947790503501892e+01 -8.922494828701019287e+00 7.106315651908516884e-01
-1.324332556128501892e+01 -9.035165727138519287e+00 7.149192849174141884e-01
-1.320731481909751892e+01 -9.161386430263519287e+00 7.197410622611641884e-01
-1.331559118628501892e+01 -9.387582719326019287e+00 7.284690896049141884e-01
-1.364493688941001892e+01 -8.546029984951019287e+00 7.660209694877266884e-01
-1.356546911597251892e+01 -8.644174516201019287e+00 7.696983376517891884e-01
-1.348941931128501892e+01 -8.744272172451019287e+00 7.730857888236641884e-01
-1.341837438941001892e+01 -8.847909867763519287e+00 7.770072976127266884e-01
-1.335465368628501892e+01 -8.955820024013519287e+00 7.811271706596016884e-01
-1.329654821753501892e+01 -9.067880570888519287e+00 7.854606667533516884e-01
-1.325895056128501892e+01 -9.193612992763519287e+00 7.908012429252266884e-01
-1.336246618628501892e+01 -9.417123734951019287e+00 8.003685036674141884e-01
-1.366239294409751892e+01 -8.553964555263519287e+00 8.358146706596016884e-01
-1.358280310034751892e+01 -8.652231156826019287e+00 8.394310036674141884e-01
-1.350687536597251892e+01 -8.752572953701019287e+00 8.431541481986641884e-01
-1.343583044409751892e+01 -8.856454789638519287e+00 8.470756569877266884e-01
-1.337162145972251892e+01 -8.964120805263519287e+00 8.512107888236641884e-01
-1.331461462378501892e+01 -9.077157914638519287e+00 8.556358376517891884e-01
-1.329715856909751892e+01 -9.216806352138519287e+00 8.615409890189766884e-01
-1.339908728003501892e+01 -9.439706742763519287e+00 8.720390358939766884e-01
-1.368119177222251892e+01 -8.562753617763519287e+00 9.062187233939766884e-01
-1.360209020972251892e+01 -8.661508500576019287e+00 9.094230690971016884e-01
-1.352677282691001892e+01 -8.762582719326019287e+00 9.131462136283516884e-01
-1.345658239722251892e+01 -8.867074906826019287e+00 9.170829812064766884e-01
-1.339603552222251892e+01 -8.977426469326019287e+00 9.214164773002266884e-01
-1.335282263159751892e+01 -9.099862992763519287e+00 9.264976540580391884e-01
-1.333353552222251892e+01 -9.238656938076019287e+00 9.326316872611641884e-01
-1.348807653784751892e+01 -9.498056352138519287e+00 9.467613259330391884e-01
-1.369461950659751892e+01 -8.568124711513519287e+00 9.761955300346016884e-01
-1.361527380347251892e+01 -8.667001664638519287e+00 9.797050515189766884e-01
-1.354093298316001892e+01 -8.768808305263519287e+00 9.834434548392891884e-01
-1.347220739722251892e+01 -8.874399125576019287e+00 9.874565163627266884e-01
-1.340751013159751892e+01 -8.982187211513519287e+00 9.916374245658516884e-01
-1.335660681128501892e+01 -9.099740922451019287e+00 9.965049782767891884e-01
-1.333439001441001892e+01 -9.236581742763519287e+00 1.002761081792414188e+00
-1.382547888159751892e+01 -9.727182328701019287e+00 1.034285739995539188e+00
-1.369217810034751892e+01 -8.564096391201019287e+00 1.045882419683039188e+00
-1.361271032691001892e+01 -8.662851274013519287e+00 1.048964695073664188e+00
-1.353849157691001892e+01 -8.764535844326019287e+00 1.052672580815851688e+00
-1.347098669409751892e+01 -8.870981156826019287e+00 1.056746677495539188e+00
-1.340909704566001892e+01 -8.980600297451019287e+00 1.061095432378351688e+00
-1.335965856909751892e+01 -9.099130570888519287e+00 1.066130832768976688e+00
-1.354496130347251892e+01 -9.375986039638519287e+00 1.083861545659601688e+00
-1.463199743628501892e+01 -1.027832978963851929e+01 1.151625827886164188e+00
-1.528861364722251892e+01 -9.526132524013519287e+00 1.204512790776789188e+00
-3.317423376441001892e+01 -2.070337861776351929e+01 2.223509983159601688e+00
-3.383512243628501892e+01 -2.149122041463851929e+01 2.281142429448664188e+00
-3.804374060034751892e+01 -2.456617158651351929e+01 2.544631198979914188e+00
-3.829447302222251892e+01 -2.516797822713851929e+01 2.582656101323664188e+00
-1.482303747534751892e+01 -1.006592744588851929e+01 1.222289280034601688e+00
-1.377372106909751892e+01 -9.527597367763519287e+00 1.168761448003351688e+00
-1.508268103003501892e+01 -1.058484834432601929e+01 1.256102756597101688e+00
-1.572977575659751892e+01 -9.789682328701019287e+00 1.309920505620539188e+00
-3.316275915503501892e+01 -2.068970674276351929e+01 2.398329929448664188e+00
-3.382303747534751892e+01 -2.147681611776351929e+01 2.460448459722101688e+00
-3.801334509253501892e+01 -2.453907197713851929e+01 2.745665744878351688e+00
-3.795743688941001892e+01 -2.494092744588851929e+01 2.766570285893976688e+00
-4.285538610816001892e+01 -2.862854951620101929e+01 3.108351902104914188e+00
-1.397574743628501892e+01 -9.661020219326019287e+00 1.254454807378351688e+00
-4.481583532691001892e+01 -3.099170869588851929e+01 3.294249729253351688e+00
-1.451822790503501892e+01 -9.054941117763519287e+00 1.309935764409601688e+00
-1.444339880347251892e+01 -9.166025102138519287e+00 1.313674167729914188e+00
-1.436197790503501892e+01 -9.272836625576019287e+00 1.317351535893976688e+00
-1.427616247534751892e+01 -9.377084672451019287e+00 1.320738987065851688e+00
-1.418619665503501892e+01 -9.477914750576019287e+00 1.323790744878351688e+00
-1.408780798316001892e+01 -9.573251664638519287e+00 1.326262668706476688e+00
-1.434098181128501892e+01 -9.904428422451019287e+00 1.353530124761164188e+00
-4.338993200659751892e+01 -3.000379365682601929e+01 3.438704685308039188e+00
