8.092805385589599609e+00 -3.592526882886886597e+00 -4.906151074916067500e-01
8.170381069183349609e+00 -3.524899929761886597e+00 -4.926292676478567500e-01
8.244721889495849609e+00 -3.454343289136886597e+00 -4.947960156947317500e-01
8.304170131683349609e+00 -3.372067898511886597e+00 -4.965355176478567500e-01
8.359712123870849609e+00 -3.287351101636886597e+00 -4.981529492884817500e-01
8.415254116058349609e+00 -3.202756375074386597e+00 -4.997856397181692500e-01
8.470857143402099609e+00 -3.118039578199386597e+00 -5.014183301478567500e-01
8.522431850433349609e+00 -3.031003445386886597e+00 -5.031730908900442500e-01
8.791657924652099609e+00 -4.129392117261886597e+00 -4.601127881556692500e-01
8.873689174652099609e+00 -4.054074734449386597e+00 -4.624016065150442500e-01
8.960175991058349609e+00 -3.981564968824386597e+00 -4.645225781947317500e-01
9.043244838714599609e+00 -3.905393093824386597e+00 -4.668266553431692500e-01
9.126130580902099609e+00 -3.828855007886886597e+00 -4.691459912806692500e-01
9.191010951995849609e+00 -3.739499539136886597e+00 -4.710380811244192500e-01
9.246919155120849609e+00 -3.643430203199386597e+00 -4.730064649134817500e-01
9.307099819183349609e+00 -3.551022976636886597e+00 -4.747917432337942500e-01
9.621980190277099609e+00 -4.767087429761886597e+00 -4.237510938197317500e-01
9.713410854339599609e+00 -4.685788601636886597e+00 -4.261772412806692500e-01
9.805207729339599609e+00 -4.604245632886886597e+00 -4.286033887416067500e-01
9.897798061370849609e+00 -4.521970242261886597e+00 -4.310447949916067500e-01
9.990449428558349609e+00 -4.439572781324386597e+00 -4.335014600306692500e-01
1.008352804183959961e+01 -4.356809109449386597e+00 -4.359581250697317500e-01
1.017703390121459961e+01 -4.273190945386886597e+00 -4.384300488978567500e-01
1.024850606918334961e+01 -4.174802273511886597e+00 -4.405205029994192500e-01
1.061483907699584961e+01 -5.529660671949386597e+00 -3.799431104212942500e-01
1.072421407699584961e+01 -5.446286648511886597e+00 -3.822471875697317500e-01
1.082815694808959961e+01 -5.358029812574386597e+00 -3.848106641322317500e-01
1.093307638168334961e+01 -5.269040554761886597e+00 -3.874046582728567500e-01
1.103811788558959961e+01 -5.179807156324386597e+00 -3.900139112025442500e-01
1.114364767074584961e+01 -5.090207546949386597e+00 -3.926231641322317500e-01
1.125015401840209961e+01 -4.999753445386886597e+00 -3.952476758509817500e-01
1.135037374496459961e+01 -4.905026882886886597e+00 -3.981468457728567500e-01
1.184854269027709961e+01 -6.477292507886886597e+00 -3.256523389369192500e-01
1.196707296371459961e+01 -6.381467312574386597e+00 -3.283531446009817500e-01
1.208627462387084961e+01 -6.285153836011886597e+00 -3.310692090541067500e-01
1.220651388168334961e+01 -6.187863796949386597e+00 -3.338157910853567500e-01
1.232705831527709961e+01 -6.090451687574386597e+00 -3.365776319056692500e-01
1.244827413558959961e+01 -5.992551296949386597e+00 -3.393394727259817500e-01
1.257052755355834961e+01 -5.893674343824386597e+00 -3.421318311244192500e-01
1.269308614730834961e+01 -5.794675320386886597e+00 -3.449241895228567500e-01
1.339767599105834961e+01 -7.667111843824386597e+00 -2.573845166712942500e-01
1.354532003402709961e+01 -7.568845242261886597e+00 -2.598259229212942500e-01
1.368454122543334961e+01 -7.462888211011886597e+00 -2.626945752650442500e-01
1.382504415512084961e+01 -7.355832546949386597e+00 -2.655937451869192500e-01
1.396597433090209961e+01 -7.248410671949386597e+00 -2.684929151087942500e-01
1.410775899887084961e+01 -7.140378445386886597e+00 -2.714226026087942500e-01
1.425088644027709961e+01 -7.031369656324386597e+00 -2.743675488978567500e-01
1.438369894027709961e+01 -6.914792507886886597e+00 -2.777397412806692500e-01
1.541385030746459961e+01 -9.215695828199386597e+00 -1.679832715541067500e-01
1.558017110824584961e+01 -9.099851101636886597e+00 -1.709587354212942500e-01
1.574759054183959961e+01 -8.983151882886886597e+00 -1.739494580775442500e-01
1.591531515121459961e+01 -8.864011257886886597e+00 -1.769706983119192500e-01
1.608346700668334961e+01 -8.744504421949386597e+00 -1.800224561244192500e-01
1.625283956527709961e+01 -8.624143093824386597e+00 -1.830894727259817500e-01
1.642398214340209961e+01 -8.502561062574386597e+00 -1.861717481166067500e-01
1.659567403793334961e+01 -8.380490750074386597e+00 -1.892845410853567500e-01
1.649002218246459961e+01 -1.004125735163688660e+01 -6.671068854629425005e-02
1.720517110824584961e+01 -1.032165285944938660e+01 -6.341479010879425005e-02
1.797329854965209961e+01 -1.062280032038688660e+01 -5.934069342910675005e-02
1.874447774887084961e+01 -1.090539309382438660e+01 -5.615160651504425005e-02
1.895279073715209961e+01 -1.077172610163688660e+01 -5.926439948379425005e-02
1.916293478012084961e+01 -1.063696047663688660e+01 -6.239245124160675005e-02
1.935739278793334961e+01 -1.048852297663688660e+01 -6.632921881973175005e-02
1.957040548324584961e+01 -1.035156008601188660e+01 -6.951830573379425005e-02
1.648544454574584961e+01 -1.003576418757438660e+01 2.861096672714324995e-02
1.720065450668334961e+01 -1.031628176569938660e+01 3.534009270370574995e-02
1.796920919418334961e+01 -1.061767336726188660e+01 4.255749993026824995e-02
1.879953145980834961e+01 -1.094299075007438660e+01 5.035474114120574995e-02
1.969381856918334961e+01 -1.129345461726188660e+01 5.876233391464324995e-02
2.063900899887084961e+01 -1.165649172663688660e+01 6.749036125839324995e-02
2.166049337387084961e+01 -1.204675051569938660e+01 7.685925774276824995e-02
2.276858663558959961e+01 -1.246996828913688660e+01 8.703687004745574995e-02
1.648086690902709961e+01 -1.003027102351188660e+01 1.233680468052682500e-01
1.719571065902709961e+01 -1.031042239069938660e+01 1.334998827427682500e-01
1.796396017074584961e+01 -1.061169192194938660e+01 1.443946581333932500e-01
1.879470968246459961e+01 -1.093737551569938660e+01 1.561591845005807500e-01
1.968905782699584961e+01 -1.128771731257438660e+01 1.688392382115182500e-01
2.063400411605834961e+01 -1.165063235163688660e+01 1.820533495396432500e-01
2.165420675277709961e+01 -1.203991457819938660e+01 1.962440233677682500e-01
2.276089620590209961e+01 -1.246227785944938660e+01 2.116554003208932500e-01
5.001828145980834961e+01 -3.579797121882438660e+01 1.195252202078705750e+00
5.435342550277709961e+01 -3.827612063288688660e+01 1.298493168875580750e+00
4.630166769027709961e+01 -3.149975344538688660e+01 1.048172734305268250e+00
1.940658712387084961e+01 -1.137682864069938660e+01 2.796790819615182500e-01
6.731747579574584961e+01 -4.495031496882438660e+01 1.587418339774018250e+00
3.828347921371459961e+01 -2.386144778132438660e+01 7.749030809849557500e-01
2.222720479965209961e+01 -1.242541262507438660e+01 3.316657762974557500e-01
2.364834737777709961e+01 -1.304784914851188660e+01 3.603980761021432500e-01
6.939370870590209961e+01 -5.067760989069938660e+01 2.160050175711518250e+00
6.356985616683959961e+01 -4.520556399226188660e+01 1.927277348563080750e+00
6.565161275863647461e+01 -4.575658938288688660e+01 1.968872807547455750e+00
1.940487813949584961e+01 -1.137328860163688660e+01 3.889777880162057500e-01
6.848651266098022461e+01 -4.576855227351188660e+01 2.003678105399018250e+00
5.075119161605834961e+01 -3.248302981257438660e+01 1.394837163016205750e+00
2.222525167465209961e+01 -1.242150637507438660e+01 4.542854052037057500e-01
3.758188009262084961e+01 -2.227978274226188660e+01 9.327399950474557500e-01
1.575393819808959961e+01 -9.465939968824386597e+00 3.793494921177682500e-01
1.644625997543334961e+01 -9.740476101636886597e+00 3.992316942662057500e-01
1.719302511215209961e+01 -1.003710696101188660e+01 4.201667528599557500e-01
1.799966573715209961e+01 -1.035693117976188660e+01 4.432990770787057500e-01
1.885525655746459961e+01 -1.069164797663688660e+01 4.676826220005807500e-01
1.977810811996459961e+01 -1.105138918757438660e+01 4.939582567662057500e-01
2.078225851058959961e+01 -1.144189211726188660e+01 5.231178026646432500e-01
2.185574483871459961e+01 -1.185448977351188660e+01 5.535133104771432500e-01
1.586856222152709961e+01 -9.552121609449386597e+00 4.753577928990182500e-01
1.656662130355834961e+01 -9.829099148511886597e+00 4.987342577427682500e-01
1.731765890121459961e+01 -1.012695071101188660e+01 5.238960009068307500e-01
1.813095235824584961e+01 -1.044958254694938660e+01 5.511481981724557500e-01
1.898953390121459961e+01 -1.078429934382438660e+01 5.797126512974557500e-01
1.991897726058959961e+01 -1.114635989069938660e+01 6.106116991490182500e-01
2.093295431137084961e+01 -1.154150149226188660e+01 6.443336229771432500e-01
2.200894308090209961e+01 -1.195336672663688660e+01 6.798713427037057500e-01
1.571884298324584961e+01 -9.435300320386886597e+00 5.593421678990182500e-01
1.641409444808959961e+01 -9.712399929761886597e+00 5.855415087193307500e-01
1.718173360824584961e+01 -1.002477785944938660e+01 6.152351122349557500e-01
1.801535177230834961e+01 -1.036401125788688660e+01 6.474769335240182500e-01
1.889944601058959961e+01 -1.071838137507438660e+01 6.814735155552682500e-01
1.985641622543334961e+01 -1.110082766413688660e+01 7.182319384068307500e-01
2.090408468246459961e+01 -1.151952883601188660e+01 7.584693651646432500e-01
2.201815938949584961e+01 -1.195690676569938660e+01 8.016059618443307500e-01
1.587875509262084961e+01 -9.556149929761886597e+00 6.591041307896432500e-01
1.657766866683959961e+01 -9.833371609449386597e+00 6.892402391880807500e-01
1.732132101058959961e+01 -1.012560793757438660e+01 7.211921434849557500e-01
1.809726095199584961e+01 -1.042089602351188660e+01 7.541511278599557500e-01
1.892239522933959961e+01 -1.073241946101188660e+01 7.890937548130807500e-01
1.980764913558959961e+01 -1.106481692194938660e+01 8.264930468052682500e-01
2.076925802230834961e+01 -1.142577883601188660e+01 8.671424608677682500e-01
2.184756612777709961e+01 -1.184142825007438660e+01 9.131477098912057500e-01
1.576223897933959961e+01 -9.464841336011886597e+00 7.435615282505807500e-01
1.650998067855834961e+01 -9.780637234449386597e+00 7.797248583287057500e-01
1.732241964340209961e+01 -1.012438723444938660e+01 8.195808153599557500e-01
1.939615011215209961e+01 -1.135558840632438660e+01 9.364936571568307500e-01
3.570089864730834961e+01 -2.257775637507438660e+01 1.922074101492768250e+00
3.604586935043334961e+01 -2.228771731257438660e+01 1.920243046805268250e+00
2.221524190902709961e+01 -1.240173098444938660e+01 1.068466923758393250e+00
2.361691427230834961e+01 -1.301049563288688660e+01 1.138581059500580750e+00
3.778933858871459961e+01 -2.636999270319938660e+01 2.368988774344330750e+00
3.768252706527709961e+01 -2.569701907038688660e+01 2.334549687430268250e+00
4.940542745590209961e+01 -3.374682375788688660e+01 3.108017705008393250e+00
1.939438009262084961e+01 -1.135192629694938660e+01 1.046311162039643250e+00
3.511020040512084961e+01 -2.215649172663688660e+01 2.083802006766205750e+00
3.694149923324584961e+01 -2.290246340632438660e+01 2.181275151297455750e+00
2.221322774887084961e+01 -1.239782473444938660e+01 1.191651127859955750e+00
2.361477804183959961e+01 -1.300634524226188660e+01 1.267960331961518250e+00
3.778524923324584961e+01 -2.636230227351188660e+01 2.587952397391205750e+00
3.814993429183959961e+01 -2.604394289851188660e+01 2.586548588797455750e+00
4.567160177230834961e+01 -3.099206301569938660e+01 3.113083622977143250e+00
1.850302267074584961e+01 -1.070702883601188660e+01 1.090409062430268250e+00
1.922635030746459961e+01 -1.094030520319938660e+01 1.129425786063080750e+00
2.016909933090209961e+01 -1.130761477351188660e+01 1.183350346609955750e+00
2.119241476058959961e+01 -1.170470950007438660e+01 1.242417119070893250e+00
2.228244161605834961e+01 -1.212157961726188660e+01 1.304398320242768250e+00
1.607144308090209961e+01 -9.696530789136886597e+00 1.041916630789643250e+00
1.677975606918334961e+01 -9.977414578199386597e+00 1.085587285086518250e+00
1.754202413558959961e+01 -1.027978274226188660e+01 1.133118413016205750e+00
1.836282491683959961e+01 -1.060387942194938660e+01 1.184220097586518250e+00
1.923349142074584961e+01 -1.094311282038688660e+01 1.238205693289643250e+00
2.017703390121459961e+01 -1.131066653132438660e+01 1.296692631766205750e+00
2.120083761215209961e+01 -1.170800539851188660e+01 1.360077641531830750e+00
3.804306173324584961e+01 -2.254980227351188660e+01 2.623718998953705750e+00
8.522614955902099609e+00 -3.030759304761886597e+00 -5.031730908900442500e-01
8.577058315277099609e+00 -2.945676296949386597e+00 -5.048362988978567500e-01
8.627717494964599609e+00 -2.858273953199386597e+00 -5.066215772181692500e-01
8.678437709808349609e+00 -2.770505398511886597e+00 -5.084221143275442500e-01
8.729035854339599609e+00 -2.683103054761886597e+00 -5.102226514369192500e-01
8.779572963714599609e+00 -2.595822781324386597e+00 -5.120079297572317500e-01
8.830232143402099609e+00 -2.508176296949386597e+00 -5.137932080775442500e-01
8.876496791839599609e+00 -2.418576687574386597e+00 -5.157158154994192500e-01
9.307282924652099609e+00 -3.550656765699386597e+00 -4.747917432337942500e-01
9.362275600433349609e+00 -3.454831570386886597e+00 -4.767601270228567500e-01
9.421479701995849609e+00 -3.361813992261886597e+00 -4.785454053431692500e-01
9.476289272308349609e+00 -3.265500515699386597e+00 -4.805137891322317500e-01
9.530793666839599609e+00 -3.169553250074386597e+00 -4.824669141322317500e-01
9.585359096527099609e+00 -3.073728054761886597e+00 -4.844200391322317500e-01
9.635285854339599609e+00 -2.974851101636886597e+00 -4.865257520228567500e-01
9.689729213714599609e+00 -2.879270046949386597e+00 -4.884788770228567500e-01
1.024862813949584961e+01 -4.174436062574386597e+00 -4.405205029994192500e-01
1.030795431137084961e+01 -4.067990750074386597e+00 -4.426719922572317500e-01
1.036715841293334961e+01 -3.961667507886886597e+00 -4.448387403041067500e-01
1.042654561996459961e+01 -3.854978054761886597e+00 -4.469902295619192500e-01
1.048568868637084961e+01 -3.748898953199386597e+00 -4.491417188197317500e-01
1.054519796371459961e+01 -3.643063992261886597e+00 -4.513084668666067500e-01
1.060495138168334961e+01 -3.536984890699386597e+00 -4.534752149134817500e-01
1.066439962387084961e+01 -3.431394070386886597e+00 -4.556267041712942500e-01
1.135092306137084961e+01 -4.904782742261886597e+00 -3.981468457728567500e-01
1.145883321762084961e+01 -4.814206570386886597e+00 -4.007713574916067500e-01
1.153500509262084961e+01 -4.702512234449386597e+00 -4.033195752650442500e-01
1.160055685043334961e+01 -4.583371609449386597e+00 -4.057457227259817500e-01
1.166586446762084961e+01 -4.464841336011886597e+00 -4.081566113978567500e-01
1.173105001449584961e+01 -4.346433132886886597e+00 -4.105827588587942500e-01
1.179641866683959961e+01 -4.227658718824386597e+00 -4.129936475306692500e-01
1.185440206527709961e+01 -4.105466336011886597e+00 -4.156486768275442500e-01
1.269363546371459961e+01 -5.794431179761886597e+00 -3.449394483119192500e-01
1.281137228012084961e+01 -5.691159695386886597e+00 -3.479912061244192500e-01
1.293008565902709961e+01 -5.587399929761886597e+00 -3.510429639369192500e-01
1.304989767074584961e+01 -5.482541531324386597e+00 -3.541404981166067500e-01
1.313882589340209961e+01 -5.358518093824386597e+00 -3.570091504603567500e-01
1.321151876449584961e+01 -5.224484890699386597e+00 -3.597557324916067500e-01
1.328439474105834961e+01 -5.090207546949386597e+00 -3.625175733119192500e-01
1.335696554183959961e+01 -4.956662625074386597e+00 -3.652488965541067500e-01
1.438443136215209961e+01 -6.914548367261886597e+00 -2.777550000697317500e-01
1.453177022933959961e+01 -6.806516140699386597e+00 -2.805626172572317500e-01
1.466989278793334961e+01 -6.690793484449386597e+00 -2.837974805384817500e-01
1.480941915512084961e+01 -6.573972195386886597e+00 -2.870628613978567500e-01
1.494937276840209961e+01 -6.456784695386886597e+00 -2.903435010462942500e-01
1.509024190902709961e+01 -6.338864773511886597e+00 -2.936546582728567500e-01
1.520193624496459961e+01 -6.201779812574386597e+00 -2.969200391322317500e-01
1.527194356918334961e+01 -6.041379421949386597e+00 -3.004905957728567500e-01
1.659652853012084961e+01 -8.380246609449386597e+00 -1.892845410853567500e-01
1.676315450668334961e+01 -8.253049343824386597e+00 -1.926719922572317500e-01
1.693045186996459961e+01 -8.124631375074386597e+00 -1.960747022181692500e-01
1.709964132308959961e+01 -7.994748562574386597e+00 -1.995231885462942500e-01
1.726950216293334961e+01 -7.864255398511886597e+00 -2.029869336634817500e-01
1.744070577621459961e+01 -7.732785671949386597e+00 -2.064659375697317500e-01
1.761300802230834961e+01 -7.599484890699386597e+00 -2.099907178431692500e-01
1.778506612777709961e+01 -7.464963406324386597e+00 -2.135307569056692500e-01
1.957144308090209961e+01 -1.035131594538688660e+01 -6.951830573379425005e-02
1.977847433090209961e+01 -1.020800539851188660e+01 -7.299730964004425005e-02
2.000656270980834961e+01 -1.007568117976188660e+01 -7.575915046035675005e-02
2.021817159652709961e+01 -9.929196804761886597e+00 -7.931444831191925005e-02
2.043094015121459961e+01 -9.781980007886886597e+00 -8.288500495254425005e-02
2.064505147933959961e+01 -9.633176296949386597e+00 -8.648607917129425005e-02
2.084024190902709961e+01 -9.470090359449386597e+00 -9.091112799941925005e-02
2.105642843246459961e+01 -9.317868679761886597e+00 -9.458849616348175005e-02
2.277621603012084961e+01 -1.247399660944938660e+01 8.712842278183074995e-02
2.397927999496459961e+01 -1.293127200007438660e+01 9.799268059433074995e-02
2.436367940902709961e+01 -1.283910891413688660e+01 9.622266106308074995e-02
2.463748311996459961e+01 -1.267052981257438660e+01 9.269788078964324995e-02
2.491372823715209961e+01 -1.250121828913688660e+01 8.915784172714324995e-02
2.519278097152709961e+01 -1.233019778132438660e+01 8.558728508651824995e-02
2.547567892074584961e+01 -1.215685793757438660e+01 8.195569328964324995e-02
2.576052999496459961e+01 -1.198229739069938660e+01 7.830884270370574995e-02
2.276858663558959961e+01 -1.246618410944938660e+01 2.117927294224557500e-01
2.397110128402709961e+01 -1.292321535944938660e+01 2.284400682896432500e-01
2.524484395980834961e+01 -1.339550539851188660e+01 2.457893114537057500e-01
2.664853048324584961e+01 -1.391601321101188660e+01 2.649085741490182500e-01
2.816916036605834961e+01 -1.447448489069938660e+01 2.854926805943307500e-01
2.980404806137084961e+01 -1.506396242976188660e+01 3.073585253208932500e-01
3.161807394027709961e+01 -1.571667239069938660e+01 3.315742235630807500e-01
3.292520284652709961e+01 -1.604028078913688660e+01 3.454597216099557500e-01
2.364853048324584961e+01 -1.304687258601188660e+01 3.603675585240182500e-01
2.500167989730834961e+01 -1.358886477351188660e+01 3.864143114537057500e-01
2.537661886215209961e+01 -1.347619387507438660e+01 3.865821581333932500e-01
2.663870382308959961e+01 -1.390685793757438660e+01 4.088599901646432500e-01
2.815872335433959961e+01 -1.446484133601188660e+01 4.367530565708932500e-01
2.979403829574584961e+01 -1.505456301569938660e+01 4.664619188755807500e-01
3.160843038558959961e+01 -1.570739504694938660e+01 4.993903856724557500e-01
3.353335714340209961e+01 -1.638110110163688660e+01 5.338294725865182500e-01
3.758261251449584961e+01 -2.227843996882438660e+01 9.327094774693307500e-01
7.432281637191772461e+01 -4.557006594538688660e+01 2.069138310477143250e+00
4.934500265121459961e+01 -2.867944094538688660e+01 1.265702031180268250e+00
4.819394063949584961e+01 -2.727868410944938660e+01 1.210495732352143250e+00
5.396127462387084961e+01 -3.011816164851188660e+01 1.365036747977143250e+00
3.067880392074584961e+01 -1.557604739069938660e+01 6.512458544224557500e-01
2.186288595199584961e+01 -1.185815188288688660e+01 5.537421923130807500e-01
2.303024435043334961e+01 -1.230480715632438660e+01 5.869453173130807500e-01
2.430349874496459961e+01 -1.278954836726188660e+01 6.223914843052682500e-01
2.568264913558959961e+01 -1.330749270319938660e+01 6.612708788365182500e-01
2.718655538558959961e+01 -1.386852785944938660e+01 7.035682421177682500e-01
2.882113790512084961e+01 -1.447057864069938660e+01 7.492683153599557500e-01
3.060183858871459961e+01 -1.511657473444938660e+01 7.996375780552682500e-01
3.255575704574584961e+01 -1.581957766413688660e+01 8.538062792271432500e-01
2.201614522933959961e+01 -1.195715090632438660e+01 6.801460009068307500e-01
2.318441915512084961e+01 -1.240209719538688660e+01 7.189491014927682500e-01
2.443509054183959961e+01 -1.287023684382438660e+01 7.602088671177682500e-01
2.579513692855834961e+01 -1.337426516413688660e+01 8.049171190708932500e-01
2.727200460433959961e+01 -1.391723391413688660e+01 8.533027391880807500e-01
2.887735128402709961e+01 -1.450060793757438660e+01 9.056709032505807500e-01
3.062564229965209961e+01 -1.512695071101188660e+01 9.623878221958932500e-01
3.253695821762084961e+01 -1.580529543757438660e+01 1.024185917899018250e+00
2.202536153793334961e+01 -1.196069094538688660e+01 8.019263964146432500e-01
2.320175313949584961e+01 -1.241052004694938660e+01 8.461005907505807500e-01
2.447506856918334961e+01 -1.289269778132438660e+01 8.944404345005807500e-01
2.586270284652709961e+01 -1.341320559382438660e+01 9.469306688755807500e-01
2.736837911605834961e+01 -1.397253176569938660e+01 1.003693364188080750e+00
2.895541524887084961e+01 -1.454357668757438660e+01 1.062851689383393250e+00
3.067044210433959961e+01 -1.514928957819938660e+01 1.126358769461518250e+00
3.253958272933959961e+01 -1.580297610163688660e+01 1.196259282156830750e+00
2.185525655746459961e+01 -1.184545657038688660e+01 9.135139208287057500e-01
2.311538839340209961e+01 -1.235192629694938660e+01 9.685981493443307500e-01
2.448880147933959961e+01 -1.289855715632438660e+01 1.028427861258393250e+00
2.925369405746459961e+01 -1.511242434382438660e+01 1.248307011649018250e+00
3.066769552230834961e+01 -1.555517336726188660e+01 1.305237553641205750e+00
2.361709737777709961e+01 -1.300939700007438660e+01 1.138550541922455750e+00
3.678634786605834961e+01 -2.120666262507438660e+01 1.897537968680268250e+00
4.734054708480834961e+01 -2.738024660944938660e+01 2.490052006766205750e+00
5.113754415512084961e+01 -2.907543703913688660e+01 2.681519291922455750e+00
2.925106954574584961e+01 -1.510741946101188660e+01 1.404755375906830750e+00
2.957626485824584961e+01 -1.490478274226188660e+01 1.406800053641205750e+00
3.111453390121459961e+01 -1.539953371882438660e+01 1.476456425711518250e+00
3.307492208480834961e+01 -1.609850832819938660e+01 1.568970463797455750e+00
2.361496114730834961e+01 -1.300524660944938660e+01 1.267929814383393250e+00
2.347201681137084961e+01 -1.257751223444938660e+01 1.244110844656830750e+00
2.475332784652709961e+01 -1.306054446101188660e+01 1.311264775320893250e+00
2.615872335433959961e+01 -1.358764407038688660e+01 1.384796879813080750e+00
2.767361593246459961e+01 -1.414794680476188660e+01 1.463715336844330750e+00
2.933633565902709961e+01 -1.475915285944938660e+01 1.550171635672455750e+00
3.113101339340209961e+01 -1.540539309382438660e+01 1.642899296805268250e+00
4.942117452621459961e+01 -2.534472414851188660e+01 2.734360478445893250e+00
2.228970479965209961e+01 -1.212536379694938660e+01 1.304871342703705750e+00
2.348233175277709961e+01 -1.258141848444938660e+01 1.373444340750580750e+00
2.476449728012084961e+01 -1.306469485163688660e+01 1.446137211844330750e+00
4.705557394027709961e+01 -2.653405520319938660e+01 2.955170414969330750e+00
5.181784200668334961e+01 -2.877538821101188660e+01 3.248245976492768250e+00
5.058096456527709961e+01 -2.734155032038688660e+01 3.132889531180268250e+00
4.986203145980834961e+01 -2.624682375788688660e+01 3.055222294852143250e+00
3.804318380355834961e+01 -2.254809328913688660e+01 2.623642705008393250e+00
5.272696065902709961e+01 -3.151611086726188660e+01 3.700424931570893250e+00
4.946157979965209961e+01 -2.801916262507438660e+01 3.387863896414643250e+00
5.309243917465209961e+01 -2.954150149226188660e+01 3.620697758719330750e+00
4.972439718246459961e+01 -2.682824465632438660e+01 3.341645024344330750e+00
4.985788106918334961e+01 -2.623864504694938660e+01 3.318894169852143250e+00
5.309616231918334961e+01 -2.741198489069938660e+01 3.519104741141205750e+00
8.876740932464599609e+00 -2.418332546949386597e+00 -5.157158154994192500e-01
8.925874233245849609e+00 -2.330319851636886597e+00 -5.175316113978567500e-01
8.971040248870849609e+00 -2.240109890699386597e+00 -5.194694776087942500e-01
9.016267299652099609e+00 -2.149655789136886597e+00 -5.214073438197317500e-01
9.061372280120849609e+00 -2.059567898511886597e+00 -5.233452100306692500e-01
9.106477260589599609e+00 -1.969480007886886597e+00 -5.252830762416067500e-01
9.151704311370849609e+00 -1.879147976636886597e+00 -5.272209424525442500e-01
9.192658901214599609e+00 -1.787106961011886597e+00 -5.292961377650442500e-01
9.689973354339599609e+00 -2.878903836011886597e+00 -4.884788770228567500e-01
9.739106655120849609e+00 -2.780393093824386597e+00 -4.906151074916067500e-01
9.793000698089599609e+00 -2.684323757886886597e+00 -4.925682324916067500e-01
9.842317104339599609e+00 -2.585446804761886597e+00 -4.947044629603567500e-01
9.891450405120849609e+00 -2.486936062574386597e+00 -4.968254346400442500e-01
9.940522670745849609e+00 -2.388425320386886597e+00 -4.989464063197317500e-01
9.984956264495849609e+00 -2.287229031324386597e+00 -5.012199658900442500e-01
1.003396749496459961e+01 -2.188962429761886597e+00 -5.033409375697317500e-01
1.066470479965209961e+01 -3.431027859449386597e+00 -4.556419629603567500e-01
1.071859884262084961e+01 -3.322385281324386597e+00 -4.579765576869192500e-01
1.077243185043334961e+01 -3.213620632886886597e+00 -4.603264112025442500e-01
1.082650899887084961e+01 -3.104733914136886597e+00 -4.626762647181692500e-01
1.088028097152709961e+01 -2.996091336011886597e+00 -4.650108594447317500e-01
1.093411397933959961e+01 -2.887570828199386597e+00 -4.673454541712942500e-01
1.098806905746459961e+01 -2.778684109449386597e+00 -4.696953076869192500e-01
1.104184103012084961e+01 -2.670285671949386597e+00 -4.720299024134817500e-01
1.185470724105834961e+01 -4.105100125074386597e+00 -4.156486768275442500e-01
1.192086935043334961e+01 -3.987546414136886597e+00 -4.180137891322317500e-01
1.197982931137084961e+01 -3.866086453199386597e+00 -4.206230420619192500e-01
1.203903341293334961e+01 -3.744382351636886597e+00 -4.232475537806692500e-01
1.209793233871459961e+01 -3.623044461011886597e+00 -4.258415479212942500e-01
1.215683126449584961e+01 -3.501828640699386597e+00 -4.284508008509817500e-01
1.221585226058959961e+01 -3.380246609449386597e+00 -4.310600537806692500e-01
1.226736593246459961e+01 -3.255612820386886597e+00 -4.338829297572317500e-01
1.335727071762084961e+01 -4.956174343824386597e+00 -3.652641553431692500e-01
1.342331075668334961e+01 -4.818967312574386597e+00 -3.682091016322317500e-01
1.348928976058959961e+01 -4.681882351636886597e+00 -3.711693067103567500e-01
1.355545186996459961e+01 -4.544431179761886597e+00 -3.741295117884817500e-01
1.362136983871459961e+01 -4.407468289136886597e+00 -3.770744580775442500e-01
1.368722677230834961e+01 -4.270627468824386597e+00 -3.800346631556692500e-01
1.375326681137084961e+01 -4.133420437574386597e+00 -3.829796094447317500e-01
1.381900167465209961e+01 -3.996701687574386597e+00 -3.859245557337942500e-01
1.527230978012084961e+01 -6.040891140699386597e+00 -3.005058545619192500e-01
1.535879659652709961e+01 -5.890012234449386597e+00 -3.035118360072317500e-01
1.543356466293334961e+01 -5.732541531324386597e+00 -3.069145459681692500e-01
1.550851583480834961e+01 -5.574704617261886597e+00 -3.103325147181692500e-01
1.558310079574584961e+01 -5.417478054761886597e+00 -3.137352246791067500e-01
1.565768575668334961e+01 -5.260495632886886597e+00 -3.171226758509817500e-01
1.573245382308959961e+01 -5.103024929761886597e+00 -3.205253858119192500e-01
1.579483175277709961e+01 -4.940427273511886597e+00 -3.243095654994192500e-01
1.778592061996459961e+01 -7.464597195386886597e+00 -2.135460156947317500e-01
1.792440938949584961e+01 -7.309567898511886597e+00 -2.174217481166067500e-01
1.800888204574584961e+01 -7.124265164136886597e+00 -2.214500684291067500e-01
1.809359884262084961e+01 -6.938474148511886597e+00 -2.254783887416067500e-01
1.817794942855834961e+01 -6.753537625074386597e+00 -2.294761914759817500e-01
1.826223897933959961e+01 -6.568845242261886597e+00 -2.334892529994192500e-01
1.834665060043334961e+01 -6.383664578199386597e+00 -2.375023145228567500e-01
1.843069601058959961e+01 -6.199216336011886597e+00 -2.415001172572317500e-01
2.105764913558959961e+01 -9.317624539136886597e+00 -9.460375495254425005e-02
2.126913595199584961e+01 -9.160275906324386597e+00 -9.855578131973175005e-02
2.150369405746459961e+01 -9.012814968824386597e+00 -1.018059033900442500e-01
2.171438741683959961e+01 -8.848630398511886597e+00 -1.059105176478567500e-01
2.180868673324584961e+01 -8.622922390699386597e+00 -1.108238477259817500e-01
2.190280294418334961e+01 -8.397580593824386597e+00 -1.157371778041067500e-01
2.197488546371459961e+01 -8.161008328199386597e+00 -1.213981885462942500e-01
2.207077169418334961e+01 -7.937741726636886597e+00 -1.262810010462942500e-01
2.576205587387084961e+01 -1.198193117976188660e+01 7.830884270370574995e-02
2.604403829574584961e+01 -1.180212160944938660e+01 7.440259270370574995e-02
2.632528829574584961e+01 -1.161816164851188660e+01 7.040478996933074995e-02
2.661026144027709961e+01 -1.143127200007438660e+01 6.633069328964324995e-02
2.689743185043334961e+01 -1.124291750788688660e+01 6.224133782089324995e-02
2.718777608871459961e+01 -1.105236575007438660e+01 5.809094719589324995e-02
2.737936544418334961e+01 -1.080859133601188660e+01 5.270459465683074995e-02
2.749038839340209961e+01 -1.052612063288688660e+01 4.643323235214324995e-02
3.292740011215209961e+01 -1.604003664851188660e+01 3.454597216099557500e-01
3.331948995590209961e+01 -1.582739016413688660e+01 3.420112352818307500e-01
3.371408224105834961e+01 -1.561059328913688660e+01 3.384711962193307500e-01
3.411532735824584961e+01 -1.539001223444938660e+01 3.348548632115182500e-01
3.452047872543334961e+01 -1.516735598444938660e+01 3.312232714146432500e-01
3.493106222152709961e+01 -1.494164797663688660e+01 3.275306444615182500e-01
3.534860372543334961e+01 -1.471215578913688660e+01 3.237769823521432500e-01
3.577041769027709961e+01 -1.448034426569938660e+01 3.199928026646432500e-01
3.354635763168334961e+01 -1.638696047663688660e+01 5.341041307896432500e-01
3.568405294418334961e+01 -1.713256594538688660e+01 5.723273973912057500e-01
3.797458028793334961e+01 -1.791003176569938660e+01 6.127326708287057500e-01
4.049545431137084961e+01 -1.875341555476188660e+01 6.568610887974557500e-01
4.324331808090209961e+01 -1.965661379694938660e+01 7.045448046177682500e-01
4.619033956527709961e+01 -2.059631106257438660e+01 7.548988085240182500e-01
4.878250265121459961e+01 -2.129223391413688660e+01 7.957160692662057500e-01
4.941256856918334961e+01 -2.099487063288688660e+01 7.931983690708932500e-01
3.919308614730834961e+01 -1.856432864069938660e+01 8.446510057896432500e-01
4.777780294418334961e+01 -2.138854739069938660e+01 1.034577153250580750e+00
4.938156270980834961e+01 -2.158019778132438660e+01 1.060395024344330750e+00
5.284469747543334961e+01 -2.262890383601188660e+01 1.134400151297455750e+00
3.256887960433959961e+01 -1.582555910944938660e+01 8.542030077427682500e-01
3.469259786605834961e+01 -1.657568117976188660e+01 9.129493456333932500e-01
3.701864767074584961e+01 -1.738476321101188660e+01 9.758918505162057500e-01
3.955691671371459961e+01 -1.824902102351188660e+01 1.045044682547455750e+00
4.232187032699584961e+01 -1.917223879694938660e+01 1.119812748953705750e+00
4.531747579574584961e+01 -2.014721438288688660e+01 1.200028203055268250e+00
4.857669210433959961e+01 -2.118029543757438660e+01 1.287781498953705750e+00
5.208975362777709961e+01 -2.226220461726188660e+01 1.380066655203705750e+00
3.254977560043334961e+01 -1.581103274226188660e+01 1.024643681570893250e+00
3.462198019027709961e+01 -1.653271242976188660e+01 1.091614506766205750e+00
3.688321065902709961e+01 -1.730724856257438660e+01 1.164261601492768250e+00
3.943277120590209961e+01 -1.817895266413688660e+01 1.246125004813080750e+00
4.222610616683959961e+01 -1.911816164851188660e+01 1.335297368094330750e+00
4.524746847152709961e+01 -2.010680910944938660e+01 1.430847905203705750e+00
4.853866720199584961e+01 -2.115612551569938660e+01 1.534012578055268250e+00
5.207046651840209961e+01 -2.224706789851188660e+01 1.643555424734955750e+00
3.255209493637084961e+01 -1.580859133601188660e+01 1.196762822195893250e+00
3.460336446762084961e+01 -1.651843020319938660e+01 1.271851323172455750e+00
3.705203390121459961e+01 -1.739428469538688660e+01 1.363571904227143250e+00
3.973129415512084961e+01 -1.833190676569938660e+01 1.463211796805268250e+00
4.775277853012084961e+01 -2.135961672663688660e+01 1.769257329031830750e+00
5.064615011215209961e+01 -2.218249270319938660e+01 1.870194218680268250e+00
3.917862081527709961e+01 -1.853844973444938660e+01 1.661850712820893250e+00
4.201663351058959961e+01 -1.953210207819938660e+01 1.781143925711518250e+00
4.283389425277709961e+01 -1.942114016413688660e+01 1.800675175711518250e+00
4.581631612777709961e+01 -2.038207766413688660e+01 1.922928593680268250e+00
4.906509542465209961e+01 -2.140270754694938660e+01 2.055115483328705750e+00
5.253830099105834961e+01 -2.245849367976188660e+01 2.195130131766205750e+00
3.308822774887084961e+01 -1.610448977351188660e+01 1.569641850516205750e+00
3.523629903793334961e+01 -1.686034914851188660e+01 1.669495366141205750e+00
3.756289815902709961e+01 -1.766149660944938660e+01 1.777954838797455750e+00
4.010043478012084961e+01 -1.851733157038688660e+01 1.895539067313080750e+00
4.941891622543334961e+01 -2.534118410944938660e+01 2.734131596609955750e+00
5.309890890121459961e+01 -2.741113039851188660e+01 3.519181035086518250e+00
5.371591329574584961e+01 -2.705859133601188660e+01 3.529495976492768250e+00
9.192780971527099609e+00 -1.786740750074386597e+00 -5.292961377650442500e-01
9.236848354339599609e+00 -1.696286648511886597e+00 -5.312645215541067500e-01
9.276826381683349609e+00 -1.603879421949386597e+00 -5.333549756556692500e-01
9.316926479339599609e+00 -1.511105984449386597e+00 -5.354454297572317500e-01
9.356904506683349609e+00 -1.418698757886886597e+00 -5.375358838587942500e-01
9.396882534027099609e+00 -1.326291531324386597e+00 -5.396263379603567500e-01
9.436982631683349609e+00 -1.233518093824386597e+00 -5.417320508509817500e-01
9.472749233245849609e+00 -1.139523953199386597e+00 -5.439445752650442500e-01
1.003408956527709961e+01 -2.188596218824386597e+00 -5.033409375697317500e-01
1.007772970199584961e+01 -2.087644070386886597e+00 -5.056297559291067500e-01
1.012625265121459961e+01 -1.988889187574386597e+00 -5.077659863978567500e-01
1.017001485824584961e+01 -1.887570828199386597e+00 -5.100548047572317500e-01
1.021365499496459961e+01 -1.786618679761886597e+00 -5.123436231166067500e-01
1.025729513168334961e+01 -1.685666531324386597e+00 -5.146324414759817500e-01
1.029605245590209961e+01 -1.582395046949386597e+00 -5.170585889369192500e-01
1.033969259262084961e+01 -1.481442898511886597e+00 -5.193474072962942500e-01
1.104196310043334961e+01 -2.669919461011886597e+00 -4.720451612025442500e-01
1.108993673324584961e+01 -2.558713406324386597e+00 -4.745628613978567500e-01
1.113791036605834961e+01 -2.447507351636886597e+00 -4.770805615931692500e-01
1.118606710433959961e+01 -2.336057156324386597e+00 -4.795982617884817500e-01
1.123404073715209961e+01 -2.224851101636886597e+00 -4.821159619837942500e-01
1.128201436996459961e+01 -2.113767117261886597e+00 -4.846336621791067500e-01
1.133017110824584961e+01 -2.002316921949386597e+00 -4.871513623744192500e-01
1.137814474105834961e+01 -1.891110867261886597e+00 -4.896690625697317500e-01
1.226748800277709961e+01 -3.255124539136886597e+00 -4.338981885462942500e-01
1.232748556137084961e+01 -3.134641140699386597e+00 -4.364616651087942500e-01
1.238083028793334961e+01 -3.010983914136886597e+00 -4.392540235072317500e-01
1.243429708480834961e+01 -2.886960476636886597e+00 -4.420616406947317500e-01
1.248764181137084961e+01 -2.763303250074386597e+00 -4.448692578822317500e-01
1.254092550277709961e+01 -2.639646023511886597e+00 -4.476616162806692500e-01
1.259445333480834961e+01 -2.515622586011886597e+00 -4.504692334681692500e-01
1.264022970199584961e+01 -2.389035671949386597e+00 -4.534904737025442500e-01
1.381918478012084961e+01 -3.996213406324386597e+00 -3.859398145228567500e-01
1.387826681137084961e+01 -3.856442898511886597e+00 -3.890831250697317500e-01
1.393734884262084961e+01 -3.716672390699386597e+00 -3.922264356166067500e-01
1.399655294418334961e+01 -3.576413601636886597e+00 -3.953850049525442500e-01
1.405563497543334961e+01 -3.436765164136886597e+00 -3.985283154994192500e-01
1.411465597152709961e+01 -3.297116726636886597e+00 -4.016868848353567500e-01
1.417386007308959961e+01 -3.156980007886886597e+00 -4.048301953822317500e-01
1.423288106918334961e+01 -3.017331570386886597e+00 -4.079735059291067500e-01
1.579507589340209961e+01 -4.939816921949386597e+00 -3.243095654994192500e-01
1.587454366683959961e+01 -4.785397976636886597e+00 -3.275444287806692500e-01
1.594149923324584961e+01 -4.625241726636886597e+00 -3.311607617884817500e-01
1.600784444808959961e+01 -4.464108914136886597e+00 -3.347770947962942500e-01
1.607388448715209961e+01 -4.303586453199386597e+00 -3.383781690150442500e-01
1.613998556137084961e+01 -4.143063992261886597e+00 -3.419792432337942500e-01
1.620620870590209961e+01 -3.982175320386886597e+00 -3.455803174525442500e-01
1.625985860824584961e+01 -3.817014187574386597e+00 -3.495476026087942500e-01
1.843087911605834961e+01 -6.198605984449386597e+00 -2.415153760462942500e-01
1.850741720199584961e+01 -6.010739773511886597e+00 -2.457420606166067500e-01
1.858395528793334961e+01 -5.823117703199386597e+00 -2.499687451869192500e-01
1.866067647933959961e+01 -5.634885281324386597e+00 -2.541954297572317500e-01
1.873709249496459961e+01 -5.447385281324386597e+00 -2.584221143275442500e-01
1.881350851058959961e+01 -5.259885281324386597e+00 -2.626335401087942500e-01
1.889010763168334961e+01 -5.072019070386886597e+00 -2.668754834681692500e-01
1.896646261215209961e+01 -4.884763211011886597e+00 -2.710869092494192500e-01
2.207107686996459961e+01 -7.936887234449386597e+00 -1.262962598353567500e-01
2.215933370590209961e+01 -7.710324734449386597e+00 -1.314079541712942500e-01
2.227078390121459961e+01 -7.494382351636886597e+00 -1.357872266322317500e-01
2.235928487777709961e+01 -7.267087429761886597e+00 -1.409141797572317500e-01
2.244741964340209961e+01 -7.040769070386886597e+00 -1.460258740931692500e-01
2.253549337387084961e+01 -6.814694851636886597e+00 -1.511223096400442500e-01
2.260025167465209961e+01 -6.578366726636886597e+00 -1.569511670619192500e-01
2.268808126449584961e+01 -6.352902859449386597e+00 -1.620323438197317500e-01
2.749069356918334961e+01 -1.052514407038688660e+01 4.640271477401824995e-02
2.759457540512084961e+01 -1.023974367976188660e+01 3.991772942245574995e-02
2.769833517074584961e+01 -9.954831570386886597e+00 3.343274407089324995e-02
2.780020284652709961e+01 -9.668332546949386597e+00 2.690198235214324995e-02
2.789993429183959961e+01 -9.382443875074386597e+00 2.040173821151824995e-02
2.799948263168334961e+01 -9.097043484449386597e+00 1.390149407089324995e-02
2.809921407699584961e+01 -8.811154812574386597e+00 7.401249930268249955e-03
2.819851827621459961e+01 -8.526608914136886597e+00 9.162645787057499547e-04
3.577261495590209961e+01 -1.447985598444938660e+01 3.199928026646432500e-01
3.619772481918334961e+01 -1.424340578913688660e+01 3.160407762974557500e-01
3.638845968246459961e+01 -1.389416262507438660e+01 3.082587938755807500e-01
3.649929952621459961e+01 -1.350732180476188660e+01 2.992103319615182500e-01
3.660952901840209961e+01 -1.312292239069938660e+01 2.902076464146432500e-01
3.671945333480834961e+01 -1.273949953913688660e+01 2.812354784458932500e-01
3.682943868637084961e+01 -1.235571047663688660e+01 2.722480516880807500e-01
3.693881368637084961e+01 -1.197436282038688660e+01 2.633216600865182500e-01
4.941598653793334961e+01 -2.099438235163688660e+01 7.932136278599557500e-01
5.006204366683959961e+01 -2.069482180476188660e+01 7.908485155552682500e-01
5.071939229965209961e+01 -2.038989016413688660e+01 7.884681444615182500e-01
5.139065694808959961e+01 -2.007861086726188660e+01 7.860114794224557500e-01
5.206625509262084961e+01 -1.976061770319938660e+01 7.834327440708932500e-01
5.268441915512084961e+01 -1.940795657038688660e+01 7.794349413365182500e-01
5.275351095199584961e+01 -1.882104250788688660e+01 7.644660692662057500e-01
5.283426046371459961e+01 -1.824438235163688660e+01 7.498786669224557500e-01
5.286856222152709961e+01 -2.263793703913688660e+01 1.134964726492768250e+00
5.659787130355834961e+01 -2.373156496882438660e+01 1.213928959891205750e+00
6.059933614730834961e+01 -2.486413332819938660e+01 1.297501347586518250e+00
6.489178609848022461e+01 -2.603283450007438660e+01 1.385834477469330750e+00
6.944653463363647461e+01 -2.722118899226188660e+01 1.478104374930268250e+00
7.428399801254272461e+01 -2.842724367976188660e+01 1.574524663016205750e+00
7.939425802230834961e+01 -2.963525149226188660e+01 1.674484990164643250e+00
8.451883077621459961e+01 -3.074133059382438660e+01 1.771759770438080750e+00
5.211435079574584961e+01 -2.227172610163688660e+01 1.380768559500580750e+00
5.587466573715209961e+01 -2.338842532038688660e+01 1.478745244070893250e+00
6.220001363754272461e+01 -2.558288332819938660e+01 1.651428959891205750e+00
7.093441915512084961e+01 -2.785229250788688660e+01 1.869004033133393250e+00
7.535586690902709961e+01 -2.886657473444938660e+01 1.975083134695893250e+00
5.209524679183959961e+01 -2.225671145319938660e+01 1.644394658133393250e+00
5.586319112777709961e+01 -2.337670657038688660e+01 1.760514042899018250e+00
5.985489034652709961e+01 -2.451293703913688660e+01 1.881912968680268250e+00
6.413290548324584961e+01 -2.568310305476188660e+01 2.010498784109955750e+00
6.865570211410522461e+01 -2.686572024226188660e+01 2.144684575125580750e+00
7.345071554183959961e+01 -2.806237551569938660e+01 2.285126469656830750e+00
7.828610372543334961e+01 -2.916735598444938660e+01 2.423493168875580750e+00
8.376049947738647461e+01 -3.042309328913688660e+01 2.580292485281830750e+00
5.788021993637084961e+01 -2.430859133601188660e+01 2.125855229422455750e+00
6.218820333480834961e+01 -2.556335207819938660e+01 2.278214238211518250e+00
6.656543111801147461e+01 -2.674889895319938660e+01 2.429993413016205750e+00
6.950250387191772461e+01 -2.722143313288688660e+01 2.520890019461518250e+00
7.384652853012084961e+01 -2.821923586726188660e+01 2.665467045828705750e+00
7.893600606918334961e+01 -2.942223879694938660e+01 2.835999272391205750e+00
8.428326559066772461e+01 -3.061962649226188660e+01 3.015137455984955750e+00
5.256173849105834961e+01 -2.246740481257438660e+01 2.196137211844330750e+00
5.628469991683959961e+01 -2.356005617976188660e+01 2.345841191336518250e+00
9.472993373870849609e+00 -1.139157742261886597e+00 -5.439445752650442500e-01
9.511933803558349609e+00 -1.046384304761886597e+00 -5.460655469447317500e-01
9.546662807464599609e+00 -9.519018828868865967e-01 -5.483085889369192500e-01
9.581574916839599609e+00 -8.570532500743865967e-01 -5.505516309291067500e-01
9.616303920745849609e+00 -7.625708281993865967e-01 -5.527946729212942500e-01
9.651093959808349609e+00 -6.679663360118865967e-01 -5.550377149134817500e-01
9.686006069183349609e+00 -5.731177031993865967e-01 -5.572807569056692500e-01
9.716401576995849609e+00 -4.770483672618865967e-01 -5.596458692103567500e-01
1.033993673324584961e+01 -1.481198757886886597e+00 -5.193626660853567500e-01
1.037796163558959961e+01 -1.378049343824386597e+00 -5.218040723353567500e-01
1.042111349105834961e+01 -1.276853054761886597e+00 -5.241081494837942500e-01
1.045926046371459961e+01 -1.173337429761886597e+00 -5.265495557337942500e-01
1.049734640121459961e+01 -1.070065945386886597e+00 -5.289909619837942500e-01
1.053543233871459961e+01 -9.667944610118865967e-01 -5.314476270228567500e-01
1.056851339340209961e+01 -8.615698516368865967e-01 -5.340263623744192500e-01
1.060659933090209961e+01 -7.582983672618865967e-01 -5.364830274134817500e-01
1.137844991683959961e+01 -1.890866726636886597e+00 -4.896843213587942500e-01
1.142044210433959961e+01 -1.777341336011886597e+00 -4.923698682337942500e-01
1.146249532699584961e+01 -1.663815945386886597e+00 -4.950554151087942500e-01
1.150473165512084961e+01 -1.549924343824386597e+00 -4.977409619837942500e-01
1.154678487777709961e+01 -1.436398953199386597e+00 -5.004265088587942500e-01
1.158883810043334961e+01 -1.322873562574386597e+00 -5.031273145228567500e-01
1.163113546371459961e+01 -1.208859890699386597e+00 -5.058128613978567500e-01
1.167910909652709961e+01 -1.097043484449386597e+00 -5.086357373744192500e-01
1.264053487777709961e+01 -2.388669461011886597e+00 -4.534904737025442500e-01
1.269497823715209961e+01 -2.265500515699386597e+00 -4.562675733119192500e-01
1.274191427230834961e+01 -2.139279812574386597e+00 -4.592430371791067500e-01
1.278903341293334961e+01 -2.012692898511886597e+00 -4.622337598353567500e-01
1.283603048324584961e+01 -1.886472195386886597e+00 -4.652244824916067500e-01
1.288302755355834961e+01 -1.760129421949386597e+00 -4.681999463587942500e-01
1.293051290512084961e+01 -1.633542507886886597e+00 -4.712059278041067500e-01
1.301565694808959961e+01 -1.519284695386886597e+00 -4.751579541712942500e-01
1.423312520980834961e+01 -3.016843289136886597e+00 -4.079887647181692500e-01
1.428524923324584961e+01 -2.874631375074386597e+00 -4.113304395228567500e-01
1.433737325668334961e+01 -2.732297390699386597e+00 -4.146721143275442500e-01
1.438974142074584961e+01 -2.589353054761886597e+00 -4.180290479212942500e-01
1.444198751449584961e+01 -2.447019070386886597e+00 -4.213707227259817500e-01
1.449514913558959961e+01 -2.304929226636886597e+00 -4.247123975306692500e-01
1.459616231918334961e+01 -2.177976101636886597e+00 -4.286339063197317500e-01
1.470529317855834961e+01 -2.052976101636886597e+00 -4.326622266322317500e-01
1.626016378402709961e+01 -3.816525906324386597e+00 -3.495476026087942500e-01
1.633126974105834961e+01 -3.658200711011886597e+00 -3.529960889369192500e-01
1.639004659652709961e+01 -3.494992703199386597e+00 -3.568107862025442500e-01
1.644900655746459961e+01 -3.331296414136886597e+00 -3.606254834681692500e-01
1.650772237777709961e+01 -3.168088406324386597e+00 -3.644401807337942500e-01
1.661093282699584961e+01 -3.020017117261886597e+00 -3.685447949916067500e-01
1.674698019027709961e+01 -2.880979031324386597e+00 -3.728935498744192500e-01
1.686801290512084961e+01 -2.736081570386886597e+00 -3.775932569056692500e-01
1.896688985824584961e+01 -4.884152859449386597e+00 -2.711021680384817500e-01
1.903433370590209961e+01 -4.693479031324386597e+00 -2.755272168666067500e-01
1.910135030746459961e+01 -4.502683132886886597e+00 -2.799675244837942500e-01
1.916861104965209961e+01 -4.311154812574386597e+00 -2.844230908900442500e-01
1.926309347152709961e+01 -4.130002468824386597e+00 -2.888939160853567500e-01
1.943136739730834961e+01 -3.973142117261886597e+00 -2.935173291712942500e-01
1.959945821762084961e+01 -3.813352078199386597e+00 -2.981865186244192500e-01
1.976699972152709961e+01 -3.651853054761886597e+00 -3.029014844447317500e-01
2.268838644027709961e+01 -6.352048367261886597e+00 -1.620476026087942500e-01
2.276852560043334961e+01 -6.123654812574386597e+00 -1.673576612025442500e-01
2.287246847152709961e+01 -5.904050320386886597e+00 -1.719810742884817500e-01
2.295291280746459961e+01 -5.674558132886886597e+00 -1.773216504603567500e-01
2.314706563949584961e+01 -5.485715359449386597e+00 -1.822654981166067500e-01
2.336770772933959961e+01 -5.303342312574386597e+00 -1.871635694056692500e-01
2.356222677230834961e+01 -5.108518093824386597e+00 -1.928398389369192500e-01
2.389834737777709961e+01 -4.956784695386886597e+00 -1.975853223353567500e-01
2.819906759262084961e+01 -8.525754421949386597e+00 9.010057896432499547e-04
2.829123067855834961e+01 -8.238645046949386597e+00 -5.782343819731750045e-03
2.838333272933959961e+01 -7.951901882886886597e+00 -1.246569342910675005e-02
2.850406026840209961e+01 -7.674436062574386597e+00 -1.890490241348175005e-02
2.880972433090209961e+01 -7.462277859449386597e+00 -2.383349128066925005e-02
2.911203145980834961e+01 -7.244504421949386597e+00 -2.889940924941925005e-02
2.957046651840209961e+01 -7.072263211011886597e+00 -3.288195319473175005e-02
3.013388204574584961e+01 -6.926511257886886597e+00 -3.625414557754425005e-02
3.693911886215209961e+01 -1.197302004694938660e+01 2.632911425083932500e-01
3.704428243637084961e+01 -1.159081789851188660e+01 2.542731981724557500e-01
3.714926290512084961e+01 -1.120922610163688660e+01 2.452552538365182500e-01
3.727371358871459961e+01 -1.083373782038688660e+01 2.364814501255807500e-01
3.771872091293334961e+01 -1.057189700007438660e+01 2.319190721958932500e-01
3.819363546371459961e+01 -1.031323000788688660e+01 2.275703173130807500e-01
3.902700948715209961e+01 -1.016283938288688660e+01 2.274787645787057500e-01
3.988845968246459961e+01 -1.000732180476188660e+01 2.273872118443307500e-01
5.283426046371459961e+01 -1.824230715632438660e+01 7.498176317662057500e-01
5.292221212387084961e+01 -1.767138430476188660e+01 7.355354052037057500e-01
5.300985860824584961e+01 -1.710265871882438660e+01 7.212989550083932500e-01
5.309744405746459961e+01 -1.653417727351188660e+01 7.070777636021432500e-01
5.321481466293334961e+01 -1.598034426569938660e+01 6.934974413365182500e-01
5.393148946762084961e+01 -1.563073489069938660e+01 6.905219774693307500e-01
5.505099630355834961e+01 -1.539916750788688660e+01 6.941688280552682500e-01
5.646298360824584961e+01 -1.524169680476188660e+01 7.023322802037057500e-01
8.452621603012084961e+01 -3.074096438288688660e+01 1.771836064383393250e+00
8.578405904769897461e+01 -3.025500246882438660e+01 1.774689457938080750e+00
8.704629659652709961e+01 -2.974902102351188660e+01 1.777024052664643250e+00
8.833813619613647461e+01 -2.922875735163688660e+01 1.779343388602143250e+00
8.940762472152709961e+01 -2.861218020319938660e+01 1.776093266531830750e+00
8.912014913558959961e+01 -2.751989504694938660e+01 1.741867802664643250e+00
8.883557271957397461e+01 -2.643871828913688660e+01 1.707978032156830750e+00
8.855569601058959961e+01 -2.537548586726188660e+01 1.674668095633393250e+00
9.148477315902709961e+01 -3.242858645319938660e+01 2.361054204031830750e+00
8.379690694808959961e+01 -3.043407961726188660e+01 2.581421635672455750e+00
8.934671163558959961e+01 -3.159960696101188660e+01 2.738007329031830750e+00
8.431903219223022461e+01 -3.063036867976188660e+01 3.016419194266205750e+00
8.994848775863647461e+01 -3.181982180476188660e+01 3.199433110281830750e+00
8.372323751449584961e+01 -3.049914309382438660e+01 2.950821660086518250e+00
8.938198995590209961e+01 -3.170177981257438660e+01 3.131378911063080750e+00
8.202093648910522461e+01 -2.320226809382438660e+01 1.476197026297455750e+00
8.414361715316772461e+01 -3.091357180476188660e+01 2.160523198172455750e+00
8.199621725082397461e+01 -3.004223391413688660e+01 2.528290532156830750e+00
8.246850728988647461e+01 -3.022167727351188660e+01 2.978501103445893250e+00
8.265412807464599609e+00 -2.373022735118865967e-01 -5.907890576869192500e-01
8.370149135589599609e+00 -2.209231257438659668e-02 -5.954582471400442500e-01
8.475068569183349609e+00 1.933617889881134033e-01 -6.001426953822317500e-01
8.710786342620849609e+00 3.608422577381134033e-01 -6.043083447962942500e-01
8.965547084808349609e+00 5.239281952381134033e-01 -6.084587354212942500e-01
9.216401576995849609e+00 6.921410858631134033e-01 -6.127006787806692500e-01
9.613252162933349609e+00 8.148217499256134033e-01 -6.165306348353567500e-01
1.006289815902709961e+01 9.257836639881134033e-01 -6.203148145228567500e-01
1.399575948715209961e+01 -2.599606961011886597e+00 -4.242088574916067500e-01
1.413424825668334961e+01 -2.331540554761886597e+00 -4.299003858119192500e-01
1.435946798324584961e+01 -2.096433132886886597e+00 -4.347831983119192500e-01
1.471853780746459961e+01 -1.908078640699386597e+00 -4.385521192103567500e-01
1.508084249496459961e+01 -1.716428250074386597e+00 -4.423973340541067500e-01
1.567959737777709961e+01 -1.602902859449386597e+00 -4.443352002650442500e-01
1.632779073715209961e+01 -1.494382351636886597e+00 -4.461357373744192500e-01
1.699765157699584961e+01 -1.382077664136886597e+00 -4.479820508509817500e-01
2.328714132308959961e+01 -6.429685086011886597e+00 -1.489097852259817500e-01
2.346469259262084961e+01 -6.069577664136886597e+00 -1.563713330775442500e-01
2.379989767074584961e+01 -5.769895046949386597e+00 -1.616050977259817500e-01
2.435177755355834961e+01 -5.546262234449386597e+00 -1.639549512416067500e-01
2.511074972152709961e+01 -5.390622586011886597e+00 -1.636650342494192500e-01
2.611203145980834961e+01 -5.307248562574386597e+00 -1.604301709681692500e-01
2.714413595199584961e+01 -5.213742703199386597e+00 -1.572868604212942500e-01
2.820071554183959961e+01 -5.110349148511886597e+00 -1.542351026087942500e-01
4.052292013168334961e+01 -1.353442141413688660e+01 3.764655809849557500e-01
4.073678731918334961e+01 -1.298901125788688660e+01 3.649299364537057500e-01
4.082162618637084961e+01 -1.239294192194938660e+01 3.494880419224557500e-01
4.135543966293334961e+01 -1.196728274226188660e+01 3.439491014927682500e-01
4.231326436996459961e+01 -1.169164797663688660e+01 3.461616259068307500e-01
4.394082784652709961e+01 -1.163708254694938660e+01 3.601844530552682500e-01
4.576584005355834961e+01 -1.161633059382438660e+01 3.784797411412057500e-01
4.747317647933959961e+01 -1.152294680476188660e+01 3.923347216099557500e-01
7.610263204574584961e+01 -2.819946047663688660e+01 1.524552128836518250e+00
7.767672872543334961e+01 -2.778637453913688660e+01 1.535294316336518250e+00
2.653962612152099609e+00 2.104494601488113403e+00 -7.518455762416067500e-01
2.756013393402099609e+00 2.270388156175613403e+00 -7.552025098353567500e-01
2.858491420745849609e+00 2.437014132738113403e+00 -7.585747022181692500e-01
2.961701869964599609e+00 2.604738742113113403e+00 -7.619621533900442500e-01
3.163545131683349609e+00 2.736208468675613403e+00 -7.655021924525442500e-01
3.367585659027099609e+00 2.869875460863113403e+00 -7.690880078822317500e-01
3.575288295745849609e+00 3.006105929613113403e+00 -7.727348584681692500e-01
3.813630580902099609e+00 3.134401828050613403e+00 -7.764885205775442500e-01
6.289643764495849609e+00 5.981469452381134033e-01 -6.479637403041067500e-01
6.420686244964599609e+00 7.945580780506134033e-01 -6.517631787806692500e-01
6.552278041839599609e+00 9.919457733631134033e-01 -6.555778760462942500e-01
6.795075893402099609e+00 1.149050265550613403e+00 -6.590263623744192500e-01
7.067414760589599609e+00 1.298098117113113403e+00 -6.624138135462942500e-01
7.344514369964599609e+00 1.449709445238113403e+00 -6.658775586634817500e-01
7.736115932464599609e+00 1.566774874925613403e+00 -6.690666455775442500e-01
8.196870326995849609e+00 1.666750460863113403e+00 -6.721489209681692500e-01
1.172580099105834961e+01 -1.654294461011886597e+00 -4.907219190150442500e-01
1.189724874496459961e+01 -1.411008328199386597e+00 -4.951011914759817500e-01
1.210952901840209961e+01 -1.182126492261886597e+00 -4.998771924525442500e-01
1.249899435043334961e+01 -1.016965359449386597e+00 -5.024864453822317500e-01
1.288180685043334961e+01 -8.438696563243865967e-01 -5.052635449916067500e-01
1.347879171371459961e+01 -7.410864531993865967e-01 -5.064079541712942500e-01
1.419772481918334961e+01 -6.683325469493865967e-01 -5.060570020228567500e-01
1.490017843246459961e+01 -5.775122344493865967e-01 -5.068199414759817500e-01
2.044790792465209961e+01 -5.268063992261886597e+00 -2.334587354212942500e-01
2.068289327621459961e+01 -4.949094265699386597e+00 -2.386925000697317500e-01
2.110336446762084961e+01 -4.700314968824386597e+00 -2.414390821009817500e-01
2.169668722152709961e+01 -4.509397000074386597e+00 -2.420036572962942500e-01
2.251840353012084961e+01 -4.393674343824386597e+00 -2.397453565150442500e-01
2.352761983871459961e+01 -4.329587429761886597e+00 -2.353508252650442500e-01
2.458981466293334961e+01 -4.262814968824386597e+00 -2.307121533900442500e-01
2.569955587387084961e+01 -4.192990750074386597e+00 -2.258598584681692500e-01
3.635000753402709961e+01 -1.185644289851188660e+01 2.492530565708932500e-01
3.657480001449584961e+01 -1.134863039851188660e+01 2.388465624302682500e-01
3.692825460433959961e+01 -1.089050051569938660e+01 2.321937303990182500e-01
3.774765157699584961e+01 -1.060375735163688660e+01 2.339790087193307500e-01
3.891836690902709961e+01 -1.043432375788688660e+01 2.418678026646432500e-01
4.062246847152709961e+01 -1.043359133601188660e+01 2.588203173130807500e-01
4.238552999496459961e+01 -1.041735598444938660e+01 2.760169725865182500e-01
4.432815694808959961e+01 -1.042883059382438660e+01 2.971503954380807500e-01
6.931817770004272461e+01 -2.551440188288688660e+01 1.300766728445893250e+00
7.103781270980834961e+01 -2.522594973444938660e+01 1.318436406180268250e+00
7.268844747543334961e+01 -2.487817141413688660e+01 1.333710454031830750e+00
7.307705831527709961e+01 -2.401720950007438660e+01 1.318756840750580750e+00
7.349112081527709961e+01 -2.316784426569938660e+01 1.304428837820893250e+00
7.390649557113647461e+01 -2.231701418757438660e+01 1.290085576102143250e+00
7.481955099105834961e+01 -2.163305422663688660e+01 1.286820195242768250e+00
7.711721944808959961e+01 -2.140319582819938660e+01 1.314133427664643250e+00
2.329800558090209961e+01 -4.659787625074386597e+00 -2.186424512416067500e-01
2.437533712387084961e+01 -4.598996609449386597e+00 -2.135460156947317500e-01
2.550790548324584961e+01 -4.535031765699386597e+00 -2.081901807337942500e-01
2.677285909652709961e+01 -4.495480984449386597e+00 -2.004387158900442500e-01
3.830069112777709961e+01 -1.274426028132438660e+01 3.115394335240182500e-01
3.865188741683959961e+01 -1.224987551569938660e+01 3.040321093052682500e-01
3.899771261215209961e+01 -1.175011965632438660e+01 2.963264208287057500e-01
3.970059347152709961e+01 -1.138158938288688660e+01 2.952277880162057500e-01
4.084555196762084961e+01 -1.116796633601188660e+01 3.021400194615182500e-01
4.263058614730834961e+01 -1.116369387507438660e+01 3.202674608677682500e-01
4.448831319808959961e+01 -1.114721438288688660e+01 3.388831835240182500e-01
4.638601827621459961e+01 -1.111010500788688660e+01 3.574378710240182500e-01
7.356921529769897461e+01 -2.744775149226188660e+01 1.451248906180268250e+00
7.514837789535522461e+01 -2.704101321101188660e+01 1.461975834891205750e+00
6.078653097152709961e+01 -1.832690188288688660e+01 9.122169237583932500e-01
6.191388082504272461e+01 -1.778906008601188660e+01 9.104621630162057500e-01
6.426455831527709961e+01 -1.766869875788688660e+01 9.348457079380807500e-01
6.758569478988647461e+01 -1.900658938288688660e+01 1.052231572195893250e+00
5.918332052230834961e+01 -1.736828371882438660e+01 8.479621630162057500e-01
6.108401632308959961e+01 -1.708056399226188660e+01 8.617561083287057500e-01
