8.909208238124847412e+00 -3.795312225818634033e+00 -4.703772090375366588e-01
8.988126695156097412e+00 -3.726830780506134033e+00 -4.723150752484741588e-01
9.063444077968597412e+00 -3.655175507068634033e+00 -4.744055293500366588e-01
9.137174546718597412e+00 -3.581445038318634033e+00 -4.764502070844116588e-01
9.193509995937347412e+00 -3.495873749256134033e+00 -4.780066035687866588e-01
9.249845445156097412e+00 -3.410302460193634033e+00 -4.795630000531616588e-01
9.306363999843597412e+00 -3.324487030506134033e+00 -4.811193965375366588e-01
9.358732163906097412e+00 -3.236474335193634033e+00 -4.828131221234741588e-01
9.620389878749847412e+00 -4.323388397693634033e+00 -4.392797969281616588e-01
9.703458726406097412e+00 -4.246972382068634033e+00 -4.414770625531616588e-01
9.791105210781097412e+00 -4.173363983631134033e+00 -4.434912227094116588e-01
9.875272691249847412e+00 -4.096093475818634033e+00 -4.457190059125366588e-01
9.959501206874847412e+00 -4.018578827381134033e+00 -4.479467891156616588e-01
1.004244798421859741e+01 -3.939721405506134033e+00 -4.501287959515991588e-01
1.009933274984359741e+01 -3.842797577381134033e+00 -4.520056270062866588e-01
1.016061204671859741e+01 -3.749291718006134033e+00 -4.537146113812866588e-01
1.046578782796859741e+01 -4.951196014881134033e+00 -4.022924922406616588e-01
1.055886644124984741e+01 -4.869164764881134033e+00 -4.045965693890991588e-01
1.065237230062484741e+01 -4.786645233631134033e+00 -4.069159053265991588e-01
1.074667161703109741e+01 -4.703515350818634033e+00 -4.092505000531616588e-01
1.084109300374984741e+01 -4.620263397693634033e+00 -4.116003535687866588e-01
1.093600267171859741e+01 -4.536645233631134033e+00 -4.139502070844116588e-01
1.103170579671859741e+01 -4.452294647693634033e+00 -4.163305781781616588e-01
1.112618821859359741e+01 -4.366845428943634033e+00 -4.186804316937866588e-01
1.148232835531234741e+01 -5.706078827381134033e+00 -3.578131221234741588e-01
1.159396165609359741e+01 -5.621972382068634033e+00 -3.599798701703491588e-01
1.170010179281234741e+01 -5.532861053943634033e+00 -3.624212764203491588e-01
1.180727952718734741e+01 -5.443017303943634033e+00 -3.648779414594116588e-01
1.191457933187484741e+01 -5.352929413318634033e+00 -3.673498652875366588e-01
1.202255052328109741e+01 -5.262353241443634033e+00 -3.698370479047241588e-01
1.213143724203109741e+01 -5.171044647693634033e+00 -3.723394893109741588e-01
1.223403733968734741e+01 -5.075341522693634033e+00 -3.751013301312866588e-01
1.273769944906234741e+01 -6.638207733631134033e+00 -3.026373408734741588e-01
1.285873216390609741e+01 -6.541772186756134033e+00 -3.051702998578491588e-01
1.298049730062484741e+01 -6.444604218006134033e+00 -3.077337764203491588e-01
1.310342210531234741e+01 -6.346703827381134033e+00 -3.103125117719116588e-01
1.322671312093734741e+01 -6.248437225818634033e+00 -3.129065059125366588e-01
1.335067552328109741e+01 -6.149560272693634033e+00 -3.155005000531616588e-01
1.347585862874984741e+01 -6.049706757068634033e+00 -3.181250117719116588e-01
1.360134690999984741e+01 -5.949731171131134033e+00 -3.207647822797241588e-01
1.431002610921859741e+01 -7.805810272693634033e+00 -2.333319209515991588e-01
1.446139329671859741e+01 -7.707299530506134033e+00 -2.355597041547241588e-01
1.460421556234359741e+01 -7.600976288318634033e+00 -2.382147334515991588e-01
1.474844163656234741e+01 -7.493432343006134033e+00 -2.409002803265991588e-01
1.489315599203109741e+01 -7.385644257068634033e+00 -2.436010859906616588e-01
1.503884690999984741e+01 -7.277123749256134033e+00 -2.463171504437866588e-01
1.518606370687484741e+01 -7.167504608631134033e+00 -2.490484736859741588e-01
1.532320970296859741e+01 -7.050805389881134033e+00 -2.522223018109741588e-01
1.636623948812484741e+01 -9.332787811756134033e+00 -1.426641963422241588e-01
1.653579515218734741e+01 -9.215844452381134033e+00 -1.453650020062866588e-01
1.670705980062484741e+01 -9.098412811756134033e+00 -1.480963252484741588e-01
1.688021653890609741e+01 -8.979760468006134033e+00 -1.508429072797241588e-01
1.705410569906234741e+01 -8.860497772693634033e+00 -1.536047481000366588e-01
1.722933763265609741e+01 -8.740258514881134033e+00 -1.563818477094116588e-01
1.740652269124984741e+01 -8.618798553943634033e+00 -1.591894648969116588e-01
1.758444017171859741e+01 -8.496850311756134033e+00 -1.620275996625366588e-01
1.704482835531234741e+01 -9.835473358631134033e+00 -4.522156938909915880e-02
1.774758714437484741e+01 -1.009621554613113403e+01 -4.162049517034915880e-02
1.850234788656234741e+01 -1.037624484300613403e+01 -3.722596392034915880e-02
1.931796067953109741e+01 -1.067897921800613403e+01 -3.301453813909915880e-02
1.998531907796859741e+01 -1.086086398363113403e+01 -3.075623735784915880e-02
2.020181077718734741e+01 -1.072573214769363403e+01 -3.353333696722415880e-02
2.040066331624984741e+01 -1.057570773363113403e+01 -3.710389360784915880e-02
2.061904710531234741e+01 -1.043740206956863403e+01 -3.994202837347415880e-02
1.703976243734359741e+01 -9.829858124256134033e+00 4.848265424371334120e-02
1.774215501546859741e+01 -1.009047824144363403e+01 5.542540326715084120e-02
1.849654954671859741e+01 -1.037026339769363403e+01 6.288695111871334120e-02
1.931173509359359741e+01 -1.067263156175613403e+01 7.094359174371334120e-02
2.016250413656234741e+01 -1.097988253831863403e+01 7.919859662652584120e-02
2.108047288656234741e+01 -1.131105929613113403e+01 8.807921186090084120e-02
2.207778733968734741e+01 -1.167067843675613403e+01 9.772276654840084120e-02
2.315829271078109741e+01 -1.206020480394363403e+01 1.081750370562133412e-01
1.725228685140609741e+01 -9.985986053943634033e+00 1.467034794390258412e-01
1.773672288656234741e+01 -1.008461886644363403e+01 1.519067265093383412e-01
1.849069017171859741e+01 -1.036415988206863403e+01 1.629388310015258412e-01
1.930544847249984741e+01 -1.066628390550613403e+01 1.748559452593383412e-01
2.015591233968734741e+01 -1.097329074144363403e+01 1.871087528765258412e-01
2.107363694906234741e+01 -1.130434542894363403e+01 2.003076054155883412e-01
2.207150071859359741e+01 -1.166420871019363403e+01 2.146661259234008412e-01
2.315151780843734741e+01 -1.205349093675613403e+01 2.301995731890258412e-01
2.916811937093734741e+01 -1.883620578050613403e+01 5.873620487749633412e-01
1.817873948812484741e+01 -1.040444308519363403e+01 2.616631962359008412e-01
5.839785569906234741e+01 -3.792897921800613403e+01 1.367482898384338341e+00
4.751656907796859741e+01 -2.965126925706863403e+01 1.046834705024963341e+00
3.973238939046859741e+01 -2.377040988206863403e+01 8.185021854937133412e-01
4.790817064046859741e+01 -2.855568820238113403e+01 1.022359607368713341e+00
2.382479661703109741e+01 -1.248183566331863403e+01 3.707330204546508412e-01
2.950692552328109741e+01 -1.908474093675613403e+01 7.616631962359008412e-01
1.817703050374984741e+01 -1.040126925706863403e+01 3.607079960405883412e-01
4.656020921468734741e+01 -3.035427218675613403e+01 1.313924548774963341e+00
4.460922044515609741e+01 -2.766164523363113403e+01 1.210820911079650841e+00
4.191494554281234741e+01 -2.522438937425613403e+01 1.104894397407775841e+00
4.545913499593734741e+01 -2.694960910081863403e+01 1.202108142524963341e+00
2.382259935140609741e+01 -1.247805148363113403e+01 4.964807011187133412e-01
1.634451097249984741e+01 -9.306542694568634033e+00 3.945367313921508412e-01
1.702450364828109741e+01 -9.561181366443634033e+00 4.142663456499633412e-01
1.775741380453109741e+01 -9.836327850818634033e+00 4.350335575640258412e-01
1.854458421468734741e+01 -1.012978488206863403e+01 4.578149296343383412e-01
1.937722581624984741e+01 -1.043557101488113403e+01 4.817712284624633412e-01
2.027834886312484741e+01 -1.076650363206863403e+01 5.076959110796508412e-01
2.125539964437484741e+01 -1.112404757738113403e+01 5.363519169390258412e-01
2.229183763265609741e+01 -1.149660617113113403e+01 5.659539677202758412e-01
1.648721116781234741e+01 -9.410912811756134033e+00 4.904687382280883412e-01
1.717483323812484741e+01 -9.668725311756134033e+00 5.136926151812133412e-01
1.791415208578109741e+01 -9.946069061756134033e+00 5.386865116655883412e-01
1.870571702718734741e+01 -1.024025851488113403e+01 5.653283573687133412e-01
1.954696458578109741e+01 -1.054946261644363403e+01 5.935418583452758412e-01
2.045754808187484741e+01 -1.088417941331863403e+01 6.240899540484008412e-01
2.144051927328109741e+01 -1.124282199144363403e+01 6.569573856890258412e-01
2.247329515218734741e+01 -1.161037570238113403e+01 6.911828495562133412e-01
1.633883470296859741e+01 -9.298974335193634033e+00 5.734155155718383412e-01
1.703957933187484741e+01 -9.568749725818634033e+00 6.001946903765258412e-01
1.779659837484359741e+01 -9.860497772693634033e+00 6.296594120562133412e-01
1.861141771078109741e+01 -1.017263156175613403e+01 6.613061405718383412e-01
1.947659105062484741e+01 -1.049941378831863403e+01 6.947381474077758412e-01
2.041592210531234741e+01 -1.085427218675613403e+01 7.310235477984008412e-01
2.143307298421859741e+01 -1.123574191331863403e+01 7.702386356890258412e-01
2.249654954671859741e+01 -1.162282687425613403e+01 8.114373661577758412e-01
1.649642747640609741e+01 -9.414330780506134033e+00 6.718194462359008412e-01
1.718484300374984741e+01 -9.672509491443634033e+00 7.016503788530883412e-01
1.790365403890609741e+01 -9.934960663318634033e+00 7.325036503374633412e-01
1.866238206624984741e+01 -1.020620089769363403e+01 7.648675419390258412e-01
1.946566575765609741e+01 -1.049001437425613403e+01 7.989861942827758412e-01
2.033163255453109741e+01 -1.079592257738113403e+01 8.357751347124633412e-01
2.126772874593734741e+01 -1.112551242113113403e+01 8.754937626421508412e-01
2.234530442953109741e+01 -1.152382785081863403e+01 9.219567753374633412e-01
1.639291185140609741e+01 -9.335839569568634033e+00 7.559869267046508412e-01
1.713058274984359741e+01 -9.631371796131134033e+00 7.917535282671508412e-01
1.793148607015609741e+01 -9.952904999256134033e+00 8.311517216265258412e-01
3.885702317953109741e+01 -2.427602511644363403e+01 2.106160876899963341e+00
2.095870774984359741e+01 -1.150637179613113403e+01 9.940698124468383412e-01
4.266403001546859741e+01 -2.570266085863113403e+01 2.289174792915588341e+00
4.274142259359359741e+01 -2.515053683519363403e+01 2.268758533149963341e+00
2.381161302328109741e+01 -1.245864230394363403e+01 1.127034900337463341e+00
2.809982103109359741e+01 -1.802199679613113403e+01 1.654241321235900841e+00
1.817312425374984741e+01 -1.038723117113113403e+01 9.567620731890258412e-01
2.829006761312484741e+01 -1.732277804613113403e+01 1.630285022407775841e+00
4.429611009359359741e+01 -2.806130343675613403e+01 2.685537097603088341e+00
2.095675462484359741e+01 -1.150283175706863403e+01 1.107091663032775841e+00
4.282760423421859741e+01 -2.580727511644363403e+01 2.532705066353088341e+00
4.294015306234359741e+01 -2.527578097581863403e+01 2.513326404243713341e+00
2.380941575765609741e+01 -1.245485812425613403e+01 1.252706287056213341e+00
3.213259690999984741e+01 -2.101149874925613403e+01 2.113332507759338341e+00
1.817843431234359741e+01 -1.038930636644363403e+01 1.056829211860900841e+00
2.837869065999984741e+01 -1.738295871019363403e+01 1.792226550728088341e+00
1.908175462484359741e+01 -1.049257785081863403e+01 1.097341296821838341e+00
1.978017991781234741e+01 -1.069838839769363403e+01 1.134969470649963341e+00
2.070358079671859741e+01 -1.103786593675613403e+01 1.187856433540588341e+00
2.169344896078109741e+01 -1.139699679613113403e+01 1.244939563423400841e+00
2.275588792562484741e+01 -1.177932101488113403e+01 1.305440662056213341e+00
1.668771165609359741e+01 -9.549462616443634033e+00 1.049672839790588341e+00
1.738528245687484741e+01 -9.811059296131134033e+00 1.092717883735900841e+00
1.813546556234359741e+01 -1.009243136644363403e+01 1.139547107368713341e+00
1.893307298421859741e+01 -1.038698703050613403e+01 1.189092395454650841e+00
1.978664964437484741e+01 -1.070082980394363403e+01 1.242055652290588341e+00
2.071072190999984741e+01 -1.104042941331863403e+01 1.299382922798400841e+00
2.170107835531234741e+01 -1.139968234300613403e+01 1.360601184517150841e+00
3.928262132406234741e+01 -2.233400851488113403e+01 2.673360583931213341e+00
9.358915269374847412e+00 -3.236108124256134033e+00 -4.828131221234741588e-01
9.414274156093597412e+00 -3.150048553943634033e+00 -4.844000361859741588e-01
9.465665757656097412e+00 -3.061547577381134033e+00 -4.861242793500366588e-01
9.517240464687347412e+00 -2.972680389881134033e+00 -4.878637813031616588e-01
9.568632066249847412e+00 -2.884179413318634033e+00 -4.895880244672241588e-01
9.620023667812347412e+00 -2.795678436756134033e+00 -4.913122676312866588e-01
9.671598374843597412e+00 -2.706933319568634033e+00 -4.930517695844116588e-01
9.718900620937347412e+00 -2.616235077381134033e+00 -4.949133418500366588e-01
1.016085618734359741e+01 -3.749047577381134033e+00 -4.537298701703491588e-01
1.021694749593734741e+01 -3.652245819568634033e+00 -4.556067012250366588e-01
1.027773851156234741e+01 -3.558373749256134033e+00 -4.573309443890991588e-01
1.033401292562484741e+01 -3.461205780506134033e+00 -4.592382930219116588e-01
1.039010423421859741e+01 -3.364526093006134033e+00 -4.611151240765991588e-01
1.044619554281234741e+01 -3.267724335193634033e+00 -4.630072139203491588e-01
1.049764817953109741e+01 -3.167992889881134033e+00 -4.650671504437866588e-01
1.055361741781234741e+01 -3.071313202381134033e+00 -4.669592402875366588e-01
1.112649339437484741e+01 -4.366479218006134033e+00 -4.186956904828491588e-01
1.118826097249984741e+01 -4.259789764881134033e+00 -4.207708857953491588e-01
1.124990648031234741e+01 -4.153100311756134033e+00 -4.228613398969116588e-01
1.131185716390609741e+01 -4.046044647693634033e+00 -4.249517939984741588e-01
1.137350267171859741e+01 -3.939477264881134033e+00 -4.270422481000366588e-01
1.143520921468734741e+01 -3.832787811756134033e+00 -4.291174434125366588e-01
1.149703782796859741e+01 -3.725854218006134033e+00 -4.312231563031616588e-01
1.155868333578109741e+01 -3.619286835193634033e+00 -4.332983516156616588e-01
1.223452562093734741e+01 -5.075097382068634033e+00 -3.751165889203491588e-01
1.234530442953109741e+01 -4.983544647693634033e+00 -3.776037715375366588e-01
1.244894212484359741e+01 -4.886620819568634033e+00 -3.803503535687866588e-01
1.251772874593734741e+01 -4.767358124256134033e+00 -3.826849482953491588e-01
1.258590501546859741e+01 -4.648339569568634033e+00 -3.850042842328491588e-01
1.265359300374984741e+01 -4.529076874256134033e+00 -3.873236201703491588e-01
1.272152513265609741e+01 -4.409325897693634033e+00 -3.896429561078491588e-01
1.278194993734359741e+01 -4.286156952381134033e+00 -3.922064326703491588e-01
1.360195726156234741e+01 -5.949487030506134033e+00 -3.207800410687866588e-01
1.372244065999984741e+01 -5.844994843006134033e+00 -3.236639522015991588e-01
1.384371751546859741e+01 -5.739892303943634033e+00 -3.265631221234741588e-01
1.396621507406234741e+01 -5.633691132068634033e+00 -3.294928096234741588e-01
1.408913987874984741e+01 -5.527245819568634033e+00 -3.324377559125366588e-01
1.416671556234359741e+01 -5.393578827381134033e+00 -3.350622676312866588e-01
1.424203294515609741e+01 -5.258080780506134033e+00 -3.376867793500366588e-01
1.431704515218734741e+01 -5.123193085193634033e+00 -3.402960322797241588e-01
1.532394212484359741e+01 -7.050561249256134033e+00 -2.522223018109741588e-01
1.547701829671859741e+01 -6.942529022693634033e+00 -2.548315547406616588e-01
1.562069505453109741e+01 -6.826928436756134033e+00 -2.578680537640991588e-01
1.576589769124984741e+01 -6.709985077381134033e+00 -2.609350703656616588e-01
1.591195482015609741e+01 -6.592919647693634033e+00 -2.640173457562866588e-01
1.605947679281234741e+01 -6.474999725818634033e+00 -2.671301387250366588e-01
1.620864671468734741e+01 -6.355859100818634033e+00 -2.702581904828491588e-01
1.629244798421859741e+01 -6.200219452381134033e+00 -2.737066768109741588e-01
1.758529466390609741e+01 -8.496484100818634033e+00 -1.620275996625366588e-01
1.775839036703109741e+01 -8.369408905506134033e+00 -1.651251338422241588e-01
1.793209642171859741e+01 -8.240868866443634033e+00 -1.682684443890991588e-01
1.810677903890609741e+01 -8.110009491443634033e+00 -1.714422725140991588e-01
1.828231614828109741e+01 -7.978661835193634033e+00 -1.746313594281616588e-01
1.845931810140609741e+01 -7.846093475818634033e+00 -1.778357051312866588e-01
1.863839524984359741e+01 -7.712060272693634033e+00 -1.810858272015991588e-01
1.881844896078109741e+01 -7.577294647693634033e+00 -1.843664668500366588e-01
2.062008470296859741e+01 -1.043703585863113403e+01 -3.994202837347415880e-02
2.083425706624984741e+01 -1.029335910081863403e+01 -4.305482134222415880e-02
2.107015794515609741e+01 -1.016042453050613403e+01 -4.541993364691165880e-02
2.128945726156234741e+01 -1.001345187425613403e+01 -4.859376177191165880e-02
2.151070970296859741e+01 -9.865990936756134033e+00 -5.178284868597415880e-02
2.173440355062484741e+01 -9.717309296131134033e+00 -5.500245317816165880e-02
2.194033616781234741e+01 -9.554955780506134033e+00 -5.904603227972415880e-02
2.216811937093734741e+01 -9.403466522693634033e+00 -6.232667192816165880e-02
2.316525071859359741e+01 -1.206362277269363403e+01 1.082665897905883412e-01
2.430367845296859741e+01 -1.246303683519363403e+01 1.189172245562133412e-01
2.554293626546859741e+01 -1.289650851488113403e+01 1.304833866655883412e-01
2.583248704671859741e+01 -1.273049288988113403e+01 1.275689579546508412e-01
2.612368577718734741e+01 -1.256276828050613403e+01 1.246240116655883412e-01
2.641763108968734741e+01 -1.239284640550613403e+01 1.216332890093383412e-01
2.671597093343734741e+01 -1.222048312425613403e+01 1.185967899859008412e-01
2.701669114828109741e+01 -1.204665499925613403e+01 1.155297733843383412e-01
2.315847581624984741e+01 -1.205690890550613403e+01 2.303216435015258412e-01
2.429580491781234741e+01 -1.245559054613113403e+01 2.463738895952758412e-01
2.553695482015609741e+01 -1.289028292894363403e+01 2.638909794390258412e-01
2.690499681234359741e+01 -1.336965304613113403e+01 2.831933476030883412e-01
2.834957689046859741e+01 -1.386220675706863403e+01 3.032586552202758412e-01
2.993307298421859741e+01 -1.439992648363113403e+01 3.252160526812133412e-01
3.166232103109359741e+01 -1.498024874925613403e+01 3.490197636187133412e-01
3.351870530843734741e+01 -1.559084445238113403e+01 3.742883183062133412e-01
2.382491868734359741e+01 -1.248085910081863403e+01 3.707025028765258412e-01
2.520345872640609741e+01 -1.302102023363113403e+01 3.982446171343383412e-01
2.665292161703109741e+01 -1.357058078050613403e+01 4.267022587359008412e-01
2.723776048421859741e+01 -1.356594210863113403e+01 4.323785282671508412e-01
2.833798021078109741e+01 -1.385244113206863403e+01 4.506280399859008412e-01
2.992007249593734741e+01 -1.438930636644363403e+01 4.800927616655883412e-01
3.164828294515609741e+01 -1.496914035081863403e+01 5.120904423296508412e-01
3.350643724203109741e+01 -1.558071261644363403e+01 5.462090946734008412e-01
2.382278245687484741e+01 -1.247695285081863403e+01 4.964501835405883412e-01
2.520107835531234741e+01 -1.301699191331863403e+01 5.306756474077758412e-01
4.659109300374984741e+01 -2.576748019456863403e+01 1.184377429634338341e+00
4.749612230062484741e+01 -2.568215304613113403e+01 1.194509265571838341e+00
2.948116868734359741e+01 -1.451809054613113403e+01 6.320245243609008412e-01
3.089993089437484741e+01 -1.494619113206863403e+01 6.636712528765258412e-01
2.229879564046859741e+01 -1.150002413988113403e+01 5.661675907671508412e-01
2.343105882406234741e+01 -1.190712863206863403e+01 5.987145878374633412e-01
2.465603440999984741e+01 -1.234340792894363403e+01 6.331078983843383412e-01
2.598617357015609741e+01 -1.281179171800613403e+01 6.710107304155883412e-01
2.743148607015609741e+01 -1.331667453050613403e+01 7.120568729937133412e-01
2.899795335531234741e+01 -1.385634738206863403e+01 7.563226200640258412e-01
3.069882005453109741e+01 -1.443264132738113403e+01 8.049371220171508412e-01
3.257986253499984741e+01 -1.506862765550613403e+01 8.577783085405883412e-01
2.248019212484359741e+01 -1.161367160081863403e+01 6.914422489702758412e-01
2.360268968343734741e+01 -1.201210910081863403e+01 7.289178349077758412e-01
2.480679124593734741e+01 -1.243300753831863403e+01 7.688958622515258412e-01
2.612057298421859741e+01 -1.288942843675613403e+01 8.124291874468383412e-01
2.754141038656234741e+01 -1.337807589769363403e+01 8.593499638140258412e-01
2.908285325765609741e+01 -1.390175753831863403e+01 9.100396610796508412e-01
3.075503343343734741e+01 -1.446083956956863403e+01 9.647271610796508412e-01
3.259225267171859741e+01 -1.507192355394363403e+01 1.024709460884338341e+00
2.250356858968734741e+01 -1.162624484300613403e+01 8.117425419390258412e-01
2.364883226156234741e+01 -1.203847628831863403e+01 8.550012089312133412e-01
2.487643235921859741e+01 -1.247316867113113403e+01 9.018151737749633412e-01
2.622024339437484741e+01 -1.294631320238113403e+01 9.529626347124633412e-01
2.765572923421859741e+01 -1.344204074144363403e+01 1.007253406196838341e+00
2.917385667562484741e+01 -1.395082980394363403e+01 1.064138171821838341e+00
3.081515306234359741e+01 -1.449123507738113403e+01 1.125280139595275841e+00
3.260879319906234741e+01 -1.507753878831863403e+01 1.192861316353088341e+00
2.235281175374984741e+01 -1.152761203050613403e+01 9.223229862749633412e-01
2.358157151937484741e+01 -1.199392062425613403e+01 9.762475468218383412e-01
2.490664476156234741e+01 -1.248903781175613403e+01 1.034108874946838341e+00
4.523550218343734741e+01 -2.431093722581863403e+01 2.079946277290588341e+00
2.947018235921859741e+01 -1.449941378831863403e+01 1.244802234321838341e+00
3.088839524984359741e+01 -1.492678195238113403e+01 1.302892444282775841e+00
2.381173509359359741e+01 -1.245766574144363403e+01 1.126989123970275841e+00
2.518935960531234741e+01 -1.299660617113113403e+01 1.194082019478088341e+00
2.661892503499984741e+01 -1.353322726488113403e+01 1.263509509712463341e+00
2.801791185140609741e+01 -1.401540499925613403e+01 1.329732654243713341e+00
2.946743577718734741e+01 -1.449477511644363403e+01 1.397557971626525841e+00
2.986160081624984741e+01 -1.433742648363113403e+01 1.404546497017150841e+00
3.127352708578109741e+01 -1.474050265550613403e+01 1.468068835884338341e+00
3.315640062093734741e+01 -1.536916476488113403e+01 1.557302234321838341e+00
2.380953782796859741e+01 -1.245375949144363403e+01 1.252660510689025841e+00
2.391451829671859741e+01 -1.219716769456863403e+01 1.245794055610900841e+00
2.514919847249984741e+01 -1.263210421800613403e+01 1.310552356392150841e+00
2.650991624593734741e+01 -1.311135226488113403e+01 1.381902454048400841e+00
2.796890062093734741e+01 -1.361635714769363403e+01 1.458043811470275841e+00
2.956930345296859741e+01 -1.416750460863113403e+01 1.541448352485900841e+00
3.128817552328109741e+01 -1.474538546800613403e+01 1.630422351509338341e+00
2.276302903890609741e+01 -1.178273898363113403e+01 1.305898425728088341e+00
2.392379564046859741e+01 -1.220058566331863403e+01 1.372731921821838341e+00
2.515920823812484741e+01 -1.263564425706863403e+01 1.442754504829650841e+00
4.124496263265609741e+01 -2.191249972581863403e+01 2.523687122017150841e+00
3.928390306234359741e+01 -2.233290988206863403e+01 2.673360583931213341e+00
4.141628831624984741e+01 -2.312746554613113403e+01 2.806524036079650841e+00
4.156191819906234741e+01 -2.265554171800613403e+01 2.791066882759338341e+00
4.516573899984359741e+01 -2.365224581956863403e+01 3.001821277290588341e+00
9.719083726406097412e+00 -2.615868866443634033e+00 -4.949133418500366588e-01
9.769498765468597412e+00 -2.526879608631134033e+00 -4.966681025922241588e-01
9.815824449062347412e+00 -2.435693085193634033e+00 -4.985754512250366588e-01
9.862333238124847412e+00 -2.344140350818634033e+00 -5.004675410687866588e-01
9.908658921718597412e+00 -2.252831757068634033e+00 -5.023596309125366588e-01
9.955045640468597412e+00 -2.161645233631134033e+00 -5.042669795453491588e-01
1.000155442953109741e+01 -2.069970428943634033e+00 -5.061590693890991588e-01
1.004372972249984741e+01 -1.976830780506134033e+00 -5.081884883344116588e-01
1.055380052328109741e+01 -3.070946991443634033e+00 -4.669592402875366588e-01
1.060445970296859741e+01 -2.971337616443634033e+00 -4.690344356000366588e-01
1.066000169515609741e+01 -2.874291718006134033e+00 -4.709417842328491588e-01
1.071084398031234741e+01 -2.774316132068634033e+00 -4.730169795453491588e-01
1.076156419515609741e+01 -2.674584686756134033e+00 -4.750769160687866588e-01
1.081228440999984741e+01 -2.574975311756134033e+00 -4.771521113812866588e-01
1.085812181234359741e+01 -2.472558319568634033e+00 -4.793798945844116588e-01
1.090884202718734741e+01 -2.372826874256134033e+00 -4.814550898969116588e-01
1.155880540609359741e+01 -3.618798553943634033e+00 -4.332983516156616588e-01
1.161471360921859741e+01 -3.509179413318634033e+00 -4.355871699750366588e-01
1.167062181234359741e+01 -3.399438202381134033e+00 -4.378607295453491588e-01
1.172671312093734741e+01 -3.289330780506134033e+00 -4.401495479047241588e-01
1.178231614828109741e+01 -3.179345428943634033e+00 -4.424078486859741588e-01
1.183755296468734741e+01 -3.069360077381134033e+00 -4.446814082562866588e-01
1.189303392171859741e+01 -2.958886444568634033e+00 -4.469549678265991588e-01
1.194827073812484741e+01 -2.848779022693634033e+00 -4.492132686078491588e-01
1.278207200765609741e+01 -4.285790741443634033e+00 -3.922064326703491588e-01
1.285085862874984741e+01 -4.167138397693634033e+00 -3.944799922406616588e-01
1.291232103109359741e+01 -4.044579803943634033e+00 -3.970129512250366588e-01
1.297408860921859741e+01 -3.921654999256134033e+00 -3.995306514203491588e-01
1.303555101156234741e+01 -3.799096405506134033e+00 -4.020636104047241588e-01
1.309707444906234741e+01 -3.676659882068634033e+00 -4.045813106000366588e-01
1.315878099203109741e+01 -3.553613007068634033e+00 -4.071142695844116588e-01
1.321279710531234741e+01 -3.427636444568634033e+00 -4.098608516156616588e-01
1.431716722249984741e+01 -5.122582733631134033e+00 -3.403112910687866588e-01
1.438552659749984741e+01 -4.984154999256134033e+00 -3.431341670453491588e-01
1.445394700765609741e+01 -4.845605194568634033e+00 -3.459723018109741588e-01
1.452255052328109741e+01 -4.706689178943634033e+00 -3.488104365765991588e-01
1.459090989828109741e+01 -4.568261444568634033e+00 -3.516485713422241588e-01
1.465926927328109741e+01 -4.429833710193634033e+00 -3.544714473187866588e-01
1.472787278890609741e+01 -4.291039764881134033e+00 -3.573248408734741588e-01
1.479696458578109741e+01 -4.152978241443634033e+00 -3.601477168500366588e-01
1.629257005453109741e+01 -6.199609100818634033e+00 -2.737219356000366588e-01
1.638290208578109741e+01 -6.047387421131134033e+00 -2.765600703656616588e-01
1.646114915609359741e+01 -5.888573944568634033e+00 -2.798101924359741588e-01
1.653964036703109741e+01 -5.729394257068634033e+00 -2.830755732953491588e-01
1.661782640218734741e+01 -5.570580780506134033e+00 -2.863256953656616588e-01
1.669601243734359741e+01 -5.411889374256134033e+00 -2.895605586469116588e-01
1.677444261312484741e+01 -5.252709686756134033e+00 -2.928259395062866588e-01
1.684011644124984741e+01 -5.088280975818634033e+00 -2.964575313031616588e-01
1.881930345296859741e+01 -7.576928436756134033e+00 -1.843664668500366588e-01
1.899392503499984741e+01 -7.437279999256134033e+00 -1.879217647015991588e-01
1.911630052328109741e+01 -7.268212616443634033e+00 -1.916449092328491588e-01
1.920760911703109741e+01 -7.081933319568634033e+00 -1.954596064984741588e-01
1.929861253499984741e+01 -6.896264374256134033e+00 -1.992590449750366588e-01
1.938961595296859741e+01 -6.710717499256134033e+00 -2.030584834515991588e-01
1.948092454671859741e+01 -6.524560272693634033e+00 -2.068731807172241588e-01
1.957119554281234741e+01 -6.338647186756134033e+00 -2.106878779828491588e-01
2.216921800374984741e+01 -9.403100311756134033e+00 -6.232667192816165880e-02
2.239242357015609741e+01 -9.246239960193634033e+00 -6.589722856878665880e-02
2.263986009359359741e+01 -9.099023163318634033e+00 -6.873536333441165880e-02
2.286898607015609741e+01 -8.938134491443634033e+00 -7.238221392034915880e-02
2.305929368734359741e+01 -8.756005585193634033e+00 -7.636475786566165880e-02
2.316311448812484741e+01 -8.530175507068634033e+00 -8.098817095159915880e-02
2.324294847249984741e+01 -8.292260468006134033e+00 -8.638978227972415880e-02
2.334652513265609741e+01 -8.067040741443634033e+00 -9.099793657659915880e-02
2.701809495687484741e+01 -1.204628878831863403e+01 1.155297733843383412e-01
2.731619065999984741e+01 -1.186696749925613403e+01 1.122186161577758412e-01
2.761807054281234741e+01 -1.168544894456863403e+01 1.088464237749633412e-01
2.792251390218734741e+01 -1.149990206956863403e+01 1.053979374468383412e-01
2.822842210531234741e+01 -1.131191378831863403e+01 1.019036747515258412e-01
2.853701585531234741e+01 -1.112111788988113403e+01 9.836363568902584120e-02
2.884670823812484741e+01 -1.092556124925613403e+01 9.470152631402584120e-02
2.900533860921859741e+01 -1.065761691331863403e+01 8.923887982965084120e-02
3.353176683187484741e+01 -1.559645968675613403e+01 3.744866825640258412e-01
3.486007493734359741e+01 -1.588222628831863403e+01 3.889825321734008412e-01
3.528256028890609741e+01 -1.566750460863113403e+01 3.864037968218383412e-01
3.571017259359359741e+01 -1.544753390550613403e+01 3.837487675249633412e-01
3.614260667562484741e+01 -1.522512179613113403e+01 3.810479618609008412e-01
3.658138841390609741e+01 -1.499941378831863403e+01 3.783166386187133412e-01
3.702822679281234741e+01 -1.476967746019363403e+01 3.755242802202758412e-01
3.748025315999984741e+01 -1.453725558519363403e+01 3.727166630327758412e-01
3.351962083578109741e+01 -1.558644992113113403e+01 5.464837528765258412e-01
3.555721849203109741e+01 -1.624990206956863403e+01 5.837609745562133412e-01
3.776083177328109741e+01 -1.695205050706863403e+01 6.236932255327758412e-01
4.017196458578109741e+01 -1.770668917894363403e+01 6.670434452593383412e-01
4.280843919515609741e+01 -1.851906710863113403e+01 7.141015507280883412e-01
4.562197679281234741e+01 -1.935659152269363403e+01 7.635705448687133412e-01
4.869601243734359741e+01 -2.025100070238113403e+01 8.170983768999633412e-01
5.196252244710922241e+01 -2.116640597581863403e+01 8.730828739702758412e-01
3.661880296468734741e+01 -1.681142550706863403e+01 7.953546024859008412e-01
4.383144944906234741e+01 -1.902065402269363403e+01 9.578912235796508412e-01
4.670901292562484741e+01 -1.987612277269363403e+01 1.022023914009338341e+00
4.963406175374984741e+01 -2.068679171800613403e+01 1.085576770454650841e+00
5.297308152914047241e+01 -2.162380343675613403e+01 1.158468005806213341e+00
3.258895677328109741e+01 -1.507204562425613403e+01 8.580529667437133412e-01
3.459414476156234741e+01 -1.572976046800613403e+01 9.140679813921508412e-01
3.679598802328109741e+01 -1.644289523363113403e+01 9.743096806109008412e-01
3.920944017171859741e+01 -1.721047335863113403e+01 1.040960071235900841e+00
4.181832689046859741e+01 -1.802053195238113403e+01 1.112416980415588341e+00
4.465438646078109741e+01 -1.888063937425613403e+01 1.189489123970275841e+00
4.772176927328109741e+01 -1.978310519456863403e+01 1.273305652290588341e+00
5.103896898031234741e+01 -2.073281222581863403e+01 1.361867664009338341e+00
3.260116380453109741e+01 -1.507534152269363403e+01 1.025014636665588341e+00
3.457162278890609741e+01 -1.571425753831863403e+01 1.089238879829650841e+00
3.681228440999984741e+01 -1.644753390550613403e+01 1.162481067329650841e+00
3.927371019124984741e+01 -1.723891574144363403e+01 1.242498157173400841e+00
4.193252366781234741e+01 -1.807265597581863403e+01 1.328267810493713341e+00
4.482113450765609741e+01 -1.895632296800613403e+01 1.420736072212463341e+00
4.795156663656234741e+01 -1.988601046800613403e+01 1.520055530220275841e+00
5.126681321859359741e+01 -2.083181124925613403e+01 1.624013660103088341e+00
3.262069505453109741e+01 -1.508266574144363403e+01 1.193349597603088341e+00
3.464059251546859741e+01 -1.574733859300613403e+01 1.268254993110900841e+00
3.697445482015609741e+01 -1.652797824144363403e+01 1.356267688423400841e+00
3.954165452718734741e+01 -1.737062960863113403e+01 1.452535388618713341e+00
4.673336595296859741e+01 -1.987319308519363403e+01 1.727025745064025841e+00
3.660494798421859741e+01 -1.678884249925613403e+01 1.542989490181213341e+00
4.244393724203109741e+01 -1.831667453050613403e+01 1.776052234321838341e+00
4.528353685140609741e+01 -1.916982394456863403e+01 1.893346545845275841e+00
4.836007493734359741e+01 -2.006789523363113403e+01 2.019490955024963341e+00
5.167489427328109741e+01 -2.100783663988113403e+01 2.154409167915588341e+00
3.316903489828109741e+01 -1.537465792894363403e+01 1.557943103462463341e+00
3.521865648031234741e+01 -1.604763156175613403e+01 1.653554675728088341e+00
3.742654222249984741e+01 -1.675490695238113403e+01 1.756856677681213341e+00
3.985030931234359741e+01 -1.751882296800613403e+01 1.869771716743713341e+00
1.004385179281234741e+01 -1.976464569568634033e+00 -5.081884883344116588e-01
1.008920091390609741e+01 -1.884667694568634033e+00 -5.101263545453491588e-01
1.013039964437484741e+01 -1.791039764881134033e+00 -5.121862910687866588e-01
1.017172044515609741e+01 -1.696923553943634033e+00 -5.142462275922241588e-01
1.021291917562484741e+01 -1.603173553943634033e+00 -5.163061641156616588e-01
1.025417894124984741e+01 -1.509301483631134033e+00 -5.183661006390991588e-01
1.029556077718734741e+01 -1.415185272693634033e+00 -5.204412959515991588e-01
1.033248704671859741e+01 -1.319604218006134033e+00 -5.226233027875366588e-01
1.090902513265609741e+01 -2.372582733631134033e+00 -4.814550898969116588e-01
1.095413011312484741e+01 -2.270287811756134033e+00 -4.836981318890991588e-01
1.100436204671859741e+01 -2.170190155506134033e+00 -4.857885859906616588e-01
1.104971116781234741e+01 -2.067529022693634033e+00 -4.880468867719116588e-01
1.109487718343734741e+01 -1.965112030506134033e+00 -4.902899287640991588e-01
1.113955491781234741e+01 -1.862450897693634033e+00 -4.925177119672241588e-01
1.117928880453109741e+01 -1.757348358631134033e+00 -4.949133418500366588e-01
1.122396653890609741e+01 -1.654687225818634033e+00 -4.971411250531616588e-01
1.194845384359359741e+01 -2.848412811756134033e+00 -4.492285273969116588e-01
1.199777024984359741e+01 -2.735497772693634033e+00 -4.516699336469116588e-01
1.204714769124984741e+01 -2.622704803943634033e+00 -4.541265986859741588e-01
1.209664720296859741e+01 -2.509423553943634033e+00 -4.565832637250366588e-01
1.214602464437484741e+01 -2.396508514881134033e+00 -4.590399287640991588e-01
1.219540208578109741e+01 -2.283471405506134033e+00 -4.614965938031616588e-01
1.224502366781234741e+01 -2.170068085193634033e+00 -4.639532588422241588e-01
1.229446214437484741e+01 -2.057030975818634033e+00 -4.664099238812866588e-01
1.321298021078109741e+01 -3.427270233631134033e+00 -4.098761104047241588e-01
1.327566331624984741e+01 -3.305199921131134033e+00 -4.123632930219116588e-01
1.333083909749984741e+01 -3.179711639881134033e+00 -4.150793574750366588e-01
1.338619798421859741e+01 -3.053735077381134033e+00 -4.178106807172241588e-01
1.344143480062484741e+01 -2.928124725818634033e+00 -4.205267451703491588e-01
1.349667161703109741e+01 -2.802392303943634033e+00 -4.232580684125366588e-01
1.355209153890609741e+01 -2.676293671131134033e+00 -4.259893916547241588e-01
1.359963792562484741e+01 -2.547509491443634033e+00 -4.289495967328491588e-01
1.479714769124984741e+01 -4.152367889881134033e+00 -3.601629756390991588e-01
1.485952562093734741e+01 -4.011254608631134033e+00 -3.632147334515991588e-01
1.492190355062484741e+01 -3.870019257068634033e+00 -3.662664912640991588e-01
1.498458665609359741e+01 -3.728295624256134033e+00 -3.693335078656616588e-01
1.504702562093734741e+01 -3.586938202381134033e+00 -3.723852656781616588e-01
1.510952562093734741e+01 -3.445580780506134033e+00 -3.754522822797241588e-01
1.517226976156234741e+01 -3.303613007068634033e+00 -3.785192988812866588e-01
1.523483079671859741e+01 -3.162133514881134033e+00 -3.815710566937866588e-01
1.684036058187484741e+01 -5.087792694568634033e+00 -2.964727900922241588e-01
1.692367357015609741e+01 -4.931420624256134033e+00 -2.995703242719116588e-01
1.699453538656234741e+01 -4.769433319568634033e+00 -3.030340693890991588e-01
1.706564134359359741e+01 -4.606713593006134033e+00 -3.065283320844116588e-01
1.713656419515609741e+01 -4.444482147693634033e+00 -3.100073359906616588e-01
1.720748704671859741e+01 -4.282250702381134033e+00 -3.135015986859741588e-01
1.727865403890609741e+01 -4.119408905506134033e+00 -3.169958613812866588e-01
1.733669847249984741e+01 -3.952172577381134033e+00 -3.208410762250366588e-01
1.957162278890609741e+01 -6.338036835193634033e+00 -2.106878779828491588e-01
1.965298265218734741e+01 -6.148095428943634033e+00 -2.147467158734741588e-01
1.973434251546859741e+01 -5.958154022693634033e+00 -2.187902949750366588e-01
1.981600755453109741e+01 -5.767480194568634033e+00 -2.228491328656616588e-01
1.989742845296859741e+01 -5.577538788318634033e+00 -2.269079707562866588e-01
1.997884935140609741e+01 -5.387353241443634033e+00 -2.309515498578491588e-01
2.006057542562484741e+01 -5.196679413318634033e+00 -2.350256465375366588e-01
2.014199632406234741e+01 -5.006493866443634033e+00 -2.390692256390991588e-01
2.334701341390609741e+01 -8.066308319568634033e+00 -9.102845415472415880e-02
2.344259446859359741e+01 -7.837426483631134033e+00 -9.588074907659915880e-02
2.356277269124984741e+01 -7.619286835193634033e+00 -9.998536333441165880e-02
2.365878099203109741e+01 -7.389428436756134033e+00 -1.048681758344116588e-01
2.375454515218734741e+01 -7.160302460193634033e+00 -1.097204707562866588e-01
2.385024827718734741e+01 -6.931298553943634033e+00 -1.145880244672241588e-01
2.392135423421859741e+01 -6.691674530506134033e+00 -1.202032588422241588e-01
2.401742357015609741e+01 -6.463036835193634033e+00 -1.250708125531616588e-01
2.900582689046859741e+01 -1.065664035081863403e+01 8.922362104058834120e-02
2.912124437093734741e+01 -1.036892062425613403e+01 8.310484662652584120e-02
2.923672288656234741e+01 -1.008120089769363403e+01 7.698607221246334120e-02
2.935250657796859741e+01 -9.792504608631134033e+00 7.085203900933834120e-02
2.946786302328109741e+01 -9.504906952381134033e+00 6.473326459527584120e-02
2.958321946859359741e+01 -9.217431366443634033e+00 5.862974897027584120e-02
2.969894212484359741e+01 -8.928979218006134033e+00 5.249571576715084120e-02
2.981423753499984741e+01 -8.641625702381134033e+00 4.639220014215084120e-02
3.748281663656234741e+01 -1.453688937425613403e+01 3.727166630327758412e-01
3.793819993734359741e+01 -1.429909640550613403e+01 3.697259403765258412e-01
3.840029710531234741e+01 -1.405703097581863403e+01 3.666741825640258412e-01
3.856661790609359741e+01 -1.368129855394363403e+01 3.587548710405883412e-01
3.869692796468734741e+01 -1.329213839769363403e+01 3.503167606890258412e-01
3.882699388265609741e+01 -1.290358859300613403e+01 3.418786503374633412e-01
3.895736497640609741e+01 -1.251418429613113403e+01 3.334252811968383412e-01
3.908706468343734741e+01 -1.212661105394363403e+01 3.250024296343383412e-01
5.196676439046859741e+01 -2.116628390550613403e+01 8.731133915484008412e-01
5.268758958578109741e+01 -2.087319308519363403e+01 8.728997685015258412e-01
5.342446702718734741e+01 -2.057509738206863403e+01 8.727319218218383412e-01
5.416714280843734741e+01 -2.026503878831863403e+01 8.723046757280883412e-01
5.491522020101547241e+01 -1.994704562425613403e+01 8.717401005327758412e-01
5.567205613851547241e+01 -1.962050753831863403e+01 8.710381962359008412e-01
5.642757982015609741e+01 -1.927895480394363403e+01 8.699395634234008412e-01
5.652758592367172241e+01 -1.868105441331863403e+01 8.557488895952758412e-01
5.297958177328109741e+01 -2.162453585863113403e+01 1.158574817329650841e+00
5.560323899984359741e+01 -2.216774874925613403e+01 1.210790393501525841e+00
5.944991868734359741e+01 -2.318447238206863403e+01 1.293340442329650841e+00
6.358199876546859741e+01 -2.423403292894363403e+01 1.380849597603088341e+00
6.797427171468734741e+01 -2.530178195238113403e+01 1.472585437446838341e+00
7.263665574789047241e+01 -2.638161593675613403e+01 1.568486926704650841e+00
7.759490770101547241e+01 -2.747219210863113403e+01 1.668920276314025841e+00
8.281466478109359741e+01 -2.855764132738113403e+01 1.772939441353088341e+00
5.106179612874984741e+01 -2.074111300706863403e+01 1.362523791939025841e+00
5.463650315999984741e+01 -2.173098117113113403e+01 1.457433459907775841e+00
5.850787156820297241e+01 -2.276955538988113403e+01 1.557714221626525841e+00
6.261065477132797241e+01 -2.381740695238113403e+01 1.663991687446838341e+00
6.702099412679672241e+01 -2.490358859300613403e+01 1.777074573189025841e+00
7.168856614828109741e+01 -2.599599581956863403e+01 1.895086047798400841e+00
7.666445726156234741e+01 -2.710378390550613403e+01 2.021260974556213341e+00
8.194677537679672241e+01 -2.822268038988113403e+01 2.151571033149963341e+00
5.128954881429672241e+01 -2.084011203050613403e+01 1.624776599556213341e+00
5.484866136312484741e+01 -2.181984835863113403e+01 1.735921619087463341e+00
5.867275804281234741e+01 -2.283498507738113403e+01 1.854177234321838341e+00
6.275320237874984741e+01 -2.387099581956863403e+01 1.978917834907775841e+00
6.704711717367172241e+01 -2.490725070238113403e+01 2.108510730415588341e+00
7.159011644124984741e+01 -2.594924288988113403e+01 2.243963000923400841e+00
7.645126146078109741e+01 -2.701320773363113403e+01 2.387334582954650841e+00
8.171322435140609741e+01 -2.812636691331863403e+01 2.541341540962463341e+00
5.681112474203109741e+01 -2.268850070238113403e+01 2.089147327095275841e+00
6.752767747640609741e+01 -2.509731417894363403e+01 2.456807849556213341e+00
7.217507737874984741e+01 -2.617482882738113403e+01 2.617315051704650841e+00
7.712731736898422241e+01 -2.726686984300613403e+01 2.786535022407775841e+00
8.237344163656234741e+01 -2.836586886644363403e+01 2.966039416939025841e+00
5.169784349203109741e+01 -2.101613742113113403e+01 2.155400989204650841e+00
5.527035325765609741e+01 -2.199623996019363403e+01 2.300679919868713341e+00
1.033254808187484741e+01 -1.319238007068634033e+00 -5.226233027875366588e-01
1.037277024984359741e+01 -1.224877655506134033e+00 -5.247137568890991588e-01
1.040871995687484741e+01 -1.128930389881134033e+00 -5.269415400922241588e-01
1.044473069906234741e+01 -1.032494843006134033e+00 -5.291693232953491588e-01
1.048074144124984741e+01 -9.363034367561340332e-01 -5.313818477094116588e-01
1.051650804281234741e+01 -8.399899601936340332e-01 -5.335943721234741588e-01
1.055221360921859741e+01 -7.433102726936340332e-01 -5.358221553265991588e-01
1.058334153890609741e+01 -6.454098820686340332e-01 -5.381414912640991588e-01
1.122408860921859741e+01 -1.654321014881134033e+00 -4.971563838422241588e-01
1.126302903890609741e+01 -1.549462616443634033e+00 -4.995520137250366588e-01
1.130727952718734741e+01 -1.446313202381134033e+00 -5.018103145062866588e-01
1.134646409749984741e+01 -1.340844452381134033e+00 -5.042212031781616588e-01
1.138558763265609741e+01 -1.235741913318634033e+00 -5.066168330609741588e-01
1.142465013265609741e+01 -1.130517303943634033e+00 -5.090277217328491588e-01
1.145864671468734741e+01 -1.023339569568634033e+00 -5.115759395062866588e-01
1.149777024984359741e+01 -9.179928898811340332e-01 -5.139868281781616588e-01
1.229458421468734741e+01 -2.056664764881134033e+00 -4.664251826703491588e-01
1.233791917562484741e+01 -1.941186249256134033e+00 -4.690496943890991588e-01
1.238125413656234741e+01 -1.825707733631134033e+00 -4.716894648969116588e-01
1.242477220296859741e+01 -1.709740936756134033e+00 -4.743292354047241588e-01
1.246816819906234741e+01 -1.594018280506134033e+00 -4.769690059125366588e-01
1.251162523031234741e+01 -1.478295624256134033e+00 -4.796087764203491588e-01
1.255520433187484741e+01 -1.362084686756134033e+00 -4.822638057172241588e-01
1.259872239828109741e+01 -1.246239960193634033e+00 -4.849035762250366588e-01
1.359982103109359741e+01 -2.547143280506134033e+00 -4.289495967328491588e-01
1.365627855062484741e+01 -2.421777069568634033e+00 -4.316504023969116588e-01
1.370504564046859741e+01 -2.293359100818634033e+00 -4.345648311078491588e-01
1.375399583578109741e+01 -2.164330780506134033e+00 -4.374945186078491588e-01
1.380282396078109741e+01 -2.035790741443634033e+00 -4.404242061078491588e-01
1.385171312093734741e+01 -1.907128632068634033e+00 -4.433386348187866588e-01
1.390078538656234741e+01 -1.777856171131134033e+00 -4.462835811078491588e-01
1.397622483968734741e+01 -1.656884491443634033e+00 -4.499762080609741588e-01
1.523507493734359741e+01 -3.161645233631134033e+00 -3.815863154828491588e-01
1.529061692953109741e+01 -3.017480194568634033e+00 -3.848516963422241588e-01
1.534621995687484741e+01 -2.873071014881134033e+00 -3.881170772015991588e-01
1.540206712484359741e+01 -2.728051483631134033e+00 -3.913977168500366588e-01
1.545779222249984741e+01 -2.583520233631134033e+00 -3.946630977094116588e-01
1.551357835531234741e+01 -2.438744843006134033e+00 -3.979437373578491588e-01
1.559957689046859741e+01 -2.302758514881134033e+00 -4.015600703656616588e-01
1.571542161703109741e+01 -2.175317108631134033e+00 -4.055120967328491588e-01
1.733700364828109741e+01 -3.951562225818634033e+00 -3.208563350140991588e-01
1.741335862874984741e+01 -3.791161835193634033e+00 -3.241827510297241588e-01
1.747683519124984741e+01 -3.625756561756134033e+00 -3.278906367719116588e-01
1.754061692953109741e+01 -3.459618866443634033e+00 -3.316137813031616588e-01
1.760421556234359741e+01 -3.293847382068634033e+00 -3.353369258344116588e-01
1.768856614828109741e+01 -3.134667694568634033e+00 -3.391668818890991588e-01
1.782833665609359741e+01 -2.991357147693634033e+00 -3.433783076703491588e-01
1.795492357015609741e+01 -2.842919647693634033e+00 -3.479559443890991588e-01
2.014230149984359741e+01 -5.005883514881134033e+00 -2.390844844281616588e-01
2.021590989828109741e+01 -4.812646210193634033e+00 -2.433722041547241588e-01
2.028951829671859741e+01 -4.619286835193634033e+00 -2.476599238812866588e-01
2.036343187093734741e+01 -4.425072968006134033e+00 -2.519629023969116588e-01
2.043722337484359741e+01 -4.231469452381134033e+00 -2.562658809125366588e-01
2.060433763265609741e+01 -4.067529022693634033e+00 -2.606604121625366588e-01
2.078286546468734741e+01 -3.904198944568634033e+00 -2.651464961469116588e-01
2.096206468343734741e+01 -3.739404022693634033e+00 -2.696478389203491588e-01
2.401785081624984741e+01 -6.462304413318634033e+00 -1.250860713422241588e-01
2.410787767171859741e+01 -6.231225311756134033e+00 -1.301672481000366588e-01
2.422298997640609741e+01 -6.008691132068634033e+00 -1.345465205609741588e-01
2.431356614828109741e+01 -5.776147186756134033e+00 -1.396582148969116588e-01
2.446029466390609741e+01 -5.562890350818634033e+00 -1.445410273969116588e-01
2.469656175374984741e+01 -5.376733124256134033e+00 -1.491339229047241588e-01
2.490682786703109741e+01 -5.178368866443634033e+00 -1.545202754437866588e-01
2.520840257406234741e+01 -5.005273163318634033e+00 -1.590216182172241588e-01
2.981454271078109741e+01 -8.640649139881134033e+00 4.636168256402584120e-02
2.992074388265609741e+01 -8.349877655506134033e+00 4.002928510308834120e-02
3.002456468343734741e+01 -8.058007538318634033e+00 3.365111127496334120e-02
3.012881273031234741e+01 -7.765160858631134033e+00 2.725767865777584120e-02
3.037606614828109741e+01 -7.520654022693634033e+00 2.213072553277584120e-02
3.070425218343734741e+01 -7.298852264881134033e+00 1.764464154840084120e-02
3.107974046468734741e+01 -7.085473358631134033e+00 1.338743939996334120e-02
3.167532151937484741e+01 -6.933007538318634033e+00 1.080870404840084120e-02
3.908755296468734741e+01 -1.212526828050613403e+01 3.249871708452758412e-01
3.921401780843734741e+01 -1.173696261644363403e+01 3.164727665484008412e-01
3.934585374593734741e+01 -1.135061007738113403e+01 3.080346561968383412e-01
3.947817796468734741e+01 -1.096279269456863403e+01 2.995660282671508412e-01
3.977328294515609741e+01 -1.063039523363113403e+01 2.933404423296508412e-01
4.026357835531234741e+01 -1.035695773363113403e+01 2.896478153765258412e-01
4.098922532796859741e+01 -1.014687472581863403e+01 2.888085819780883412e-01
4.189663499593734741e+01 -9.979638397693634033e+00 2.900292851030883412e-01
5.652801316976547241e+01 -1.867897921800613403e+01 8.557031132280883412e-01
5.664660447835922241e+01 -1.809035617113113403e+01 8.420312382280883412e-01
5.676897996664047241e+01 -1.750466281175613403e+01 8.284661747515258412e-01
5.689144700765609741e+01 -1.691835910081863403e+01 8.148858524859008412e-01
5.701324266195297241e+01 -1.633535128831863403e+01 8.013970829546508412e-01
5.729855149984359741e+01 -1.580629855394363403e+01 7.908990360796508412e-01
5.812188524007797241e+01 -1.543923312425613403e+01 7.899377323687133412e-01
5.956271165609359741e+01 -1.524477511644363403e+01 7.995812870562133412e-01
8.284905809164047241e+01 -2.856740695238113403e+01 1.773702380806213341e+00
8.827914232015609741e+01 -2.961721163988113403e+01 1.880193469673400841e+00
9.399496263265609741e+01 -3.065236788988113403e+01 1.990438220649963341e+00
8.198208421468734741e+01 -2.823281222581863403e+01 2.152517078071838341e+00
8.751064866781234741e+01 -2.932790499925613403e+01 2.287435290962463341e+00
8.175094407796859741e+01 -2.813747531175613403e+01 2.542546985298400841e+00
8.740893357992172241e+01 -2.928164035081863403e+01 2.707555530220275841e+00
9.329745286703109741e+01 -3.038625460863113403e+01 2.876729724556213341e+00
8.240871995687484741e+01 -2.837587863206863403e+01 2.967336414009338341e+00
8.790942186117172241e+01 -2.945485812425613403e+01 3.150136706978088341e+00
4.816494554281234741e+01 -1.164333468675613403e+01 4.556786991655883412e-01
7.622817796468734741e+01 -2.714260226488113403e+01 1.525182483345275841e+00
7.748602098226547241e+01 -2.665664035081863403e+01 1.528035876899963341e+00
7.874825853109359741e+01 -2.615065890550613403e+01 1.530370471626525841e+00
8.004009813070297241e+01 -2.563039523363113403e+01 1.532689807564025841e+00
8.110958665609359741e+01 -2.501381808519363403e+01 1.529439685493713341e+00
8.082211107015609741e+01 -2.392153292894363403e+01 1.495214221626525841e+00
8.053753465414047241e+01 -2.284035617113113403e+01 1.461324451118713341e+00
8.025765794515609741e+01 -2.177712374925613403e+01 1.428014514595275841e+00
8.318673509359359741e+01 -2.883022433519363403e+01 2.114400622993713341e+00
7.549886888265609741e+01 -2.683571749925613403e+01 2.334768054634338341e+00
8.104867357015609741e+01 -2.800124484300613403e+01 2.491353747993713341e+00
7.602099412679672241e+01 -2.703200656175613403e+01 2.769765613228088341e+00
8.165044969320297241e+01 -2.822145968675613403e+01 2.952779529243713341e+00
7.542519944906234741e+01 -2.690078097581863403e+01 2.704168079048400841e+00
8.108395189046859741e+01 -2.810341769456863403e+01 2.884725330024963341e+00
7.372289842367172241e+01 -1.960390597581863403e+01 1.229543445259338341e+00
7.584557908773422241e+01 -2.731520968675613403e+01 1.913869617134338341e+00
7.369817918539047241e+01 -2.644387179613113403e+01 2.281636951118713341e+00
7.417046922445297241e+01 -2.662331515550613403e+01 2.731847522407775841e+00
5.697721421718597412e+00 9.987551569938659668e-01 -6.708624385297241588e-01
5.836210191249847412e+00 1.266821563243865967e+00 -6.765539668500366588e-01
6.061429917812347412e+00 1.501928985118865967e+00 -6.814367793500366588e-01
6.420499742031097412e+00 1.690283477306365967e+00 -6.852057002484741588e-01
6.782804429531097412e+00 1.881933867931365967e+00 -6.890509150922241588e-01
7.381559312343597412e+00 1.995459258556365967e+00 -6.909887813031616588e-01
8.029752671718597412e+00 2.103979766368865967e+00 -6.927893184125366588e-01
8.699613511562347412e+00 2.216284453868865967e+00 -6.946356318890991588e-01
1.498910325765609741e+01 -2.831322968006134033e+00 -3.955633662640991588e-01
1.516665452718734741e+01 -2.471215546131134033e+00 -4.030249141156616588e-01
1.550185960531234741e+01 -2.171532928943634033e+00 -4.082586787640991588e-01
1.605373948812484741e+01 -1.947900116443634033e+00 -4.106085322797241588e-01
1.681271165609359741e+01 -1.792260468006134033e+00 -4.103186152875366588e-01
1.781399339437484741e+01 -1.708886444568634033e+00 -4.070837520062866588e-01
1.884609788656234741e+01 -1.615380585193634033e+00 -4.039404414594116588e-01
1.990267747640609741e+01 -1.511987030506134033e+00 -4.008886836469116588e-01
3.222488206624984741e+01 -9.936059296131134033e+00 1.298119999468383412e-01
3.243874925374984741e+01 -9.390649139881134033e+00 1.182763554155883412e-01
3.252358812093734741e+01 -8.794579803943634033e+00 1.028344608843383412e-01
3.305740159749984741e+01 -8.368920624256134033e+00 9.729552045465084120e-02
3.401522630453109741e+01 -8.093285858631134033e+00 9.950804486871334120e-02
3.564278978109359741e+01 -8.038720428943634033e+00 1.135308720171508412e-01
3.746780198812484741e+01 -8.017968475818634033e+00 1.318261601030883412e-01
3.917513841390609741e+01 -7.924584686756134033e+00 1.456811405718383412e-01
6.780459398031234741e+01 -2.460109835863113403e+01 1.277898547798400841e+00
6.937869065999984741e+01 -2.418801242113113403e+01 1.288640735298400841e+00
3.427762925624847412e+00 1.944067656993865967e+00 -7.373755000531616588e-01
3.599210679531097412e+00 2.187353789806365967e+00 -7.417547725140991588e-01
3.811490952968597412e+00 2.416235625743865967e+00 -7.465307734906616588e-01
4.200956284999847412e+00 2.581396758556365967e+00 -7.491400264203491588e-01
4.583768784999847412e+00 2.754492461681365967e+00 -7.519171260297241588e-01
5.180753648281097412e+00 2.857275664806365967e+00 -7.530615352094116588e-01
5.899686753749847412e+00 2.930029571056365967e+00 -7.527105830609741588e-01
6.602140367031097412e+00 3.020849883556365967e+00 -7.534735225140991588e-01
1.214986985921859741e+01 -1.669701874256134033e+00 -4.801123164594116588e-01
1.238485521078109741e+01 -1.350732147693634033e+00 -4.853460811078491588e-01
1.280532640218734741e+01 -1.101952850818634033e+00 -4.880926631390991588e-01
1.339864915609359741e+01 -9.110348820686340332e-01 -4.886572383344116588e-01
1.422036546468734741e+01 -7.953122258186340332e-01 -4.863989375531616588e-01
1.522958177328109741e+01 -7.312253117561340332e-01 -4.820044063031616588e-01
1.629177659749984741e+01 -6.644528508186340332e-01 -4.773657344281616588e-01
1.740151780843734741e+01 -5.946286320686340332e-01 -4.725134395062866588e-01
2.805196946859359741e+01 -8.258080780506134033e+00 2.599475532775841202e-03
2.827676194906234741e+01 -7.750268280506134033e+00 -7.807018607849158798e-03
2.863021653890609741e+01 -7.292138397693634033e+00 -1.445985063909915880e-02
2.944961351156234741e+01 -7.005395233631134033e+00 -1.267457231878665880e-02
3.062032884359359741e+01 -6.835961639881134033e+00 -4.785778373474158798e-03
3.232443040609359741e+01 -6.835229218006134033e+00 1.216673627496334120e-02
3.408749192953109741e+01 -6.818993866443634033e+00 2.936339154840084120e-02
3.603011888265609741e+01 -6.830468475818634033e+00 5.049681439996334120e-02
6.102013963460922241e+01 -2.191603976488113403e+01 1.054113147407775841e+00
6.273977464437484741e+01 -2.162758761644363403e+01 1.071782825142150841e+00
6.439040940999984741e+01 -2.127980929613113403e+01 1.087056872993713341e+00
6.477902024984359741e+01 -2.041884738206863403e+01 1.072103259712463341e+00
6.519308274984359741e+01 -1.956948214769363403e+01 1.057775256782775841e+00
6.560845750570297241e+01 -1.871865206956863403e+01 1.043431995064025841e+00
6.652151292562484741e+01 -1.803469210863113403e+01 1.040166614204650841e+00
6.881918138265609741e+01 -1.780483371019363403e+01 1.067479846626525841e+00
1.499996751546859741e+01 -1.061425507068634033e+00 -4.652960322797241588e-01
1.607729905843734741e+01 -1.000634491443634033e+00 -4.601995967328491588e-01
1.720986741781234741e+01 -9.366696476936340332e-01 -4.548437617719116588e-01
1.847482103109359741e+01 -8.971188664436340332e-01 -4.470922969281616588e-01
3.000265306234359741e+01 -9.145898163318634033e+00 6.488585248590084120e-02
3.035384935140609741e+01 -8.651513397693634033e+00 5.737852826715084120e-02
3.069967454671859741e+01 -8.151757538318634033e+00 4.967283979058834120e-02
3.140255540609359741e+01 -7.783227264881134033e+00 4.857420697808834120e-02
3.254751390218734741e+01 -7.569604218006134033e+00 5.548643842340084120e-02
3.433254808187484741e+01 -7.565331757068634033e+00 7.361387982965084120e-02
3.619027513265609741e+01 -7.548852264881134033e+00 9.222960248590084120e-02
3.808798021078109741e+01 -7.511742889881134033e+00 1.107842899859008412e-01
6.527117723226547241e+01 -2.384938937425613403e+01 1.204595325142150841e+00
6.685033982992172241e+01 -2.344265109300613403e+01 1.215322253853088341e+00
5.248849290609359741e+01 -1.472853976488113403e+01 6.655633427202758412e-01
5.361584275960922241e+01 -1.419069796800613403e+01 6.638085819780883412e-01
5.596652024984359741e+01 -1.407033663988113403e+01 6.881921268999633412e-01
5.928765672445297241e+01 -1.540822726488113403e+01 8.055779911577758412e-01
5.088528245687484741e+01 -1.376992160081863403e+01 6.013085819780883412e-01
5.278597825765609741e+01 -1.348220187425613403e+01 6.151025272905883412e-01
