5.447394013404846191e+00 -5.156031668186187744e+00 -2.422404235694557428e-01
5.514471650123596191e+00 -5.108546316623687744e+00 -2.406382507178932428e-01
5.578375458717346191e+00 -5.057765066623687744e+00 -2.389903014991432428e-01
5.642767548561096191e+00 -5.006739675998687744e+00 -2.373270934913307428e-01
5.700873017311096191e+00 -4.950465261936187744e+00 -2.351756042335182428e-01
5.752752900123596191e+00 -4.888331472873687744e+00 -2.324900573585182428e-01
5.804449677467346191e+00 -4.826441824436187744e+00 -2.298197692725807428e-01
5.852545380592346191e+00 -4.761866629123687744e+00 -2.271037048194557428e-01
6.140570282936096191e+00 -5.786158621311187744e+00 -2.514109557960182428e-01
6.211676239967346191e+00 -5.731837332248687744e+00 -2.496256774757057428e-01
6.283026337623596191e+00 -5.677271902561187744e+00 -2.478251403663307428e-01
6.354498505592346191e+00 -5.622096121311187744e+00 -2.457346862647682428e-01
6.406439423561096191e+00 -5.550196707248687744e+00 -2.424540466163307428e-01
6.453253388404846191e+00 -5.473902761936187744e+00 -2.390513366553932428e-01
6.503485321998596191e+00 -5.401148855686187744e+00 -2.356791442725807428e-01
6.553656220436096191e+00 -5.328517019748687744e+00 -2.323222106788307428e-01
6.825567841529846191e+00 -6.409205496311187744e+00 -2.513804382178932428e-01
6.902227997779846191e+00 -6.349635183811187744e+00 -2.492899841163307428e-01
6.979193329811096191e+00 -6.289698660373687744e+00 -2.471995300147682428e-01
7.042608857154846191e+00 -6.217310965061187744e+00 -2.441325134132057428e-01
7.105169892311096191e+00 -6.144679129123687744e+00 -2.410502380225807428e-01
7.168036103248596191e+00 -6.071803152561187744e+00 -2.379374450538307428e-01
7.230658173561096191e+00 -5.999171316623687744e+00 -2.348399108741432428e-01
7.293280243873596191e+00 -5.926417410373687744e+00 -2.317423766944557428e-01
7.680243134498596191e+00 -7.186549246311187744e+00 -2.541422790382057428e-01
7.763006806373596191e+00 -7.119532644748687744e+00 -2.513499206397682428e-01
7.840765595436096191e+00 -7.047633230686187744e+00 -2.485117858741432428e-01
7.918951630592346191e+00 -6.975367605686187744e+00 -2.456736511085182428e-01
7.996954560279846191e+00 -6.903224050998687744e+00 -2.428355163428932428e-01
8.075445771217346191e+00 -6.830592215061187744e+00 -2.399668639991432428e-01
8.153814911842346191e+00 -6.758204519748687744e+00 -2.371134704444557428e-01
8.226751923561096191e+00 -6.681056082248687744e+00 -2.342448181007057428e-01
8.713446259498596191e+00 -8.126246511936187744e+00 -2.564921325538307428e-01
8.810736298561096191e+00 -8.056666433811187744e+00 -2.539439147803932428e-01
8.908453583717346191e+00 -7.986720144748687744e+00 -2.513956970069557428e-01
9.006964325904846191e+00 -7.916407644748687744e+00 -2.488169616553932428e-01
9.105536103248596191e+00 -7.845973074436187744e+00 -2.462382263038307428e-01
9.204779267311096191e+00 -7.775050222873687744e+00 -2.436442321632057428e-01
9.304144501686096191e+00 -7.704005300998687744e+00 -2.410502380225807428e-01
9.397589325904846191e+00 -7.627589285373687744e+00 -2.381052917335182428e-01
9.997931122779846191e+00 -9.294459402561187744e+00 -2.595744079444557428e-01
1.013721334934234619e+01 -9.243067800998687744e+00 -2.577433532569557428e-01
1.026917135715484619e+01 -9.183619558811187744e+00 -2.558207458350807428e-01
1.039801657199859619e+01 -9.119532644748687744e+00 -2.536692565772682428e-01
1.051221334934234619e+01 -9.042384207248687744e+00 -2.507395690772682428e-01
1.062732565402984619e+01 -8.964625418186187744e+00 -2.477946227882057428e-01
1.074256002902984619e+01 -8.886744558811187744e+00 -2.448496764991432428e-01
1.085053122043609619e+01 -8.802149832248687744e+00 -2.419199889991432428e-01
1.158411276340484619e+01 -1.073720842599868774e+01 -2.603220886085182428e-01
1.171539938449859619e+01 -1.065481096506118774e+01 -2.570719665382057428e-01
1.184729635715484619e+01 -1.057192522287368774e+01 -2.537913268897682428e-01
1.198035299777984619e+01 -1.048842912912368774e+01 -2.504801696632057428e-01
1.211365377902984619e+01 -1.040468889474868774e+01 -2.471842712257057428e-01
1.224805319309234619e+01 -1.032021623849868774e+01 -2.438425964210182428e-01
1.238275778293609619e+01 -1.023574358224868774e+01 -2.405009216163307428e-01
1.251807272434234619e+01 -1.015066057443618774e+01 -2.371287292335182428e-01
1.375537741184234619e+01 -1.271193987131118774e+01 -2.653269714210182428e-01
1.390808737277984619e+01 -1.261611467599868774e+01 -2.612833923194557428e-01
1.408032858371734619e+01 -1.253615862131118774e+01 -2.574381774757057428e-01
1.424152243137359619e+01 -1.244423967599868774e+01 -2.535777038428932428e-01
1.440308248996734619e+01 -1.235207659006118774e+01 -2.497172302100807428e-01
1.456622946262359619e+01 -1.225893694162368774e+01 -2.458109802100807428e-01
1.471637594699859619e+01 -1.215468889474868774e+01 -2.419199889991432428e-01
1.488074362277984619e+01 -1.206093889474868774e+01 -2.379832214210182428e-01
1.493683493137359619e+01 -1.378908830881118774e+01 -2.092814391944557428e-01
1.571497213840484619e+01 -1.423403459787368774e+01 -2.251200622413307428e-01
1.657276022434234619e+01 -1.472951799631118774e+01 -2.428049987647682428e-01
1.712470114231109619e+01 -1.493850237131118774e+01 -2.497324889991432428e-01
1.729785788059234619e+01 -1.481460100412368774e+01 -2.442698425147682428e-01
1.749719870090484619e+01 -1.471059709787368774e+01 -2.395396179053932428e-01
1.776148092746734619e+01 -1.465908342599868774e+01 -2.367320007178932428e-01
1.802930319309234619e+01 -1.460683733224868774e+01 -2.339091247413307428e-01
1.708301413059234619e+01 -1.574306780099868774e+01 -1.658854431007057428e-01
1.722797262668609619e+01 -1.559023576974868774e+01 -1.592783874366432428e-01
2.108362448215484619e+01 -1.869729143381118774e+01 -2.515177673194557428e-01
1.733533346652984619e+01 -1.512539201974868774e+01 -1.412424987647682428e-01
1.930707418918609619e+01 -1.652639299631118774e+01 -1.813883727882057428e-01
1.968213522434234619e+01 -1.654055315256118774e+01 -1.796030944678932428e-01
2.089557516574859619e+01 -1.723806291818618774e+01 -1.981577819678932428e-01
2.229614889621734619e+01 -1.805727678537368774e+01 -2.200999206397682428e-01
1.712500631809234619e+01 -1.578628069162368774e+01 -4.993390501476824284e-02
1.717938864231109619e+01 -1.555190569162368774e+01 -4.135846556164324284e-02
1.723328268527984619e+01 -1.531948381662368774e+01 -3.284406126476824284e-02
1.724225485324859619e+01 -1.504983049631118774e+01 -2.349042356945574284e-02
2.579724752902984619e+01 -2.204702287912368774e+01 -1.810374206397682428e-01
2.034277975559234619e+01 -1.709804826974868774e+01 -6.383466185070574284e-02
2.790698873996734619e+01 -2.300405412912368774e+01 -1.934885925147682428e-01
2.270593893527984619e+01 -1.839431291818618774e+01 -8.547162474133074284e-02
1.718616354465484619e+01 -1.584682756662368774e+01 6.563616334460675716e-02
1.713123190402984619e+01 -1.551381975412368774e+01 7.535601197741925716e-02
1.752930319309234619e+01 -1.558474260568618774e+01 7.837725221179425716e-02
1.769623434543609619e+01 -1.544716936349868774e+01 8.489275514148175716e-02
2.900440084934234619e+01 -2.478029924631118774e+01 -5.899762571789324284e-02
2.033997213840484619e+01 -1.710134416818618774e+01 6.781817018054425716e-02
3.151758444309234619e+01 -2.597866350412368774e+01 -6.349896849133074284e-02
2.270282614231109619e+01 -1.839785295724868774e+01 5.826616822741925716e-02
1.667243063449859619e+01 -1.538479143381118774e+01 1.878438049461692572e-01
1.739929831027984619e+01 -1.575857073068618774e+01 1.893696838524192572e-01
1.755506002902984619e+01 -1.561233049631118774e+01 1.954731994774192572e-01
1.801972067356109619e+01 -1.573195940256118774e+01 1.998219543602317572e-01
3.127979147434234619e+01 -2.672304826974868774e+01 1.085896545555442572e-01
2.033722555637359619e+01 -1.710451799631118774e+01 1.994557434227317572e-01
3.402216207981109619e+01 -2.804604631662368774e+01 1.178364807274192572e-01
2.269971334934234619e+01 -1.840139299631118774e+01 2.027363830711692572e-01
1.692090475559234619e+01 -1.561574846506118774e+01 3.008503967430442572e-01
1.742230856418609619e+01 -1.578408342599868774e+01 3.066792541649192572e-01
1.763184225559234619e+01 -1.568496233224868774e+01 3.134236389305442572e-01
1.786395895481109619e+01 -1.560232073068618774e+01 3.201985412742942572e-01
3.288910543918609619e+01 -2.810024553537368774e+01 3.056721740867942572e-01
2.033441793918609619e+01 -1.710781389474868774e+01 3.317647033836692572e-01
3.653571188449859619e+01 -3.012197405099868774e+01 3.278279358055442572e-01
2.269660055637359619e+01 -1.840493303537368774e+01 3.464283996727317572e-01
1.487476217746734619e+01 -1.375918108224868774e+01 4.100270324852317572e-01
1.565778219699859619e+01 -1.421047502756118774e+01 4.178853088524192572e-01
1.652014791965484619e+01 -1.471193987131118774e+01 4.270253235008567572e-01
1.746094381809234619e+01 -1.525869280099868774e+01 4.370045715477317572e-01
1.848895895481109619e+01 -1.585732561349868774e+01 4.478840881492942572e-01
1.963202536106109619e+01 -1.652578264474868774e+01 4.599232727196067572e-01
2.089740622043609619e+01 -1.726797014474868774e+01 4.731984192039817572e-01
2.231354391574859619e+01 -1.810134416818618774e+01 4.887623840477317572e-01
1.490534079074859619e+01 -1.379152971506118774e+01 5.129475647117942572e-01
1.565515768527984619e+01 -1.421267229318618774e+01 5.251240783836692572e-01
1.648004782199859619e+01 -1.468130022287368774e+01 5.383992248680442572e-01
1.737604391574859619e+01 -1.519021135568618774e+01 5.528340393211692572e-01
1.837702047824859619e+01 -1.576723772287368774e+01 5.687947326805442572e-01
1.954144918918609619e+01 -1.645547014474868774e+01 5.870442443992942572e-01
2.083307516574859619e+01 -1.722072893381118774e+01 6.072316223289817572e-01
2.228119528293609619e+01 -1.808108049631118774e+01 6.298298889305442572e-01
1.503912985324859619e+01 -1.391775041818618774e+01 6.184315735008567572e-01
1.692444479465484619e+01 -1.535354143381118774e+01 6.520009094383567572e-01
1.695361959934234619e+01 -1.510305315256118774e+01 6.570057922508567572e-01
1.801203024387359619e+01 -1.574575334787368774e+01 6.788563781883567572e-01
3.701972067356109619e+01 -3.164345842599868774e+01 9.996266418602317572e-01
3.956897604465484619e+01 -3.322548967599868774e+01 1.051674371352419257e+00
4.277411520481109619e+01 -3.528554826974868774e+01 1.115959649672731757e+00
4.674042379856109619e+01 -3.788112932443618774e+01 1.196281915297731757e+00
1.742273581027984619e+01 -1.609255510568618774e+01 7.742543274071067572e-01
1.685358297824859619e+01 -1.529506975412368774e+01 7.655568176414817572e-01
3.450714743137359619e+01 -3.056667619943618774e+01 1.162697320571169257e+00
3.651746237277984619e+01 -3.177651506662368774e+01 1.215019708266481757e+00
3.872241842746734619e+01 -3.310341936349868774e+01 1.272423272719606757e+00
4.183667623996734619e+01 -3.513479143381118774e+01 1.351372247328981757e+00
4.616199362277984619e+01 -3.808608537912368774e+01 1.459282403578981757e+00
4.673963034152984619e+01 -3.789248186349868774e+01 1.481590753188356757e+00
1.976776754856109619e+01 -1.823354631662368774e+01 9.592518860008567572e-01
1.677338278293609619e+01 -1.522817522287368774e+01 8.779683166649192572e-01
1.699683248996734619e+01 -1.515090471506118774e+01 8.871846252586692572e-01
3.801441061496734619e+01 -3.308315569162368774e+01 1.489326959243044257e+00
4.084198629856109619e+01 -3.491933733224868774e+01 1.576439386000856757e+00
4.612287008762359619e+01 -3.873598772287368774e+01 1.736610894789919257e+00
4.614331686496734619e+01 -3.808278948068618774e+01 1.744179254164919257e+00
4.674213278293609619e+01 -3.790664201974868774e+01 1.768532281508669257e+00
1.676135885715484619e+01 -1.550026994943618774e+01 9.896931701805442572e-01
1.669122946262359619e+01 -1.515944963693618774e+01 9.887318664696067572e-01
1.665967428684234619e+01 -1.485866838693618774e+01 9.896779113914817572e-01
3.993854391574859619e+01 -3.476076799631118774e+01 1.797920709243044257e+00
4.283197653293609619e+01 -3.662600237131118774e+01 1.902916436782106757e+00
4.295154440402984619e+01 -3.609109026193618774e+01 1.911812310805544257e+00
5.581189596652984619e+01 -4.606008440256118774e+01 2.365944390883669257e+00
4.634833395481109619e+01 -3.759987932443618774e+01 2.041634088149294257e+00
5.852972626686096191e+00 -4.761744558811187744e+00 -2.271189636085182428e-01
5.905096650123596191e+00 -4.700343191623687744e+00 -2.244486755225807428e-01
5.953680634498596191e+00 -4.636012136936187744e+00 -2.217326110694557428e-01
6.002447724342346191e+00 -4.571559011936187744e+00 -2.190318054053932428e-01
6.051031708717346191e+00 -4.507227957248687744e+00 -2.163157409522682428e-01
6.099798798561096191e+00 -4.442774832248687744e+00 -2.136149352882057428e-01
6.148382782936096191e+00 -4.378443777561187744e+00 -2.109141296241432428e-01
6.193304657936096191e+00 -4.311549246311187744e+00 -2.081828063819557428e-01
6.554083466529846191e+00 -5.328394949436187744e+00 -2.323222106788307428e-01
6.601263642311096191e+00 -5.253443777561187744e+00 -2.289500182960182428e-01
6.648382782936096191e+00 -5.178736746311187744e+00 -2.255930847022682428e-01
6.699408173561096191e+00 -5.106715261936187744e+00 -2.222208923194557428e-01
6.746466279029846191e+00 -5.032130300998687744e+00 -2.188792175147682428e-01
6.789740204811096191e+00 -4.954493582248687744e+00 -2.155222839210182428e-01
6.836554169654846191e+00 -4.880152761936187744e+00 -2.121806091163307428e-01
6.883368134498596191e+00 -4.805934011936187744e+00 -2.088389343116432428e-01
7.293646454811096191e+00 -5.926295340061187744e+00 -2.317423766944557428e-01
7.353460907936096191e+00 -5.851344168186187744e+00 -2.286601013038307428e-01
7.418951630592346191e+00 -5.780787527561187744e+00 -2.259287780616432428e-01
7.486700654029846191e+00 -5.711329519748687744e+00 -2.233042663428932428e-01
7.549933075904846191e+00 -5.638697683811187744e+00 -2.204203552100807428e-01
7.608099579811096191e+00 -5.561671316623687744e+00 -2.171854919288307428e-01
7.666021943092346191e+00 -5.484889090061187744e+00 -2.139506286475807428e-01
7.724005341529846191e+00 -5.408228933811187744e+00 -2.107310241553932428e-01
8.227240204811096191e+00 -6.681056082248687744e+00 -2.342448181007057428e-01
8.308172821998596191e+00 -6.610133230686187744e+00 -2.313914245460182428e-01
8.383734345436096191e+00 -6.534571707248687744e+00 -2.285075134132057428e-01
8.459723114967346191e+00 -6.458643972873687744e+00 -2.256083434913307428e-01
8.535650849342346191e+00 -6.382716238498687744e+00 -2.227244323585182428e-01
8.612005829811096191e+00 -6.306422293186187744e+00 -2.198100036475807428e-01
8.688238739967346191e+00 -6.230128347873687744e+00 -2.168955749366432428e-01
8.758734345436096191e+00 -6.149439871311187744e+00 -2.139811462257057428e-01
9.397955536842346191e+00 -7.627345144748687744e+00 -2.380900329444557428e-01
9.483709931373596191e+00 -7.544337332248687744e+00 -2.348856872413307428e-01
9.569647431373596191e+00 -7.461085379123687744e+00 -2.316813415382057428e-01
9.656073212623596191e+00 -7.377345144748687744e+00 -2.284464782569557428e-01
9.742437958717346191e+00 -7.293604910373687744e+00 -2.252116149757057428e-01
9.829352021217346191e+00 -7.209498465061187744e+00 -2.219614929053932428e-01
9.901678681373596191e+00 -7.114893972873687744e+00 -2.179942077491432428e-01
9.962347626686096191e+00 -7.011866629123687744e+00 -2.134623473975807428e-01
1.085114157199859619e+01 -8.802027761936187744e+00 -2.419199889991432428e-01
1.097211325168609619e+01 -8.727198660373687744e+00 -2.389292663428932428e-01
1.108057272434234619e+01 -8.641627371311187744e+00 -2.357096618507057428e-01
1.118079245090484619e+01 -8.548243582248687744e+00 -2.320475524757057428e-01
1.125873434543609619e+01 -8.438258230686187744e+00 -2.273936218116432428e-01
1.132611715793609619e+01 -8.319972097873687744e+00 -2.222361511085182428e-01
1.139752829074859619e+01 -8.205592215061187744e+00 -2.173075622413307428e-01
1.146747457981109619e+01 -8.090357840061187744e+00 -2.127299255225807428e-01
1.251874411106109619e+01 -1.015053850412368774e+01 -2.371287292335182428e-01
1.265161764621734619e+01 -1.006240373849868774e+01 -2.337565368507057428e-01
1.278534567356109619e+01 -9.973902761936187744e+00 -2.303690856788307428e-01
1.292029440402984619e+01 -9.884425222873687744e+00 -2.269511169288307428e-01
1.305554831027984619e+01 -9.794947683811187744e+00 -2.235178893897682428e-01
1.319208395481109619e+01 -9.704493582248687744e+00 -2.200541442725807428e-01
1.331580221652984619e+01 -9.604273855686187744e+00 -2.160868591163307428e-01
1.343414938449859619e+01 -9.499537527561187744e+00 -2.118906921241432428e-01
1.488135397434234619e+01 -1.206057268381118774e+01 -2.379679626319557428e-01
1.504376852512359619e+01 -1.196377092599868774e+01 -2.340159362647682428e-01
1.522113668918609619e+01 -1.187722307443618774e+01 -2.300028747413307428e-01
1.538648092746734619e+01 -1.177871233224868774e+01 -2.259745544288307428e-01
1.555225241184234619e+01 -1.167983537912368774e+01 -2.219462341163307428e-01
1.571967184543609619e+01 -1.157985979318618774e+01 -2.178721374366432428e-01
1.587299215793609619e+01 -1.146901994943618774e+01 -2.138285583350807428e-01
1.604193747043609619e+01 -1.136806780099868774e+01 -2.097086852882057428e-01
1.803058493137359619e+01 -1.460683733224868774e+01 -2.338938659522682428e-01
1.829883444309234619e+01 -1.455117326974868774e+01 -2.310099548194557428e-01
1.852558004856109619e+01 -1.445937639474868774e+01 -2.267832702491432428e-01
1.873541891574859619e+01 -1.435110002756118774e+01 -2.219309753272682428e-01
1.894611227512359619e+01 -1.424221330881118774e+01 -2.170481628272682428e-01
1.915949118137359619e+01 -1.413222795724868774e+01 -2.121195739600807428e-01
1.937378561496734619e+01 -1.402187639474868774e+01 -2.071757263038307428e-01
1.958972799777984619e+01 -1.391042619943618774e+01 -2.021861022803932428e-01
2.230573141574859619e+01 -1.806386858224868774e+01 -2.202830261085182428e-01
2.287000143527984619e+01 -1.818508440256118774e+01 -2.213511413428932428e-01
2.310333883762359619e+01 -1.803701311349868774e+01 -2.144083923194557428e-01
2.333893454074859619e+01 -1.788747698068618774e+01 -2.074046081397682428e-01
2.357501852512359619e+01 -1.773745256662368774e+01 -2.003703063819557428e-01
2.384393942356109619e+01 -1.760866838693618774e+01 -1.939310973975807428e-01
2.412927877902984619e+01 -1.749013811349868774e+01 -1.877665466163307428e-01
2.441748678684234619e+01 -1.737050920724868774e+01 -1.815409606788307428e-01
2.270630514621734619e+01 -1.839333635568618774e+01 -8.544110716320574284e-02
2.885681784152984619e+01 -2.294533830881118774e+01 -1.822123473975807428e-01
2.656464254856109619e+01 -2.074514299631118774e+01 -1.287760681007057428e-01
2.771430075168609619e+01 -2.125100237131118774e+01 -1.349863952491432428e-01
3.012018454074859619e+01 -2.268032366037368774e+01 -1.607279723975807428e-01
3.098468649387359619e+01 -2.290798479318618774e+01 -1.601176208350807428e-01
3.131506979465484619e+01 -2.273110491037368774e+01 -1.507945007178932428e-01
3.173169577121734619e+01 -2.261281877756118774e+01 -1.426463073585182428e-01
2.270319235324859619e+01 -1.839699846506118774e+01 5.829668580554425716e-02
3.338611471652984619e+01 -2.655068498849868774e+01 -5.667828978039324284e-02
3.357587301731109619e+01 -2.622732073068618774e+01 -4.387616575695574284e-02
3.376587545871734619e+01 -2.590334612131118774e+01 -3.105878294445574284e-02
3.395484030246734619e+01 -2.558120256662368774e+01 -1.831769407726824284e-02
3.425037252902984619e+01 -2.533742815256118774e+01 -6.629461655393242836e-03
4.253717672824859619e+01 -3.091689592599868774e+01 -7.219647825695574284e-02
4.053290426731109619e+01 -2.892336565256118774e+01 -3.592633665539324284e-02
2.270007956027984619e+01 -1.840053850412368774e+01 2.027821594383567572e-01
3.775397360324859619e+01 -3.003017717599868774e+01 1.240468078758567572e-01
4.095581686496734619e+01 -3.200088030099868774e+01 1.204915100242942572e-01
4.401538717746734619e+01 -3.378200823068618774e+01 1.212391906883567572e-01
4.542011129856109619e+01 -3.424306780099868774e+01 1.318898254539817572e-01
3.424567282199859619e+01 -2.534243303537368774e+01 1.984334045555442572e-01
5.037305319309234619e+01 -3.663967424631118774e+01 1.487507873680442572e-01
4.122247946262359619e+01 -2.942727190256118774e+01 2.007527404930442572e-01
2.269696676731109619e+01 -1.840407854318618774e+01 3.464589172508567572e-01
4.228931295871734619e+01 -3.364480119943618774e+01 3.547749572899192572e-01
4.454590475559234619e+01 -3.481667619943618774e+01 3.709797912742942572e-01
4.717084372043609619e+01 -3.621682268381118774e+01 3.888478332664817572e-01
4.984644186496734619e+01 -3.759621721506118774e+01 4.083180481102317572e-01
5.543695700168609619e+01 -4.107485491037368774e+01 4.334187561180442572e-01
5.520746481418609619e+01 -4.017727190256118774e+01 4.520955139305442572e-01
4.121692526340484619e+01 -2.943337541818618774e+01 4.425282531883567572e-01
2.232324850559234619e+01 -1.810793596506118774e+01 4.888386779930442572e-01
2.392059957981109619e+01 -1.905068498849868774e+01 5.050435119774192572e-01
2.573621237277984619e+01 -2.012526994943618774e+01 5.242390686180442572e-01
2.782782614231109619e+01 -2.136684709787368774e+01 5.462727600242942572e-01
3.026819479465484619e+01 -2.282265764474868774e+01 5.718159729149192572e-01
3.315436422824859619e+01 -2.454958635568618774e+01 6.018910461571067572e-01
3.651569235324859619e+01 -2.655593401193618774e+01 6.370472961571067572e-01
4.063458883762359619e+01 -2.902602678537368774e+01 6.811299377586692572e-01
2.229108297824859619e+01 -1.808803850412368774e+01 6.299672180321067572e-01
2.393707907199859619e+01 -1.907021623849868774e+01 6.559681945946067572e-01
2.581329977512359619e+01 -2.019240862131118774e+01 6.855397277977317572e-01
5.415332663059234619e+01 -4.160708147287368774e+01 1.040611749282106757e+00
5.447357809543609619e+01 -4.111672502756118774e+01 1.059685235610231757e+00
5.466901266574859619e+01 -4.053200823068618774e+01 1.077171807875856757e+00
5.499921286106109619e+01 -4.005227190256118774e+01 1.096306329360231757e+00
5.509436666965484619e+01 -3.940444475412368774e+01 1.112282281508669257e+00
4.674103415012359619e+01 -3.787929826974868774e+01 1.196327691664919257e+00
5.235028707981109619e+01 -4.168191057443618774e+01 1.305061822524294257e+00
5.957257711887359619e+01 -4.660354143381118774e+01 1.446556573500856757e+00
5.417981588840484619e+01 -4.164101701974868774e+01 1.363777642836794257e+00
5.423712790012359619e+01 -4.095156389474868774e+01 1.377861505141481757e+00
5.427423727512359619e+01 -4.025222307443618774e+01 1.391457086196169257e+00
5.473505270481109619e+01 -3.987282854318618774e+01 1.412819390883669257e+00
5.504328024387359619e+01 -3.938125139474868774e+01 1.433037286391481757e+00
4.674030172824859619e+01 -3.789077287912368774e+01 1.481636529555544257e+00
5.914014303684234619e+01 -4.709890276193618774e+01 1.782265191664919257e+00
4.725128805637359619e+01 -3.697866350412368774e+01 1.513374810805544257e+00
3.438635885715484619e+01 -2.643227678537368774e+01 1.216347222914919257e+00
5.437531149387359619e+01 -4.106948381662368774e+01 1.704063897719606757e+00
5.515900290012359619e+01 -4.092299944162368774e+01 1.733986383071169257e+00
5.475318014621734619e+01 -3.989943987131118774e+01 1.734962945571169257e+00
5.496155416965484619e+01 -3.933584123849868774e+01 1.750771051039919257e+00
4.673950827121734619e+01 -3.790224748849868774e+01 1.768486505141481757e+00
5.985022604465484619e+01 -4.767934709787368774e+01 2.161079888930544257e+00
7.260132467746734619e+01 -5.683047014474868774e+01 2.547264581313356757e+00
3.433850729465484619e+01 -2.640420061349868774e+01 1.423470025649294257e+00
5.399530661106109619e+01 -4.079568010568618774e+01 2.014732843032106757e+00
5.519025290012359619e+01 -4.095986467599868774e+01 2.061089044203981757e+00
5.466644918918609619e+01 -3.984951311349868774e+01 2.054176812758669257e+00
6.651904928684234619e+01 -4.764480119943618774e+01 2.421822076430544257e+00
4.634949362277984619e+01 -3.759853655099868774e+01 2.041710382094606757e+00
4.689710104465484619e+01 -3.737942034006118774e+01 2.065620904555544257e+00
4.711194479465484619e+01 -3.689358049631118774e+01 2.079369073500856757e+00
3.429047262668609619e+01 -2.637612444162368774e+01 1.631157403578981757e+00
5.397717916965484619e+01 -4.079543596506118774e+01 2.335640435805544257e+00
5.514459860324859619e+01 -4.093947893381118774e+01 2.384117608657106757e+00
7.169446432590484619e+01 -5.230410295724868774e+01 2.983467584243044257e+00
6.193426728248596191e+00 -4.311305105686187744e+00 -2.081675475928932428e-01
6.242498993873596191e+00 -4.247462332248687744e+00 -2.054667419288307428e-01
6.287970185279846191e+00 -4.180811941623687744e+00 -2.027354186866432428e-01
6.333563446998596191e+00 -4.114039480686187744e+00 -2.000040954444557428e-01
6.377813935279846191e+00 -4.046778738498687744e+00 -1.971964782569557428e-01
6.418463349342346191e+00 -3.976710379123687744e+00 -1.941294616553932428e-01
6.458990693092346191e+00 -3.907130300998687744e+00 -1.910777038428932428e-01
6.496039032936096191e+00 -3.835352957248687744e+00 -1.880412048194557428e-01
6.883429169654846191e+00 -4.805689871311187744e+00 -2.088236755225807428e-01
6.927191376686096191e+00 -4.729395925998687744e+00 -2.054820007178932428e-01
6.970892548561096191e+00 -4.653224050998687744e+00 -2.021708434913307428e-01
7.018622040748596191e+00 -4.579493582248687744e+00 -1.988291686866432428e-01
7.062201142311096191e+00 -4.503565847873687744e+00 -1.955027526710182428e-01
7.101935029029846191e+00 -4.424708425998687744e+00 -1.921915954444557428e-01
7.157782196998596191e+00 -4.356837332248687744e+00 -1.896433776710182428e-01
7.216070771217346191e+00 -4.290309011936187744e+00 -1.872324889991432428e-01
7.724066376686096191e+00 -5.407862722873687744e+00 -2.107157653663307428e-01
7.778387665748596191e+00 -5.328517019748687744e+00 -2.074503845069557428e-01
7.832708954811096191e+00 -5.249171316623687744e+00 -2.042002624366432428e-01
7.887213349342346191e+00 -5.169581472873687744e+00 -2.009501403663307428e-01
7.941595673561096191e+00 -5.090235769748687744e+00 -1.977000182960182428e-01
7.996161103248596191e+00 -5.010645925998687744e+00 -1.944346374366432428e-01
8.050543427467346191e+00 -4.931300222873687744e+00 -1.911845153663307428e-01
8.104986786842346191e+00 -4.851954519748687744e+00 -1.879343932960182428e-01
8.758795380592346191e+00 -6.149073660373687744e+00 -2.139506286475807428e-01
8.828436493873596191e+00 -6.067652761936187744e+00 -2.105326598975807428e-01
8.880499482154846191e+00 -5.973780691623687744e+00 -2.064738220069557428e-01
8.932684540748596191e+00 -5.879786550998687744e+00 -2.024149841163307428e-01
8.984625458717346191e+00 -5.786280691623687744e+00 -1.983714050147682428e-01
9.036627411842346191e+00 -5.692530691623687744e+00 -1.943278259132057428e-01
9.088385224342346191e+00 -5.599268972873687744e+00 -1.902995056007057428e-01
9.134161591529846191e+00 -5.502345144748687744e+00 -1.862864440772682428e-01
9.962347626686096191e+00 -7.011378347873687744e+00 -2.134318298194557428e-01
1.001941549777984619e+01 -6.906153738498687744e+00 -2.089152282569557428e-01
1.007642233371734619e+01 -6.801051199436187744e+00 -2.044138854835182428e-01
1.013349020481109619e+01 -6.695704519748687744e+00 -1.998820251319557428e-01
1.019031393527984619e+01 -6.590968191623687744e+00 -1.953959411475807428e-01
1.024719870090484619e+01 -6.485987722873687744e+00 -1.908793395850807428e-01
1.030377829074859619e+01 -6.381495535373687744e+00 -1.864085143897682428e-01
1.036029684543609619e+01 -6.277247488498687744e+00 -1.819224304053932428e-01
1.146777975559234619e+01 -8.089991629123687744e+00 -2.126994079444557428e-01
1.155506002902984619e+01 -7.987208425998687744e+00 -2.082438415382057428e-01
1.163147604465484619e+01 -7.876612722873687744e+00 -2.036967223975807428e-01
1.170819723606109619e+01 -7.765528738498687744e+00 -1.991343444678932428e-01
1.178839743137359619e+01 -7.657374441623687744e+00 -1.947550720069557428e-01
1.188605368137359619e+01 -7.559962332248687744e+00 -1.910319274757057428e-01
1.198364889621734619e+01 -7.462550222873687744e+00 -1.873087829444557428e-01
1.206879293918609619e+01 -7.356715261936187744e+00 -1.834788268897682428e-01
1.343482077121734619e+01 -9.499293386936187744e+00 -2.118754333350807428e-01
1.354956686496734619e+01 -9.391261160373687744e+00 -2.076487487647682428e-01
1.366480123996734619e+01 -9.282862722873687744e+00 -2.034068054053932428e-01
1.378082907199859619e+01 -9.173731863498687744e+00 -1.991496032569557428e-01
1.386975729465484619e+01 -9.046290457248687744e+00 -1.939158386085182428e-01
1.394061911106109619e+01 -8.906519949436187744e+00 -1.880259460303932428e-01
1.401111471652984619e+01 -8.767481863498687744e+00 -1.821665710303932428e-01
1.400635397434234619e+01 -8.581324636936187744e+00 -1.737894958350807428e-01
1.604285299777984619e+01 -1.136806780099868774e+01 -2.097086852882057428e-01
1.616004049777984619e+01 -1.122915178537368774e+01 -2.040324157569557428e-01
1.628699362277984619e+01 -1.109670549631118774e+01 -1.980967468116432428e-01
1.640045797824859619e+01 -1.095363909006118774e+01 -1.922221130225807428e-01
1.651361715793609619e+01 -1.081093889474868774e+01 -1.863627380225807428e-01
1.662464010715484619e+01 -1.066579729318618774e+01 -1.804118102882057428e-01
1.668714010715484619e+01 -1.048989397287368774e+01 -1.736063903663307428e-01
1.386206686496734619e+01 -8.493800222873687744e+00 -8.464765013195574284e-02
1.959100973606109619e+01 -1.391042619943618774e+01 -2.021708434913307428e-01
1.980585348606109619e+01 -1.379604631662368774e+01 -1.971507018897682428e-01
2.002191793918609619e+01 -1.368020159006118774e+01 -1.920695251319557428e-01
2.020471823215484619e+01 -1.353847795724868774e+01 -1.860423034522682428e-01
2.030512106418609619e+01 -1.334145647287368774e+01 -1.779856628272682428e-01
2.039594137668609619e+01 -1.313772112131118774e+01 -1.697001403663307428e-01
2.048609030246734619e+01 -1.293520647287368774e+01 -1.614603942725807428e-01
1.381110250949859619e+01 -8.465113699436187744e+00 1.244073500856757164e-03
2.441919577121734619e+01 -1.737050920724868774e+01 -1.815409606788307428e-01
2.470899069309234619e+01 -1.724868303537368774e+01 -1.752543395850807428e-01
2.500195944309234619e+01 -1.712551409006118774e+01 -1.689219421241432428e-01
2.529920065402984619e+01 -1.700063616037368774e+01 -1.624827331397682428e-01
2.559265768527984619e+01 -1.687075334787368774e+01 -1.558909362647682428e-01
2.577057516574859619e+01 -1.666079241037368774e+01 -1.470255798194557428e-01
2.594806540012359619e+01 -1.645107561349868774e+01 -1.381602233741432428e-01
1.378784811496734619e+01 -8.453883230686187744e+00 8.567095338366925716e-02
3.173413717746734619e+01 -2.261306291818618774e+01 -1.426310485694557428e-01
3.215857565402984619e+01 -2.249465471506118774e+01 -1.343455261085182428e-01
3.258911764621734619e+01 -2.237478166818618774e+01 -1.259684509132057428e-01
3.302741110324859619e+01 -2.225283342599868774e+01 -1.174235290382057428e-01
3.347009909152984619e+01 -2.212942034006118774e+01 -1.088023132178932428e-01
3.392120993137359619e+01 -2.200417619943618774e+01 -1.000132507178932428e-01
3.437702047824859619e+01 -2.187734514474868774e+01 -9.114789427258074284e-02
1.361517965793609619e+01 -8.348292410373687744e+00 1.720814758446067572e-01
4.056421530246734619e+01 -2.894387346506118774e+01 -3.613995970226824284e-02
4.356024801731109619e+01 -3.052480608224868774e+01 -4.584454954601824284e-02
4.422516500949859619e+01 -3.042641741037368774e+01 -3.360700071789324284e-02
4.495233786106109619e+01 -3.035842424631118774e+01 -2.150678099133074284e-02
4.569141256809234619e+01 -3.028896623849868774e+01 -9.177679428830742836e-03
4.644837057590484619e+01 -3.021792131662368774e+01 3.441339125856757164e-03
4.721869528293609619e+01 -3.014565569162368774e+01 1.627398072741925716e-02
1.358966696262359619e+01 -8.335597097873687744e+00 2.552266174461692572e-01
4.122315084934234619e+01 -2.942580705881118774e+01 2.008137756492942572e-01
6.310004293918609619e+01 -4.428835588693618774e+01 1.457142883446067572e-01
5.499994528293609619e+01 -3.788796526193618774e+01 1.908497863914817572e-01
6.645746481418609619e+01 -4.497707659006118774e+01 1.821217590477317572e-01
1.357544577121734619e+01 -8.329981863498687744e+00 3.385243469383567572e-01
4.121759665012359619e+01 -2.943191057443618774e+01 4.425892883446067572e-01
6.355798971652984619e+01 -4.462588030099868774e+01 5.097432190086692572e-01
5.499274313449859619e+01 -3.789614397287368774e+01 5.083088928367942572e-01
6.644910299777984619e+01 -4.498708635568618774e+01 5.615773254539817572e-01
1.360986959934234619e+01 -8.355128347873687744e+00 4.214406067039817572e-01
4.066516745090484619e+01 -2.904604631662368774e+01 6.814198547508567572e-01
4.590918600559234619e+01 -3.221084123849868774e+01 7.347493225242942572e-01
5.284967672824859619e+01 -3.642617326974868774e+01 8.063740783836692572e-01
6.327912008762359619e+01 -4.284792619943618774e+01 9.118886047508567572e-01
1.362146627902984619e+01 -8.365870535373687744e+00 5.049519592430442572e-01
5.509393942356109619e+01 -3.940163713693618774e+01 1.112328057875856757e+00
6.144202291965484619e+01 -4.316543108224868774e+01 1.214043145766481757e+00
6.229712545871734619e+01 -4.297841936349868774e+01 1.242836480727419257e+00
1.364111959934234619e+01 -8.381739675998687744e+00 5.882802063133567572e-01
5.503974020481109619e+01 -3.937612444162368774e+01 1.433022027602419257e+00
5.597699606418609619e+01 -3.932851701974868774e+01 1.462883477797731757e+00
1.367536032199859619e+01 -8.406886160373687744e+00 6.725850158836692572e-01
5.496338522434234619e+01 -3.933462053537368774e+01 1.750862603774294257e+00
6.168891012668609619e+01 -4.336892229318618774e+01 1.929588800063356757e+00
6.651917135715484619e+01 -4.764187151193618774e+01 2.421867852797731757e+00
1.564288961887359619e+01 -9.659449636936187744e+00 9.016346985008567572e-01
6.190936911106109619e+01 -4.355398088693618774e+01 2.649864678969606757e+00
6.496283173561096191e+00 -3.835230886936187744e+00 -1.880412048194557428e-01
6.545843720436096191e+00 -3.771266043186187744e+00 -1.855540222022682428e-01
6.595892548561096191e+00 -3.707545340061187744e+00 -1.833262389991432428e-01
6.642645478248596191e+00 -3.641261160373687744e+00 -1.808695739600807428e-01
6.684881806373596191e+00 -3.572535574436187744e+00 -1.781229919288307428e-01
6.727240204811096191e+00 -3.503565847873687744e+00 -1.753764098975807428e-01
6.769476532936096191e+00 -3.434718191623687744e+00 -1.726298278663307428e-01
6.807745575904846191e+00 -3.363795340061187744e+00 -1.698832458350807428e-01
7.216559052467346191e+00 -4.290309011936187744e+00 -1.872324889991432428e-01
7.271734833717346191e+00 -4.221583425998687744e+00 -1.848216003272682428e-01
7.327093720436096191e+00 -4.152735769748687744e+00 -1.824107116553932428e-01
7.384955048561096191e+00 -4.084742605686187744e+00 -1.798472350928932428e-01
7.434271454811096191e+00 -4.011866629123687744e+00 -1.770396179053932428e-01
7.479986786842346191e+00 -3.936427175998687744e+00 -1.742777770850807428e-01
7.529364228248596191e+00 -3.863429129123687744e+00 -1.714701598975807428e-01
7.578863739967346191e+00 -3.790431082248687744e+00 -1.686625427100807428e-01
8.105352997779846191e+00 -4.851832449436187744e+00 -1.879343932960182428e-01
8.156012177467346191e+00 -4.770045340061187744e+00 -1.846690124366432428e-01
8.206671357154846191e+00 -4.688258230686187744e+00 -1.814036315772682428e-01
8.257513642311096191e+00 -4.606226980686187744e+00 -1.781229919288307428e-01
8.308233857154846191e+00 -4.524317800998687744e+00 -1.748423522803932428e-01
8.359137177467346191e+00 -4.442164480686187744e+00 -1.715617126319557428e-01
8.404425263404846191e+00 -4.357203543186187744e+00 -1.680064147803932428e-01
8.448370575904846191e+00 -4.271632254123687744e+00 -1.643900817725807428e-01
9.134466767311096191e+00 -5.502101004123687744e+00 -1.862864440772682428e-01
9.188482880592346191e+00 -5.410548269748687744e+00 -1.822428649757057428e-01
9.236639618873596191e+00 -5.315455496311187744e+00 -1.782450622413307428e-01
9.284857392311096191e+00 -5.220118582248687744e+00 -1.742320007178932428e-01
9.332831025123596191e+00 -5.125147879123687744e+00 -1.702341979835182428e-01
9.380987763404846191e+00 -5.030055105686187744e+00 -1.662363952491432428e-01
9.428839325904846191e+00 -4.935328543186187744e+00 -1.622385925147682428e-01
9.470648407936096191e+00 -4.837428152561187744e+00 -1.583018249366432428e-01
1.036078512668609619e+01 -6.277003347873687744e+00 -1.819224304053932428e-01
1.042169821262359619e+01 -6.175684988498687744e+00 -1.778178161475807428e-01
1.048450338840484619e+01 -6.075343191623687744e+00 -1.738047546241432428e-01
1.054755270481109619e+01 -5.974635183811187744e+00 -1.697611755225807428e-01
1.061041891574859619e+01 -5.874293386936187744e+00 -1.657328552100807428e-01
1.067359030246734619e+01 -5.773585379123687744e+00 -1.617045348975807428e-01
1.073657858371734619e+01 -5.673243582248687744e+00 -1.576762145850807428e-01
1.079956686496734619e+01 -5.572779715061187744e+00 -1.536478942725807428e-01
1.206915915012359619e+01 -7.356349050998687744e+00 -1.834635681007057428e-01
1.213782370090484619e+01 -7.240138113498687744e+00 -1.783366149757057428e-01
1.219708883762359619e+01 -7.118067800998687744e+00 -1.732706970069557428e-01
1.225641500949859619e+01 -6.995753347873687744e+00 -1.681742614600807428e-01
1.231549704074859619e+01 -6.874049246311187744e+00 -1.631083434913307428e-01
1.237470114231109619e+01 -6.752101004123687744e+00 -1.580424255225807428e-01
1.243360006809234619e+01 -6.630763113498687744e+00 -1.529765075538307428e-01
1.248279440402984619e+01 -6.504176199436187744e+00 -1.479868835303932428e-01
1.400659811496734619e+01 -8.580836355686187744e+00 -1.737742370460182428e-01
1.414819967746734619e+01 -8.487330496311187744e+00 -1.704935973975807428e-01
1.421436178684234619e+01 -8.346583425998687744e+00 -1.646799987647682428e-01
1.428070700168609619e+01 -8.205592215061187744e+00 -1.588511413428932428e-01
1.434662497043609619e+01 -8.065211355686187744e+00 -1.530528014991432428e-01
1.441272604465484619e+01 -7.924586355686187744e+00 -1.472544616553932428e-01
1.447846090793609619e+01 -7.784693777561187744e+00 -1.414713806007057428e-01
1.458948385715484619e+01 -7.670069754123687744e+00 -1.370768493507057428e-01
1.386231100559234619e+01 -8.493311941623687744e+00 -8.463239134289324284e-02
1.632202780246734619e+01 -9.836695730686187744e+00 -1.455149597022682428e-01
1.699536764621734619e+01 -1.004018694162368774e+01 -1.547770446632057428e-01
1.713605368137359619e+01 -9.911891043186187744e+00 -1.497111266944557428e-01
1.727692282199859619e+01 -9.783351004123687744e+00 -1.446146911475807428e-01
1.740308248996734619e+01 -9.644679129123687744e+00 -1.390757507178932428e-01
1.746112692356109619e+01 -9.467555105686187744e+00 -1.323466247413307428e-01
1.753632223606109619e+01 -9.300807058811187744e+00 -1.255259460303932428e-01
1.381134665012359619e+01 -8.464625418186187744e+00 1.274591078981757164e-03
1.620294821262359619e+01 -9.766993582248687744e+00 -4.520368040539324284e-02
2.083685934543609619e+01 -1.237954241037368774e+01 -1.387858337257057428e-01
2.097412741184234619e+01 -1.220571428537368774e+01 -1.316599792335182428e-01
2.111139547824859619e+01 -1.203213030099868774e+01 -1.245493835303932428e-01
2.124939596652984619e+01 -1.185756975412368774e+01 -1.173930114600807428e-01
2.138727438449859619e+01 -1.168325334787368774e+01 -1.102518981788307428e-01
2.152533590793609619e+01 -1.150844866037368774e+01 -1.030955261085182428e-01
1.378809225559234619e+01 -8.453394949436187744e+00 8.568621217273175716e-02
1.405316793918609619e+01 -8.438990652561187744e+00 8.780718385241925716e-02
1.409314596652984619e+01 -8.283351004123687744e+00 9.380388795398175716e-02
2.665961325168609619e+01 -1.560366350412368774e+01 -1.024851745460182428e-01
2.683789694309234619e+01 -1.539052873849868774e+01 -9.352826536633074284e-02
2.701727926731109619e+01 -1.517605119943618774e+01 -8.452557981945574284e-02
1.441779196262359619e+01 -7.760890066623687744e+00 1.150898986961692572e-01
1.452558004856109619e+01 -7.645045340061187744e+00 1.200184875633567572e-01
1.361383688449859619e+01 -8.346827566623687744e+00 1.721272522117942572e-01
1.359033834934234619e+01 -8.155543386936187744e+00 1.785206848289817572e-01
1.362799704074859619e+01 -8.003809988498687744e+00 1.841664367821067572e-01
1.366681540012359619e+01 -7.852931082248687744e+00 1.897816711571067572e-01
1.372058737277984619e+01 -7.712306082248687744e+00 1.951985412742942572e-01
1.378906881809234619e+01 -7.579981863498687744e+00 2.004628235008567572e-01
1.386273825168609619e+01 -7.451441824436187744e+00 2.056508117821067572e-01
1.394202291965484619e+01 -7.325831472873687744e+00 2.107930236961692572e-01
1.358838522434234619e+01 -8.334254324436187744e+00 2.552418762352317572e-01
1.354669821262359619e+01 -8.131861746311187744e+00 2.612233215477317572e-01
1.357770407199859619e+01 -7.976466238498687744e+00 2.666707092430442572e-01
1.362714254856109619e+01 -7.832545340061187744e+00 2.720112854149192572e-01
1.369409811496734619e+01 -7.700099050998687744e+00 2.772297912742942572e-01
1.376190817356109619e+01 -7.567652761936187744e+00 2.824635559227317572e-01
1.383569967746734619e+01 -7.439478933811187744e+00 2.876362854149192572e-01
1.391602194309234619e+01 -7.314845144748687744e+00 2.927784973289817572e-01
1.357410299777984619e+01 -8.328517019748687744e+00 3.385396057274192572e-01
1.355994284152984619e+01 -8.143458425998687744e+00 3.438344055321067572e-01
1.359046041965484619e+01 -7.987574636936187744e+00 3.486256652977317572e-01
1.364093649387359619e+01 -7.844142019748687744e+00 3.538289123680442572e-01
1.370392477512359619e+01 -7.709132254123687744e+00 3.590016418602317572e-01
1.377075827121734619e+01 -7.576075613498687744e+00 3.641896301414817572e-01
1.384473288059234619e+01 -7.447779715061187744e+00 3.697896057274192572e-01
1.392609274387359619e+01 -7.323634207248687744e+00 3.749775940086692572e-01
1.360889303684234619e+01 -8.353907644748687744e+00 4.214406067039817572e-01
1.356714498996734619e+01 -8.151270925998687744e+00 4.261403137352317572e-01
1.359406149387359619e+01 -7.993189871311187744e+00 4.311146789696067572e-01
1.364783346652984619e+01 -7.851588308811187744e+00 4.361958557274192572e-01
1.370996725559234619e+01 -7.716090261936187744e+00 4.413075500633567572e-01
1.377887594699859619e+01 -7.584132254123687744e+00 4.464497619774192572e-01
1.385266745090484619e+01 -7.455592215061187744e+00 4.516224914696067572e-01
1.393158590793609619e+01 -7.329981863498687744e+00 4.568104797508567572e-01
1.362048971652984619e+01 -8.364649832248687744e+00 5.049519592430442572e-01
1.356995260715484619e+01 -8.156397879123687744e+00 5.084919983055442572e-01
1.359754049777984619e+01 -7.998683035373687744e+00 5.131917053367942572e-01
1.365137350559234619e+01 -7.857081472873687744e+00 5.181660705711692572e-01
1.371265280246734619e+01 -7.720973074436187744e+00 5.232014709617942572e-01
1.378143942356109619e+01 -7.588892996311187744e+00 5.283131652977317572e-01
1.385547506809234619e+01 -7.460475027561187744e+00 5.334706360008567572e-01
1.393543112277984619e+01 -7.335475027561187744e+00 5.391316467430442572e-01
1.363983786106109619e+01 -8.380274832248687744e+00 5.882802063133567572e-01
1.360864889621734619e+01 -8.183863699436187744e+00 5.918660217430442572e-01
1.364795553684234619e+01 -8.032740652561187744e+00 5.965046936180442572e-01
1.370361959934234619e+01 -7.891627371311187744e+00 6.014027649071067572e-01
1.376831686496734619e+01 -7.756983816623687744e+00 6.064229065086692572e-01
1.383838522434234619e+01 -7.625025808811187744e+00 6.115346008446067572e-01
1.391266500949859619e+01 -7.496119558811187744e+00 6.167073303367942572e-01
1.399146139621734619e+01 -7.369776785373687744e+00 6.219563537742942572e-01
1.367383444309234619e+01 -8.405299246311187744e+00 6.725544983055442572e-01
1.360761129856109619e+01 -8.186549246311187744e+00 6.744008117821067572e-01
1.364209616184234619e+01 -8.032496511936187744e+00 6.787495666649192572e-01
1.370215475559234619e+01 -7.894068777561187744e+00 6.836323791649192572e-01
1.376953756809234619e+01 -7.761012136936187744e+00 6.886372619774192572e-01
1.384082663059234619e+01 -7.629664480686187744e+00 6.937489563133567572e-01
1.391504538059234619e+01 -7.500758230686187744e+00 6.989064270164817572e-01
1.399237692356109619e+01 -7.373560965061187744e+00 7.045826965477317572e-01
1.362537252902984619e+01 -8.200953543186187744e+00 7.578663879539817572e-01
1.363703024387359619e+01 -8.032740652561187744e+00 7.613911682274192572e-01
1.368939840793609619e+01 -7.889796316623687744e+00 7.659688049461692572e-01
1.375519430637359619e+01 -7.755885183811187744e+00 7.708973938133567572e-01
1.382593405246734619e+01 -7.624415457248687744e+00 7.759633117821067572e-01
1.390009176731109619e+01 -7.495631277561187744e+00 7.811207824852317572e-01
1.397797262668609619e+01 -7.368922293186187744e+00 7.863698059227317572e-01
1.564356100559234619e+01 -9.659083425998687744e+00 9.016652160789817572e-01
1.371594870090484619e+01 -8.260645925998687744e+00 8.438344055321067572e-01
1.370441305637359619e+01 -8.077296316623687744e+00 8.462910705711692572e-01
1.374591696262359619e+01 -7.927027761936187744e+00 8.499684387352317572e-01
1.380402243137359619e+01 -7.787989675998687744e+00 8.546071106102317572e-01
1.387213766574859619e+01 -7.654444754123687744e+00 8.600087219383567572e-01
1.394660055637359619e+01 -7.525294363498687744e+00 8.651661926414817572e-01
1.402826559543609619e+01 -7.400172293186187744e+00 8.705525451805442572e-01
1.382947409152984619e+01 -8.334620535373687744e+00 9.312062317039817572e-01
1.433154928684234619e+01 -8.281153738498687744e+00 9.547810608055442572e-01
1.451190817356109619e+01 -8.026637136936187744e+00 9.664692932274192572e-01
1.459076559543609619e+01 -7.892970144748687744e+00 9.718709045555442572e-01
1.535315573215484619e+01 -8.138453543186187744e+00 1.003715997328981757e+00
6.807989716529846191e+00 -3.363551199436187744e+00 -1.698679870460182428e-01
6.850836396217346191e+00 -3.295069754123687744e+00 -1.671366638038307428e-01
6.889715790748596191e+00 -3.224391043186187744e+00 -1.643748229835182428e-01
6.928778290748596191e+00 -3.153468191623687744e+00 -1.616129821632057428e-01
6.967718720436096191e+00 -3.082667410373687744e+00 -1.588664001319557428e-01
7.006781220436096191e+00 -3.011622488498687744e+00 -1.561045593116432428e-01
7.045721650123596191e+00 -2.940699636936187744e+00 -1.533427184913307428e-01
7.080633759498596191e+00 -2.867945730686187744e+00 -1.505961364600807428e-01
7.578863739967346191e+00 -3.790064871311187744e+00 -1.686472839210182428e-01
7.625372529029846191e+00 -3.715235769748687744e+00 -1.658701843116432428e-01
7.668036103248596191e+00 -3.638331472873687744e+00 -1.628794616553932428e-01
7.709723114967346191e+00 -3.560450613498687744e+00 -1.595377868507057428e-01
7.747137665748596191e+00 -3.480616629123687744e+00 -1.562571472022682428e-01
7.780340790748596191e+00 -3.398585379123687744e+00 -1.529917663428932428e-01
7.817694306373596191e+00 -3.318873465061187744e+00 -1.497111266944557428e-01
7.854986786842346191e+00 -3.239405691623687744e+00 -1.464304870460182428e-01
8.448431611061096191e+00 -4.271266043186187744e+00 -1.643748229835182428e-01
8.489019989967346191e+00 -4.183863699436187744e+00 -1.607737487647682428e-01
8.529547333717346191e+00 -4.096583425998687744e+00 -1.571879333350807428e-01
8.570196747779846191e+00 -4.008936941623687744e+00 -1.535868591163307428e-01
8.610663056373596191e+00 -3.921778738498687744e+00 -1.500010436866432428e-01
8.651251435279846191e+00 -3.834254324436187744e+00 -1.463999694678932428e-01
8.691595673561096191e+00 -3.747218191623687744e+00 -1.428141540382057428e-01
8.733526825904846191e+00 -3.660914480686187744e+00 -1.393046325538307428e-01
9.470953583717346191e+00 -4.837184011936187744e+00 -1.582865661475807428e-01
9.534002900123596191e+00 -4.750880300998687744e+00 -1.548685973975807428e-01
9.599432587623596191e+00 -4.665675222873687744e+00 -1.518626159522682428e-01
9.651678681373596191e+00 -4.572657644748687744e+00 -1.482310241553932428e-01
9.703802704811096191e+00 -4.480128347873687744e+00 -1.446146911475807428e-01
9.756109833717346191e+00 -4.387110769748687744e+00 -1.409678405616432428e-01
9.808294892311096191e+00 -4.294337332248687744e+00 -1.373515075538307428e-01
9.853216767311096191e+00 -4.198023855686187744e+00 -1.337199157569557428e-01
1.079981100559234619e+01 -5.572413504123687744e+00 -1.536326354835182428e-01
1.085840475559234619e+01 -5.469508230686187744e+00 -1.496043151710182428e-01
1.091699850559234619e+01 -5.366358816623687744e+00 -1.455607360694557428e-01
1.097589743137359619e+01 -5.262965261936187744e+00 -1.415171569678932428e-01
1.103461325168609619e+01 -5.159693777561187744e+00 -1.374583190772682428e-01
1.109351217746734619e+01 -5.056178152561187744e+00 -1.333994811866432428e-01
1.115228903293609619e+01 -4.952784597873687744e+00 -1.293559020850807428e-01
1.121112692356109619e+01 -4.849391043186187744e+00 -1.252970641944557428e-01
1.248285543918609619e+01 -6.503687918186187744e+00 -1.479716247413307428e-01
1.254724752902984619e+01 -6.385767996311187744e+00 -1.428904479835182428e-01
1.260205709934234619e+01 -6.262599050998687744e+00 -1.378855651710182428e-01
1.265698873996734619e+01 -6.139185965061187744e+00 -1.328654235694557428e-01
1.271173727512359619e+01 -6.016383230686187744e+00 -1.278605407569557428e-01
1.280274069309234619e+01 -5.911158621311187744e+00 -1.240458434913307428e-01
1.289441549777984619e+01 -5.806300222873687744e+00 -1.202464050147682428e-01
1.297553122043609619e+01 -5.695704519748687744e+00 -1.164774841163307428e-01
1.458991110324859619e+01 -7.669703543186187744e+00 -1.370615905616432428e-01
1.466834127902984619e+01 -7.536646902561187744e+00 -1.318125671241432428e-01
1.474677145481109619e+01 -7.403468191623687744e+00 -1.265482848975807428e-01
1.482562887668609619e+01 -7.269679129123687744e+00 -1.212687438819557428e-01
1.484277975559234619e+01 -7.104884207248687744e+00 -1.142497009132057428e-01
1.499573385715484619e+01 -7.008448660373687744e+00 -1.110453552100807428e-01
1.508527243137359619e+01 -6.879786550998687744e+00 -1.060557311866432428e-01
1.517499411106109619e+01 -6.750880300998687744e+00 -1.010508483741432428e-01
1.753632223606109619e+01 -9.300074636936187744e+00 -1.254954284522682428e-01
1.760748922824859619e+01 -9.131251394748687744e+00 -1.187205261085182428e-01
1.769605123996734619e+01 -8.972071707248687744e+00 -1.118235534522682428e-01
1.493353903293609619e+01 -7.329127371311187744e+00 -3.800153196789324284e-02
1.470007956027984619e+01 -7.035548269748687744e+00 -2.539777220226824284e-02
1.799439108371734619e+01 -8.508570730686187744e+00 -9.343671263195574284e-02
1.811926901340484619e+01 -8.366358816623687744e+00 -8.841657103039324284e-02
1.825916159152984619e+01 -8.230494558811187744e+00 -8.313703001476824284e-02
2.152564108371734619e+01 -1.150771623849868774e+01 -1.030650085303932428e-01
2.166113913059234619e+01 -1.133083635568618774e+01 -9.590863646008074284e-02
2.179700338840484619e+01 -1.115346819162368774e+01 -8.873700560070574284e-02
1.501123678684234619e+01 -7.373072683811187744e+00 4.647112428210675716e-02
1.464624655246734619e+01 -7.011500418186187744e+00 5.992937623523175716e-02
2.222308981418609619e+01 -1.062429338693618774e+01 -6.731366575695574284e-02
2.238532125949859619e+01 -1.045669084787368774e+01 -6.047772825695574284e-02
2.264441549777984619e+01 -1.033413225412368774e+01 -5.522870481945574284e-02
1.452612936496734619e+01 -7.644801199436187744e+00 1.200337463524192572e-01
2.759766256809234619e+01 -1.455227190256118774e+01 -5.799054563976824284e-02
1.463428366184234619e+01 -7.353907644748687744e+00 1.314168029930442572e-01
1.474591696262359619e+01 -7.238429129123687744e+00 1.363453918602317572e-01
1.462225973606109619e+01 -7.002589285373687744e+00 1.443257385399192572e-01
2.862555563449859619e+01 -1.382766252756118774e+01 -2.516889036633074284e-02
2.896845114231109619e+01 -1.368227678537368774e+01 -1.778363646008074284e-02
2.939752829074859619e+01 -1.357387834787368774e+01 -1.125287474133074284e-02
1.394232809543609619e+01 -7.325465261936187744e+00 2.108235412742942572e-01
1.404096090793609619e+01 -7.210352957248687744e+00 2.158131652977317572e-01
1.414752829074859619e+01 -7.098658621311187744e+00 2.207570129539817572e-01
1.426050436496734619e+01 -6.989039480686187744e+00 2.257008606102317572e-01
1.444861471652984619e+01 -6.917384207248687744e+00 2.300801330711692572e-01
3.915094625949859619e+01 -1.909414201974868774e+01 5.301714478991925716e-02
4.001251852512359619e+01 -1.909401994943618774e+01 6.162310182116925716e-02
4.105292379856109619e+01 -1.916567522287368774e+01 6.952715455554425716e-02
1.391632711887359619e+01 -7.314356863498687744e+00 2.927937561180442572e-01
1.399732077121734619e+01 -7.189967215061187744e+00 2.980122619774192572e-01
1.409705221652984619e+01 -7.075221121311187744e+00 3.031697326805442572e-01
1.421777975559234619e+01 -6.970118582248687744e+00 3.082966858055442572e-01
1.442108786106109619e+01 -6.906642019748687744e+00 3.132405334617942572e-01
6.091187155246734619e+01 -2.998232561349868774e+01 2.125172668602317572e-01
6.446430075168609619e+01 -3.107534319162368774e+01 2.267384582664817572e-01
6.307105123996734619e+01 -2.973000627756118774e+01 2.511525207664817572e-01
1.392639791965484619e+01 -7.323267996311187744e+00 3.749928527977317572e-01
1.401245748996734619e+01 -7.201441824436187744e+00 3.802876526024192572e-01
1.411139547824859619e+01 -7.086085379123687744e+00 3.851704651024192572e-01
1.423218405246734619e+01 -6.980860769748687744e+00 3.905873352196067572e-01
1.440631735324859619e+01 -6.902369558811187744e+00 3.961415344383567572e-01
7.523517477512359619e+01 -3.715932756662368774e+01 5.738148742821067572e-01
1.393189108371734619e+01 -7.329615652561187744e+00 4.568257385399192572e-01
1.401782858371734619e+01 -7.207667410373687744e+00 4.622120910789817572e-01
1.411310446262359619e+01 -7.090357840061187744e+00 4.676747375633567572e-01
1.423761618137359619e+01 -6.987086355686187744e+00 4.733967834617942572e-01
1.444104635715484619e+01 -6.923487722873687744e+00 4.797291809227317572e-01
7.462604391574859619e+01 -3.687038713693618774e+01 9.651265197899192572e-01
6.860895407199859619e+01 -3.313344866037368774e+01 9.377675110008567572e-01
6.340039694309234619e+01 -2.991421037912368774e+01 9.136433654930442572e-01
1.393573629856109619e+01 -7.335108816623687744e+00 5.391621643211692572e-01
1.402301657199859619e+01 -7.213770925998687744e+00 5.442128235008567572e-01
1.411896383762359619e+01 -7.096705496311187744e+00 5.498280578758567572e-01
1.424359762668609619e+01 -6.993434011936187744e+00 5.558400207664817572e-01
1.445392477512359619e+01 -6.933375418186187744e+00 5.629506164696067572e-01
1.399176657199859619e+01 -7.369410574436187744e+00 6.219716125633567572e-01
1.407605612277984619e+01 -7.245875418186187744e+00 6.275410705711692572e-01
1.417023336887359619e+01 -7.127345144748687744e+00 6.332783752586692572e-01
1.428168356418609619e+01 -7.016627371311187744e+00 6.393513733055442572e-01
1.447656881809234619e+01 -6.948267996311187744e+00 6.469502502586692572e-01
1.399262106418609619e+01 -7.373194754123687744e+00 7.045979553367942572e-01
1.407404196262359619e+01 -7.248072683811187744e+00 7.097401672508567572e-01
1.416339743137359619e+01 -7.126978933811187744e+00 7.155079895164817572e-01
1.428296530246734619e+01 -7.020655691623687744e+00 7.219929748680442572e-01
1.451495993137359619e+01 -6.971217215061187744e+00 7.310872131492942572e-01
1.397827780246734619e+01 -7.368556082248687744e+00 7.863850647117942572e-01
1.406110250949859619e+01 -7.244410574436187744e+00 7.920765930321067572e-01
1.415973532199859619e+01 -7.128321707248687744e+00 7.982106262352317572e-01
1.430225241184234619e+01 -7.033961355686187744e+00 8.055958801414817572e-01
1.402863180637359619e+01 -7.399806082248687744e+00 8.705830627586692572e-01
1.412055075168609619e+01 -7.280055105686187744e+00 8.766560608055442572e-01
1.423059713840484619e+01 -7.169459402561187744e+00 8.833394104149192572e-01
1.440143454074859619e+01 -7.089137136936187744e+00 8.916249328758567572e-01
1.657398092746734619e+01 -8.031886160373687744e+00 9.673695617821067572e-01
1.535126364231109619e+01 -8.136744558811187744e+00 1.003654962172731757e+00
1.471906149387359619e+01 -7.608912527561187744e+00 9.819874817039817572e-01
1.452643454074859619e+01 -7.157862722873687744e+00 9.801259094383567572e-01
7.080755829811096191e+00 -2.867701590061187744e+00 -1.505808776710182428e-01
7.120306611061096191e+00 -2.797022879123687744e+00 -1.478190368507057428e-01
7.155829071998596191e+00 -2.724391043186187744e+00 -1.450571960303932428e-01
7.191473603248596191e+00 -2.651392996311187744e+00 -1.422953552100807428e-01
7.226996064186096191e+00 -2.578761160373687744e+00 -1.395335143897682428e-01
7.262701630592346191e+00 -2.505641043186187744e+00 -1.367564147803932428e-01
7.298285126686096191e+00 -2.432887136936187744e+00 -1.339945739600807428e-01
7.329657196998596191e+00 -2.358302175998687744e+00 -1.312327331397682428e-01
7.855047821998596191e+00 -3.239039480686187744e+00 -1.464152282569557428e-01
7.889044404029846191e+00 -3.157984793186187744e+00 -1.431651061866432428e-01
7.922979950904846191e+00 -3.076808035373687744e+00 -1.399149841163307428e-01
7.961371064186096191e+00 -2.997462332248687744e+00 -1.366038268897682428e-01
7.995306611061096191e+00 -2.916407644748687744e+00 -1.333537048194557428e-01
8.024969696998596191e+00 -2.833155691623687744e+00 -1.301341003272682428e-01
8.058905243873596191e+00 -2.752223074436187744e+00 -1.268839782569557428e-01
8.092901825904846191e+00 -2.671290457248687744e+00 -1.236491149757057428e-01
8.733770966529846191e+00 -3.660670340061187744e+00 -1.392893737647682428e-01
8.782110810279846191e+00 -3.577296316623687744e+00 -1.362833923194557428e-01
8.830572724342346191e+00 -3.493922293186187744e+00 -1.332621520850807428e-01
8.879278779029846191e+00 -3.409937918186187744e+00 -1.302256530616432428e-01
8.927923798561096191e+00 -3.326197683811187744e+00 -1.271891540382057428e-01
8.976873993873596191e+00 -3.242091238498687744e+00 -1.241526550147682428e-01
9.025641083717346191e+00 -3.157984793186187744e+00 -1.211161559913307428e-01
9.074591279029846191e+00 -3.073756277561187744e+00 -1.180643981788307428e-01
9.853399872779846191e+00 -4.197657644748687744e+00 -1.337046569678932428e-01
9.908636689186096191e+00 -4.106226980686187744e+00 -1.300730651710182428e-01
9.956610321998596191e+00 -4.011134207248687744e+00 -1.264414733741432428e-01
1.000476706027984619e+01 -3.915797293186187744e+00 -1.227946227882057428e-01
1.005280172824859619e+01 -3.820582449436187744e+00 -1.191630309913307428e-01
1.010101950168609619e+01 -3.725001394748687744e+00 -1.155009216163307428e-01
1.015643942356109619e+01 -3.632716238498687744e+00 -1.121439880225807428e-01
1.021387350559234619e+01 -3.540919363498687744e+00 -1.091685241553932428e-01
1.121137106418609619e+01 -4.849024832248687744e+00 -1.252970641944557428e-01
1.127118551731109619e+01 -4.745997488498687744e+00 -1.214365905616432428e-01
1.132861959934234619e+01 -4.641505300998687744e+00 -1.174998229835182428e-01
1.140784323215484619e+01 -4.546290457248687744e+00 -1.142954772803932428e-01
1.149964010715484619e+01 -4.456324636936187744e+00 -1.115488952491432428e-01
1.159235250949859619e+01 -4.365382254123687744e+00 -1.087565368507057428e-01
1.168537008762359619e+01 -4.274317800998687744e+00 -1.059641784522682428e-01
1.177899801731109619e+01 -4.182520925998687744e+00 -1.031413024757057428e-01
1.297595846652984619e+01 -5.695460379123687744e+00 -1.164622253272682428e-01
1.307495748996734619e+01 -5.592799246311187744e+00 -1.126017516944557428e-01
1.316339743137359619e+01 -5.484400808811187744e+00 -1.087717956397682428e-01
1.325250875949859619e+01 -5.375147879123687744e+00 -1.049113220069557428e-01
1.334180319309234619e+01 -5.265772879123687744e+00 -1.010508483741432428e-01
1.343176901340484619e+01 -5.155543386936187744e+00 -9.715985716320574284e-02
1.352185690402984619e+01 -5.045191824436187744e+00 -9.326886595226824284e-02
1.360071432590484619e+01 -4.929469168186187744e+00 -8.940839231945574284e-02
1.517529928684234619e+01 -6.750514090061187744e+00 -1.010355895850807428e-01
1.526154196262359619e+01 -6.619532644748687744e+00 -9.606122435070574284e-02
1.538342916965484619e+01 -6.504420340061187744e+00 -9.201764524914324284e-02
1.556122457981109619e+01 -6.412623465061187744e+00 -8.931683958508074284e-02
1.573840963840484619e+01 -6.318873465061187744e+00 -8.653973997570574284e-02
1.589960348606109619e+01 -6.215479910373687744e+00 -8.324384153820574284e-02
1.606342184543609619e+01 -6.111720144748687744e+00 -7.996320188976824284e-02
1.622907125949859619e+01 -6.006983816623687744e+00 -7.663678587414324284e-02
1.825983297824859619e+01 -8.230128347873687744e+00 -8.312177122570574284e-02
1.840210592746734619e+01 -8.094019949436187744e+00 -7.797955931164324284e-02
1.859491598606109619e+01 -7.979884207248687744e+00 -7.329511106945574284e-02
1.883740866184234619e+01 -7.884791433811187744e+00 -7.006024778820574284e-02
1.911023581027984619e+01 -7.800440847873687744e+00 -6.734418333508074284e-02
1.938934957981109619e+01 -7.714259207248687744e+00 -6.455182493664324284e-02
1.964942038059234619e+01 -7.616725027561187744e+00 -6.183576048351824284e-02
1.993829977512359619e+01 -7.527491629123687744e+00 -5.895184935070574284e-02
2.264557516574859619e+01 -1.033388811349868774e+01 -5.521344603039324284e-02
2.288110983371734619e+01 -1.019704729318618774e+01 -4.953717649914324284e-02
2.325421774387359619e+01 -1.012038713693618774e+01 -4.596661985851824284e-02
2.364526998996734619e+01 -1.004531389474868774e+01 -4.241132200695574284e-02
2.404425680637359619e+01 -9.968531668186187744e+00 -3.879498899914324284e-02
2.445453512668609619e+01 -9.889796316623687744e+00 -3.507184446789324284e-02
2.487366354465484619e+01 -9.809351980686187744e+00 -3.127240599133074284e-02
2.530347311496734619e+01 -9.727076590061187744e+00 -2.738141478039324284e-02
2.940021383762359619e+01 -1.357412248849868774e+01 -1.125287474133074284e-02
3.001215231418609619e+01 -1.354519182443618774e+01 -6.614202866330742836e-03
3.064301168918609619e+01 -1.351491838693618774e+01 -1.822943100705742836e-03
3.129730856418609619e+01 -1.348379045724868774e+01 3.151422133669257164e-03
3.197028219699859619e+01 -1.345131975412368774e+01 8.263116469606757164e-03
3.266870748996734619e+01 -1.341787248849868774e+01 1.358843385241925716e-02
3.338959372043609619e+01 -1.338357073068618774e+01 1.905108033679425716e-02
3.417639791965484619e+01 -1.336477190256118774e+01 2.433062135241925716e-02
4.105939352512359619e+01 -1.916726213693618774e+01 6.954241334460675716e-02
4.214819967746734619e+01 -1.924367815256118774e+01 7.781267701648175716e-02
4.297760641574859619e+01 -1.918227678537368774e+01 8.829546510241925716e-02
4.390058004856109619e+01 -1.914809709787368774e+01 9.876299439929425716e-02
4.572296774387359619e+01 -1.949514299631118774e+01 1.049580627586692572e-01
4.505463278293609619e+01 -1.873916155099868774e+01 1.246571594383567572e-01
4.256183493137359619e+01 -1.723635393381118774e+01 1.520924621727317572e-01
4.814331686496734619e+01 -1.909243303537368774e+01 1.433644348289817572e-01
6.303699362277984619e+01 -2.971145159006118774e+01 2.512745910789817572e-01
7.033826315402984619e+01 -3.247988420724868774e+01 2.636952453758567572e-01
7.175079977512359619e+01 -3.240224748849868774e+01 2.863850647117942572e-01
5.162702047824859619e+01 -2.262710100412368774e+01 3.230671936180442572e-01
7.260236227512359619e+01 -3.130910784006118774e+01 3.346791320946067572e-01
6.940680563449859619e+01 -2.920217424631118774e+01 3.588490539696067572e-01
8.241931784152984619e+01 -3.396486955881118774e+01 3.866658264305442572e-01
6.227576315402984619e+01 -2.489321428537368774e+01 3.997883850242942572e-01
5.162067282199859619e+01 -2.263479143381118774e+01 5.908589416649192572e-01
6.939887106418609619e+01 -2.921279436349868774e+01 7.132954651024192572e-01
6.229462301731109619e+01 -2.491335588693618774e+01 7.182087951805442572e-01
6.336646139621734619e+01 -2.989565569162368774e+01 9.133992248680442572e-01
5.865296041965484619e+01 -2.702114397287368774e+01 8.909840637352317572e-01
5.486536276340484619e+01 -2.467202287912368774e+01 8.741231018211692572e-01
5.134625875949859619e+01 -2.252199846506118774e+01 8.575062805321067572e-01
4.823169577121734619e+01 -2.062600237131118774e+01 8.425984436180442572e-01
4.543897116184234619e+01 -1.893178850412368774e+01 8.290486389305442572e-01
4.294196188449859619e+01 -1.742190080881118774e+01 8.167958313133567572e-01
4.069623434543609619e+01 -1.606692034006118774e+01 8.056874328758567572e-01
6.348297750949859619e+01 -2.980739885568618774e+01 4.969410949852317572e-01
5.875287497043609619e+01 -2.691506487131118774e+01 5.061879211571067572e-01
8.117066061496734619e+01 -3.657985979318618774e+01 5.858235412742942572e-01
7.646698629856109619e+01 -3.362465959787368774e+01 5.976185852196067572e-01
4.453809225559234619e+01 -1.835402971506118774e+01 5.286793762352317572e-01
4.213934957981109619e+01 -1.688405901193618774e+01 5.347371154930442572e-01
3.975537741184234619e+01 -1.547011858224868774e+01 5.380330139305442572e-01
6.262274801731109619e+01 -2.940822893381118774e+01 8.278737121727317572e-01
5.797070944309234619e+01 -2.656032854318618774e+01 8.122792297508567572e-01
5.387195456027984619e+01 -2.406508928537368774e+01 7.981343322899192572e-01
5.023792135715484619e+01 -2.186318498849868774e+01 7.852864318992942572e-01
4.703015768527984619e+01 -1.992690569162368774e+01 7.737355285789817572e-01
4.415265524387359619e+01 -1.819777971506118774e+01 7.631459289696067572e-01
4.161933004856109619e+01 -1.667470842599868774e+01 7.538380676414817572e-01
3.937946188449859619e+01 -1.532424455881118774e+01 7.457203918602317572e-01
3.980286276340484619e+01 -1.550588518381118774e+01 9.622120910789817572e-01
-1.532799661159515381e+01 1.731747907400131226e+01 2.052238946547731757e+00
-1.697564482688903809e+00 1.014633649587631226e+01 1.942360406508669257e+00
-1.517418801784515381e+01 1.749594587087631226e+01 1.696602349868044257e+00
-1.642754912376403809e+00 9.577977120876312256e+00 2.203484063735231757e+00
-1.749749541282653809e+00 1.015207380056381226e+01 2.218452935805544257e+00
-8.593118190765380859e-02 1.008652204275131226e+01 2.285927301039919257e+00
-1.522045266628265381e+01 1.710739606618881226e+01 1.889824395766481757e+00
-1.513823831081390381e+01 1.747470563650131226e+01 1.905708795180544257e+00
-1.596429228782653809e+00 9.547093331813812256e+00 2.483772760024294257e+00
-2.101739287376403809e+00 1.026828473806381226e+01 2.482292657485231757e+00
-1.657464385032653809e+00 1.063632673025131226e+01 2.514763360610231757e+00
-3.716826438903808594e-03 1.058908551931381226e+01 2.589684014907106757e+00
-1.535881936550140381e+01 1.714194196462631226e+01 2.092110162368044257e+00
-1.516234719753265381e+01 1.747226423025131226e+01 2.113014703383669257e+00
-1.530785501003265381e+01 1.732065290212631226e+01 2.125008111586794257e+00
-1.501220071315765381e+01 1.762814801931381226e+01 2.150032525649294257e+00
-2.017022490501403809e+00 1.004074567556381226e+01 2.485069757094606757e+00
-1.323724150657653809e+00 1.033359235525131226e+01 2.525413995375856757e+00
9.894013404846191406e-03 1.040890973806381226e+01 2.589241510024294257e+00
-1.536058938503265381e+01 1.710727399587631226e+01 2.112404351821169257e+00
-1.531920754909515381e+01 1.750217145681381226e+01 2.127815728774294257e+00
-1.519329202175140381e+01 1.786948102712631226e+01 2.147316461196169257e+00
-1.519835793972015381e+01 1.781638044118881226e+01 2.187187677016481757e+00
-1.453008401393890381e+01 1.779037946462631226e+01 2.271858697524294257e+00
-1.536644876003265381e+01 1.753476423025131226e+01 2.269295220961794257e+00
-1.464037454128265381e+01 1.775021833181381226e+01 2.310036187758669257e+00
-1.505468118190765381e+01 1.791415876150131226e+01 2.480217462172731757e+00
-2.911242043972015381e+01 2.453183454275131226e+01 2.091835504164919257e+00
-2.911382424831390381e+01 2.491037458181381226e+01 2.106621270766481757e+00
-1.523003518581390381e+01 1.768686383962631226e+01 2.230217462172731757e+00
-2.916326272487640381e+01 2.439181989431381226e+01 1.917305474868044257e+00
-2.916716897487640381e+01 2.477927106618881226e+01 1.931648736586794257e+00
-2.872368752956390381e+01 2.504098981618881226e+01 1.959373956313356757e+00
-1.530132424831390381e+01 1.769736188650131226e+01 2.504570489516481757e+00
-1.492760598659515381e+01 1.809775251150131226e+01 2.534294610610231757e+00
-1.505669534206390381e+01 1.866428083181381226e+01 2.548927789321169257e+00
-2.869207131862640381e+01 2.424264997243881226e+01 2.138664727797731757e+00
-2.913195168972015381e+01 2.475900739431381226e+01 2.137550836196169257e+00
-2.905034768581390381e+01 2.512119001150131226e+01 2.155373101821169257e+00
-7.701690042018890381e+01 3.979587262868881226e+01 1.000069146743044257e+00
-2.848034036159515381e+01 2.537802594900131226e+01 2.360344415297731757e+00
-7.699041116237640381e+01 3.978549665212631226e+01 1.043144708266481757e+00
-4.234551370143890381e+01 3.183139508962631226e+01 2.273293023696169257e+00
-7.866277444362640381e+01 4.052255719900131226e+01 9.715352111961692572e-01
-4.213359963893890381e+01 3.213547223806381226e+01 1.919609552016481757e+00
-7.883428323268890381e+01 4.049411481618881226e+01 1.005287652602419257e+00
-7.859771096706390381e+01 4.050119489431381226e+01 1.015099053969606757e+00
-4.232879006862640381e+01 3.217160505056381226e+01 2.127769952407106757e+00
-7.881047952175140381e+01 4.048471540212631226e+01 1.047081475844606757e+00
-2.739867532253265381e+01 2.533359235525131226e+01 2.730736261000856757e+00
-4.225212991237640381e+01 3.174545758962631226e+01 2.326439386000856757e+00
-4.222905862331390381e+01 3.213620465993881226e+01 2.344398980727419257e+00
-4.213140237331390381e+01 3.232382673025131226e+01 1.911140924086794257e+00
-7.974395120143890381e+01 4.084579938650131226e+01 9.994740539696067572e-01
-7.953838479518890381e+01 4.086118024587631226e+01 1.008324151625856757e+00
-4.243328225612640381e+01 3.198337262868881226e+01 2.102577691664919257e+00
-4.314800393581390381e+01 3.255698102712631226e+01 2.098930841078981757e+00
-7.972417581081390381e+01 4.083749860525131226e+01 1.040504937758669257e+00
-2.761858499050140381e+01 2.557272809743881226e+01 2.704826837172731757e+00
-4.233928811550140381e+01 3.194821637868881226e+01 2.321358209243044257e+00
-4.221733987331390381e+01 3.232114118337631226e+01 2.343590264907106757e+00
-8.581694924831390381e+01 4.329428571462631226e+01 9.766621643211692572e-01
-4.233684670925140381e+01 3.178622907400131226e+01 1.916145806899294257e+00
-4.213970315456390381e+01 3.219125837087631226e+01 1.939537530532106757e+00
-8.595171487331390381e+01 4.326096051931381226e+01 1.007423883071169257e+00
-8.579412209987640381e+01 4.328610700368881226e+01 1.014290338149294257e+00
-4.193572366237640381e+01 3.166647809743881226e+01 2.169456964125856757e+00
-4.234380471706390381e+01 3.223080915212631226e+01 2.178596978774294257e+00
-4.297405374050140381e+01 3.283969587087631226e+01 2.181252008071169257e+00
-4.219243752956390381e+01 3.246384137868881226e+01 2.136696344008669257e+00
-8.854045999050140381e+01 4.431467145681381226e+01 8.776021057274192572e-01
-4.182232034206390381e+01 3.239157575368881226e+01 1.295738702407106757e+00
-8.864837014675140381e+01 4.427646344900131226e+01 9.085774475242942572e-01
-8.853252542018890381e+01 4.431076520681381226e+01 9.130787902977317572e-01
-4.227361428737640381e+01 3.249423688650131226e+01 1.546623712172731757e+00
-8.863799417018890381e+01 4.427182477712631226e+01 9.436879211571067572e-01
-8.852251565456390381e+01 4.430624860525131226e+01 9.484639221336692572e-01
-4.217107522487640381e+01 3.245493024587631226e+01 1.802010064711794257e+00
-3.952697080373764038e+02 6.211789411306381226e+01 1.862205987563356757e+00
-3.951744931936264038e+02 6.221994489431381226e+01 1.867058282485231757e+00
-3.145602353811264038e+02 7.218478864431381226e+01 5.139290338149294257e+00
-3.154452451467514038e+02 7.225742048025131226e+01 5.028648858657106757e+00
-3.976543515920639038e+02 6.195419782400131226e+01 1.841011529555544257e+00
-3.976100400686264038e+02 6.205014508962631226e+01 1.843636041274294257e+00
-3.974894345998764038e+02 6.215414899587631226e+01 1.849190240493044257e+00
-3.952028135061264038e+02 6.249045270681381226e+01 1.938316827407106757e+00
-3.154968808889389038e+02 7.172787946462631226e+01 5.020088677993044257e+00
-3.146733945608139038e+02 7.261227887868881226e+01 5.062111383071169257e+00
-4.506254209280014038e+02 5.971042340993881226e+01 1.853111749282106757e+00
-4.514946836233139038e+02 5.969772809743881226e+01 1.877403741469606757e+00
-4.524484189748764038e+02 5.958066266775131226e+01 1.872902398696169257e+00
-4.523721250295639038e+02 5.969345563650131226e+01 1.877373223891481757e+00
-4.533814023733139038e+02 5.936862653493881226e+01 1.864784722914919257e+00
-4.533461240530014038e+02 5.947702497243881226e+01 1.867455011000856757e+00
-4.532953428030014038e+02 5.958762067556381226e+01 1.870659356703981757e+00
-4.532371152639389038e+02 5.970004743337631226e+01 1.874474053969606757e+00
-4.551224912405014038e+02 5.940878766775131226e+01 1.868187432875856757e+00
-4.550768369436264038e+02 5.952182477712631226e+01 1.871025567641481757e+00
-4.549844297170639038e+02 5.964047712087631226e+01 1.875511651625856757e+00
-3.761390928030014038e+02 6.898752301931381226e+01 4.629936700453981757e+00
-5.562651914358139038e+02 5.512656110525131226e+01 2.344048028578981757e+00
-5.570176328420639038e+02 5.670212262868881226e+01 2.356102471938356757e+00
