8.130615100264549255e+00 -2.468362942337989807e+00 -1.185211729258242030e-01
8.180908069014549255e+00 -2.404031887650489807e+00 -1.116699766367617030e-01
8.229003772139549255e+00 -2.338113918900489807e+00 -1.050171446055117030e-01
8.277343615889549255e+00 -2.271890774369239807e+00 -9.833379499613670305e-02
8.325561389327049255e+00 -2.205728664994239807e+00 -9.166570417582420305e-02
8.373901233077049255e+00 -2.139505520462989807e+00 -8.498235456644920305e-02
8.422485217452049255e+00 -2.072977200150489807e+00 -7.826848737894920305e-02
8.468627795577049255e+00 -2.005228176712989807e+00 -7.179876081644920305e-02
8.581786975264549255e+00 -2.775980129837989807e+00 -7.738347761332420305e-02
8.637817248702049255e+00 -2.709024563431739807e+00 -7.022710554301170305e-02
8.697753772139549255e+00 -2.644205227494239807e+00 -6.281133405863670305e-02
8.755126819014549255e+00 -2.577066555619239807e+00 -5.557866804301170305e-02
8.812499865889549255e+00 -2.509927883744239807e+00 -4.834600202738670305e-02
8.870117053389549255e+00 -2.442667141556739807e+00 -4.109807722269920305e-02
8.925048694014549255e+00 -2.373148098587989807e+00 -3.406377546488670305e-02
8.982910022139549255e+00 -2.305460110306739807e+00 -2.677007429301170305e-02
9.135497912764549255e+00 -3.153299465775489807e+00 -2.986760847269920305e-02
9.211181506514549255e+00 -3.091287747025489807e+00 -2.188726179301170305e-02
9.277465686202049255e+00 -3.022440090775489807e+00 -1.399846784769920305e-02
9.340331897139549255e+00 -2.950601711869239807e+00 -6.124932691449203048e-03
9.403198108077049255e+00 -2.878763332962989807e+00 1.763861253863296952e-03
9.466308459639549255e+00 -2.806680813431739807e+00 9.667913988238296952e-03
9.447997912764549255e+00 -2.685831204056739807e+00 1.612238176167579695e-02
9.592895373702049255e+00 -2.661417141556739807e+00 2.556757219136329695e-02
9.697265490889549255e+00 -3.536600247025489807e+00 2.372125871480079695e-02
9.775756701827049255e+00 -3.468362942337989807e+00 3.263239152730079695e-02
9.851684436202049255e+00 -3.397745266556739807e+00 4.128412492573829695e-02
9.928344592452049255e+00 -3.326456204056739807e+00 4.999689348042579695e-02
1.000500474870204926e+01 -3.255045071244239807e+00 5.874017961323829695e-02
9.508178576827049255e+00 -2.836160793900489807e+00 5.436090715230079695e-02
9.354736194014549255e+00 -2.634744778275489807e+00 5.727533586323829695e-02
9.455200061202049255e+00 -2.585794582962989807e+00 6.583551652730079695e-02
1.036706529557704926e+01 -3.993509426712989807e+00 8.643488176167579695e-02
1.045141588151454926e+01 -3.919473782181739807e+00 9.592584855855079695e-02
1.053625474870204926e+01 -3.845010891556739807e+00 1.054778505116757970e-01
1.062182603776454926e+01 -3.769815579056739807e+00 1.151214051991757970e-01
1.070776353776454926e+01 -3.694376125931739807e+00 1.247954774648007970e-01
9.505981311202049255e+00 -2.838907375931739807e+00 9.806207902730079695e-02
9.309448108077049255e+00 -2.611856594681739807e+00 9.864191301167579695e-02
9.372192248702049255e+00 -2.541788235306739807e+00 1.065612245351132970e-01
1.121472154557704926e+01 -4.571390286087989807e+00 1.616454530507382970e-01
1.131469713151454926e+01 -4.495523586869239807e+00 1.727233339101132970e-01
1.141052232682704926e+01 -4.415811672806739807e+00 1.834350038319882970e-01
1.150720201432704926e+01 -4.335245266556739807e+00 1.942534852773007970e-01
1.160412584245204926e+01 -4.254434719681739807e+00 2.051177430898007970e-01
9.522582873702049255e+00 -2.853189602494239807e+00 1.426482606679257970e-01
9.277709826827049255e+00 -2.597086086869239807e+00 1.402526307851132970e-01
9.339599475264549255e+00 -2.526834622025489807e+00 1.479735780507382970e-01
1.221813951432704926e+01 -5.255594387650489807e+00 2.520995546132382970e-01
1.233764635026454926e+01 -5.178140774369239807e+00 2.645507264882382970e-01
1.135864244401454926e+01 -4.387613430619239807e+00 2.365661073476132970e-01
1.257250963151454926e+01 -5.015726223587989807e+00 2.895446229726132970e-01
1.272265611588954926e+01 -4.953165188431739807e+00 3.033843446523007970e-01
9.555785998702049255e+00 -2.877420559525489807e+00 1.878600526601132970e-01
9.254516467452049255e+00 -2.587259426712989807e+00 1.816802430898007970e-01
9.315429553389549255e+00 -2.516702786087989807e+00 1.896453309804257970e-01
9.109008654952049255e+00 -3.157022610306739807e+00 1.851134706288632970e-01
9.170165881514549255e+00 -3.085489407181739807e+00 1.932006288319882970e-01
9.231323108077049255e+00 -3.013712063431739807e+00 2.015471864491757970e-01
9.292968615889549255e+00 -2.941507473587989807e+00 2.096953798085507970e-01
9.354614123702049255e+00 -2.869363918900489807e+00 2.178588319569882970e-01
9.416381701827049255e+00 -2.796976223587989807e+00 2.260375428944882970e-01
9.239379748702049255e+00 -2.582254543900489807e+00 2.232757020741757970e-01
9.300170764327049255e+00 -2.511758938431739807e+00 2.312713075429257970e-01
9.118530139327049255e+00 -3.167825832962989807e+00 2.288909364491757970e-01
9.180541858077049255e+00 -3.096658840775489807e+00 2.370849061757382970e-01
9.251708850264549255e+00 -3.031229153275489807e+00 2.457518983632382970e-01
9.731689319014549255e+00 -3.224283352494239807e+00 2.742705751210507970e-01
9.658447131514549255e+00 -3.062173977494239807e+00 2.761626649648007970e-01
9.411743029952049255e+00 -2.798257961869239807e+00 2.692504335194882970e-01
9.229614123702049255e+00 -2.580362454056739807e+00 2.652221132069882970e-01
9.289794787764549255e+00 -2.509683743119239807e+00 2.732634950429257970e-01
8.252563342452049255e+00 -2.584879055619239807e+00 2.270141053944882970e-01
8.319213733077049255e+00 -2.529398098587989807e+00 2.349791932851132970e-01
8.375121936202049255e+00 -2.466104641556739807e+00 2.423949647694882970e-01
8.431518420577049255e+00 -2.402567043900489807e+00 2.498717714101132970e-01
8.489013537764549255e+00 -2.339700832962989807e+00 2.574096132069882970e-01
8.547729358077049255e+00 -2.277200832962989807e+00 2.650390077382382970e-01
8.608154162764549255e+00 -2.215006008744239807e+00 2.727752137929257970e-01
8.675781115889549255e+00 -2.156900539994239807e+00 2.809386659413632970e-01
8.248535022139549255e+00 -2.586038723587989807e+00 2.654204774648007970e-01
8.304443225264549255e+00 -2.523355618119239807e+00 2.728820253163632970e-01
8.354736194014549255e+00 -2.456705227494239807e+00 2.800383973866757970e-01
8.411987170577049255e+00 -2.393961086869239807e+00 2.876220155507382970e-01
8.470214709639549255e+00 -2.331705227494239807e+00 2.952514100819882970e-01
8.529540881514549255e+00 -2.269876614212989807e+00 3.029876161366757970e-01
8.590576037764549255e+00 -2.208231106400489807e+00 3.108458925038632970e-01
8.658202990889549255e+00 -2.150247707962989807e+00 3.191008973866757970e-01
8.244506701827049255e+00 -2.587198391556739807e+00 3.036132264882382970e-01
8.300414904952049255e+00 -2.524454250931739807e+00 3.111358094960507970e-01
8.327636584639549255e+00 -2.442850247025489807e+00 3.168425966054257970e-01
8.384887561202049255e+00 -2.380411282181739807e+00 3.244719911366757970e-01
8.442993029952049255e+00 -2.318460598587989807e+00 3.321624208241757970e-01
8.502197131514549255e+00 -2.256815090775489807e+00 3.399444032460507970e-01
8.563232287764549255e+00 -2.195535793900489807e+00 3.478942323476132970e-01
8.629638537764549255e+00 -2.137308254837989807e+00 3.561950135976132970e-01
8.240600451827049255e+00 -2.588358059525489807e+00 3.420043397694882970e-01
8.296386584639549255e+00 -2.525613918900489807e+00 3.495879579335507970e-01
8.315063342452049255e+00 -2.438455715775489807e+00 3.543944764882382970e-01
8.372192248702049255e+00 -2.376077786087989807e+00 3.620849061757382970e-01
8.430175647139549255e+00 -2.314188137650489807e+00 3.698363710194882970e-01
8.488403186202049255e+00 -2.252054348587989807e+00 3.776336122304257970e-01
8.547729358077049255e+00 -2.189920559525489807e+00 3.857360292226132970e-01
8.612426623702049255e+00 -2.130838528275489807e+00 3.940368104726132970e-01
8.187621936202049255e+00 -2.556253567337989807e+00 3.765349794179257970e-01
8.242065295577049255e+00 -2.493265286087989807e+00 3.840575624257382970e-01
8.297973498702049255e+00 -2.431070461869239807e+00 3.917022157460507970e-01
8.355102404952049255e+00 -2.368875637650489807e+00 3.994689393788632970e-01
8.413085803389549255e+00 -2.307230129837989807e+00 4.072966981679257970e-01
8.472289904952049255e+00 -2.245889797806739807e+00 4.152312684804257970e-01
8.533202990889549255e+00 -2.184854641556739807e+00 4.233184266835507970e-01
8.599243029952049255e+00 -2.126749172806739807e+00 4.318175721913632970e-01
8.182128772139549255e+00 -2.556314602494239807e+00 4.145141053944882970e-01
8.236938342452049255e+00 -2.493692532181739807e+00 4.219298768788632970e-01
8.292968615889549255e+00 -2.431497707962989807e+00 4.296355653554257970e-01
8.350219592452049255e+00 -2.369485989212989807e+00 4.374785829335507970e-01
8.408813342452049255e+00 -2.308206692337989807e+00 4.454436708241757970e-01
8.470214709639549255e+00 -2.248270168900489807e+00 4.536376405507382970e-01
8.533447131514549255e+00 -2.188638821244239807e+00 4.620147157460507970e-01
8.602172717452049255e+00 -2.131998196244239807e+00 4.710479188710507970e-01
8.303710803389549255e+00 -2.642984524369239807e+00 4.631133485585507970e-01
8.359252795577049255e+00 -2.579019680619239807e+00 4.709105897694882970e-01
8.415405139327049255e+00 -2.515176907181739807e+00 4.787536073476132970e-01
8.472778186202049255e+00 -2.451456204056739807e+00 4.867339540273007970e-01
8.531371936202049255e+00 -2.388467922806739807e+00 4.948211122304257970e-01
8.591064319014549255e+00 -2.325723782181739807e+00 5.030150819569882970e-01
8.651855334639549255e+00 -2.262979641556739807e+00 5.113311219960507970e-01
8.715576037764549255e+00 -2.201761379837989807e+00 5.199065614491757970e-01
8.294921740889549255e+00 -2.640909329056739807e+00 5.014586854726132970e-01
8.350952014327049255e+00 -2.577371731400489807e+00 5.091338563710507970e-01
8.407714709639549255e+00 -2.513956204056739807e+00 5.171142030507382970e-01
8.465698108077049255e+00 -2.450723782181739807e+00 5.252166200429257970e-01
8.524902209639549255e+00 -2.388162747025489807e+00 5.334411073476132970e-01
8.585204944014549255e+00 -2.325906887650489807e+00 5.417724061757382970e-01
8.646728381514549255e+00 -2.263589993119239807e+00 5.502257753163632970e-01
8.727538928389549255e+00 -2.212442532181739807e+00 5.607238221913632970e-01
8.292724475264549255e+00 -2.643289700150489807e+00 5.401549745351132970e-01
8.348754748702049255e+00 -2.579813137650489807e+00 5.481200624257382970e-01
8.405517444014549255e+00 -2.516336575150489807e+00 5.561461854726132970e-01
8.463500842452049255e+00 -2.453104153275489807e+00 5.643401551991757970e-01
8.522704944014549255e+00 -2.390543118119239807e+00 5.726409364491757970e-01
8.583007678389549255e+00 -2.328287258744239807e+00 5.810485292226132970e-01
8.644531115889549255e+00 -2.265909329056739807e+00 5.896087098866757970e-01
8.712768420577049255e+00 -2.207376614212989807e+00 5.988250184804257970e-01
8.290649279952049255e+00 -2.645792141556739807e+00 5.790954042226132970e-01
8.346679553389549255e+00 -2.582315579056739807e+00 5.871215272694882970e-01
8.403442248702049255e+00 -2.518839016556739807e+00 5.950255800038632970e-01
8.461547717452049255e+00 -2.455606594681739807e+00 6.032805848866757970e-01
8.520751819014549255e+00 -2.393045559525489807e+00 6.116576600819882970e-01
8.581054553389549255e+00 -2.330728664994239807e+00 6.201568055898007970e-01
8.642577990889549255e+00 -2.268472805619239807e+00 6.290069032460507970e-01
8.781005725264549255e+00 -2.251016750931739807e+00 6.456847596913632970e-01
8.288818225264549255e+00 -2.648477688431739807e+00 6.180663514882382970e-01
8.344970569014549255e+00 -2.584940090775489807e+00 6.259551454335507970e-01
8.401611194014549255e+00 -2.521524563431739807e+00 6.341338563710507970e-01
8.459716662764549255e+00 -2.458231106400489807e+00 6.424651551991757970e-01
8.519042834639549255e+00 -2.395731106400489807e+00 6.509337831288632970e-01
8.579345569014549255e+00 -2.333414211869239807e+00 6.595244813710507970e-01
8.640991076827049255e+00 -2.271158352494239807e+00 6.682677675038632970e-01
8.770385608077049255e+00 -2.248514309525489807e+00 6.846709657460507970e-01
8.468871936202049255e+00 -2.005045071244239807e+00 -7.176824323832420305e-02
8.516845569014549255e+00 -1.938211575150489807e+00 -6.511541120707420305e-02
8.562621936202049255e+00 -1.869913235306739807e+00 -5.866094343363670305e-02
8.610595569014549255e+00 -1.802286282181739807e+00 -5.214544050394920305e-02
8.661254748702049255e+00 -1.736063137650489807e+00 -4.561467878519920305e-02
8.712158069014549255e+00 -1.669717922806739807e+00 -3.906865827738670305e-02
8.763305529952049255e+00 -1.602823391556739807e+00 -3.246160261332420305e-02
8.811645373702049255e+00 -1.534647122025489807e+00 -2.609868757426170305e-02
8.983154162764549255e+00 -2.305277004837989807e+00 -2.673955671488670305e-02
9.037963733077049255e+00 -2.235391750931739807e+00 -1.972051374613670305e-02
9.095947131514549255e+00 -2.166971340775489807e+00 -1.239629499613670305e-02
9.151244983077049255e+00 -2.096353664994239807e+00 -5.300958082074203048e-03
9.206664904952049255e+00 -2.025797024369239807e+00 1.809637621050796952e-03
9.262206897139549255e+00 -1.954935207962989807e+00 8.935492113238296952e-03
9.315063342452049255e+00 -1.881937161087989807e+00 1.584772355855079695e-02
9.376342639327049255e+00 -1.813211575150489807e+00 2.312616594136329695e-02
9.593139514327049255e+00 -2.661173000931739807e+00 2.559808976948829695e-02
9.647216662764549255e+00 -2.582864895462989807e+00 3.316644914448829695e-02
9.701415881514549255e+00 -2.504373684525489807e+00 4.075006730855079695e-02
9.755859240889549255e+00 -2.425455227494239807e+00 4.837946183980079695e-02
9.810302600264549255e+00 -2.346597805619239807e+00 5.599359758198829695e-02
9.874023303389549255e+00 -2.272256985306739807e+00 6.385187394917579695e-02
9.944091662764549255e+00 -2.200296536087989807e+00 7.189325578511329695e-02
1.001428209245204926e+01 -2.128091946244239807e+00 7.996515519917579695e-02
9.462402209639549255e+00 -2.589639797806739807e+00 6.603388078511329695e-02
1.028942857682704926e+01 -2.949564114212989807e+00 9.334711320698829695e-02
1.034863267838954926e+01 -2.865396633744239807e+00 1.016021180898007970e-01
1.042150865495204926e+01 -2.788004055619239807e+00 1.102538514882382970e-01
1.049841295182704926e+01 -2.712381497025489807e+00 1.190276551991757970e-01
1.057568345963954926e+01 -2.636331692337989807e+00 1.278624940663632970e-01
1.067456041276454926e+01 -2.569925442337989807e+00 1.373839784413632970e-01
1.077319322526454926e+01 -2.502542629837989807e+00 1.466918397694882970e-01
9.372436389327049255e+00 -2.541605129837989807e+00 1.065917421132382970e-01
1.105395494401454926e+01 -3.385904446244239807e+00 1.638274598866757970e-01
1.113940416276454926e+01 -3.306253567337989807e+00 1.735015321523007970e-01
1.122570787370204926e+01 -3.225809231400489807e+00 1.832824159413632970e-01
1.131225572526454926e+01 -3.145059719681739807e+00 1.931090760976132970e-01
1.140197740495204926e+01 -3.064981594681739807e+00 2.030730653554257970e-01
1.150927720963954926e+01 -2.992471829056739807e+00 2.137084413319882970e-01
1.162573228776454926e+01 -2.923502102494239807e+00 2.247252870351132970e-01
9.339843615889549255e+00 -2.526590481400489807e+00 1.480040956288632970e-01
1.203271470963954926e+01 -3.944193020462989807e+00 2.503447938710507970e-01
1.215112291276454926e+01 -3.869974270462989807e+00 2.620940614491757970e-01
1.227136217057704926e+01 -3.794717922806739807e+00 2.740111757069882970e-01
1.239245592057704926e+01 -3.718790188431739807e+00 2.860198426991757970e-01
1.251501451432704926e+01 -3.642007961869239807e+00 2.981810975819882970e-01
1.265600572526454926e+01 -3.572305813431739807e+00 3.111663270741757970e-01
1.281811510026454926e+01 -3.511453762650489807e+00 3.247619081288632970e-01
9.315673694014549255e+00 -2.516519680619239807e+00 1.896758485585507970e-01
1.326733385026454926e+01 -4.648294582962989807e+00 3.574614930898007970e-01
1.340563951432704926e+01 -4.569009914994239807e+00 3.711791444569882970e-01
1.354626451432704926e+01 -4.488382473587989807e+00 3.851256776601132970e-01
1.375439439713954926e+01 -4.442056789994239807e+00 4.020476747304257970e-01
1.401916490495204926e+01 -4.421243801712989807e+00 4.216247010976132970e-01
1.435095201432704926e+01 -4.428506985306739807e+00 4.444671083241757970e-01
1.482580552995204926e+01 -4.499857082962989807e+00 4.740539003163632970e-01
9.300414904952049255e+00 -2.511575832962989807e+00 2.313018251210507970e-01
1.498327623307704926e+01 -5.626260891556739807e+00 4.999480653554257970e-01
1.533569322526454926e+01 -5.643045559525489807e+00 5.256133485585507970e-01
1.588696275651454926e+01 -5.759500637650489807e+00 5.607543397694882970e-01
1.679272447526454926e+01 -6.051431789994239807e+00 6.135650087148007970e-01
1.773181138932704926e+01 -6.339639797806739807e+00 6.690459657460507970e-01
1.955224595963954926e+01 -7.048563137650489807e+00 7.687468934804257970e-01
9.290038928389549255e+00 -2.509500637650489807e+00 2.732940126210507970e-01
7.887707506120204926e+01 -4.186698354780673981e+01 3.873635809496050797e+00
7.902441392838954926e+01 -4.093570913374423981e+01 3.928567450121050797e+00
8.456616197526454926e+01 -4.292667593061923981e+01 4.268594305589800797e+00
2.675634752213954926e+01 -1.068076528608798981e+01 1.256600897386675797e+00
8.676147326827049255e+00 -2.156839504837989807e+00 2.809691835194882970e-01
8.043310533463954926e+01 -4.175345815718173981e+01 4.417382757738238297e+00
2.676147447526454926e+01 -1.069449819624423981e+01 1.387628119066363297e+00
8.658569201827049255e+00 -2.150186672806739807e+00 3.191466737538632970e-01
7.951013170182704926e+01 -4.230106557905673981e+01 4.733926336839800797e+00
8.459765611588954926e+01 -4.410221303999423981e+01 5.096704046800738297e+00
8.492797838151454926e+01 -4.319999136030673981e+01 5.163369696214800797e+00
2.676647935807704926e+01 -1.070829214155673981e+01 1.519509832933550797e+00
8.630004748702049255e+00 -2.137125149369239807e+00 3.562255311757382970e-01
7.905590806901454926e+01 -4.208048452436923981e+01 5.116494696214800797e+00
8.490490709245204926e+01 -4.322623647749423981e+01 5.599008123949175797e+00
2.658557115495204926e+01 -1.031455434858798981e+01 1.650414984300738297e+00
8.612792834639549255e+00 -2.130716457962989807e+00 3.940673280507382970e-01
8.844848498702049255e+00 -2.166238918900489807e+00 4.146361757069882970e-01
2.730676256120204926e+01 -1.233115591108798981e+01 1.771874945238238297e+00
2.715978990495204926e+01 -1.191355337202548981e+01 1.773858587816363297e+00
2.701647935807704926e+01 -1.150638784468173981e+01 1.775781195238238297e+00
2.687622056901454926e+01 -1.110788930952548981e+01 1.777673285081988297e+00
2.673925767838954926e+01 -1.071695913374423981e+01 1.780297796800738297e+00
2.656323228776454926e+01 -1.031455434858798981e+01 1.778939764574175797e+00
8.599609240889549255e+00 -2.126627102494239807e+00 4.318633485585507970e-01
8.763793811202049255e+00 -2.123697414994239807e+00 4.481444764882382970e-01
2.730017076432704926e+01 -1.233982290327548981e+01 1.908944647386675797e+00
2.715283189713954926e+01 -1.192185415327548981e+01 1.909402411058550797e+00
2.700927720963954926e+01 -1.151432241499423981e+01 1.909829657152300797e+00
2.686877427995204926e+01 -1.111551870405673981e+01 1.910272162035113297e+00
2.673071275651454926e+01 -1.072385610640048981e+01 1.910684149339800797e+00
2.655395494401454926e+01 -1.032090200483798981e+01 1.907693426683550797e+00
8.602416858077049255e+00 -2.131876125931739807e+00 4.710936952382382970e-01
2.782458482682704926e+01 -1.264414419233798981e+01 2.089883368089800797e+00
8.715942248702049255e+00 -2.201639309525489807e+00 5.199523378163632970e-01
2.781982408463954926e+01 -1.265409292280673981e+01 2.230035345628863297e+00
8.727783069014549255e+00 -2.212198391556739807e+00 5.607390809804257970e-01
2.782311998307704926e+01 -1.266849721968173981e+01 2.370294134691363297e+00
8.713012561202049255e+00 -2.207193508744239807e+00 5.988555360585507970e-01
2.783361802995204926e+01 -1.268699087202548981e+01 2.512155096605425797e+00
2.738427720963954926e+01 -1.209617055952548981e+01 2.476525824144488297e+00
2.751257310807704926e+01 -1.182938589155673981e+01 2.498513739183550797e+00
8.781249865889549255e+00 -2.250772610306739807e+00 6.457305360585507970e-01
2.780859361588954926e+01 -1.268558706343173981e+01 2.649774115160113297e+00
2.737963853776454926e+01 -1.210581411421298981e+01 2.613183538988238297e+00
2.750793443620204926e+01 -1.183890737593173981e+01 2.635125677660113297e+00
8.770629748702049255e+00 -2.248270168900489807e+00 6.847014833241757970e-01
2.778344713151454926e+01 -1.268412221968173981e+01 2.788003485277300797e+00
2.737499986588954926e+01 -1.211551870405673981e+01 2.750649969652300797e+00
2.750341783463954926e+01 -1.184855093061923981e+01 2.772531073167925797e+00
8.812011584639549255e+00 -1.534464016556739807e+00 -2.608342878519920305e-02
8.862670764327049255e+00 -1.467020168900489807e+00 -1.950689069926170305e-02
8.910766467452049255e+00 -1.397989407181739807e+00 -1.315923444926170305e-02
8.972167834639549255e+00 -1.334268704056739807e+00 -6.552178785199203048e-03
9.033935412764549255e+00 -1.270425930619239807e+00 8.539445698829695175e-05
9.096313342452049255e+00 -1.206094875931739807e+00 6.768744066363296952e-03
9.159301623702049255e+00 -1.141092434525489807e+00 1.352838762105079695e-02
9.219360217452049255e+00 -1.074564114212989807e+00 2.004389055073829695e-02
9.376708850264549255e+00 -1.813089504837989807e+00 2.315668351948829695e-02
9.444335803389549255e+00 -1.746744289994239807e+00 3.035883195698829695e-02
9.515991076827049255e+00 -1.681558743119239807e+00 3.791193254292579695e-02
9.584960803389549255e+00 -1.613992825150489807e+00 4.525141008198829695e-02
9.663329944014549255e+00 -1.550027981400489807e+00 5.283502824605079695e-02
9.743041858077049255e+00 -1.485696926712989807e+00 6.051019914448829695e-02
9.819579944014549255e+00 -1.418741360306739807e+00 6.795648820698829695e-02
9.900878772139549255e+00 -1.353067532181739807e+00 7.578424699605079695e-02
1.001477037370204926e+01 -2.127908840775489807e+00 7.999567277730079695e-02
1.008618150651454926e+01 -2.055582180619239807e+00 8.789972551167579695e-02
1.016943345963954926e+01 -1.987955227494239807e+00 9.616998918355079695e-02
1.025390611588954926e+01 -1.919473782181739807e+00 1.045470643788632970e-01
1.033886705338954926e+01 -1.850443020462989807e+00 1.129699159413632970e-01
1.042480455338954926e+01 -1.780740872025489807e+00 1.214995790273007970e-01
1.051184068620204926e+01 -1.710123196244239807e+00 1.301360536366757970e-01
1.060217271745204926e+01 -1.640115872025489807e+00 1.389098573476132970e-01
1.077368150651454926e+01 -2.502420559525489807e+00 1.467376161366757970e-01
1.088000474870204926e+01 -2.437357082962989807e+00 1.566405702382382970e-01
1.098193345963954926e+01 -2.368753567337989807e+00 1.662383485585507970e-01
1.108557115495204926e+01 -2.299112454056739807e+00 1.760039735585507970e-01
1.119006334245204926e+01 -2.228799954056739807e+00 1.858458925038632970e-01
1.129602037370204926e+01 -2.157571926712989807e+00 1.958098817616757970e-01
1.140356431901454926e+01 -2.085184231400489807e+00 2.059417176991757970e-01
1.152575670182704926e+01 -2.017679348587989807e+00 2.163634706288632970e-01
1.162658677995204926e+01 -2.923502102494239807e+00 2.247710634023007970e-01
1.176623521745204926e+01 -2.863870754837989807e+00 2.364898134023007970e-01
1.190832506120204926e+01 -2.803140774369239807e+00 2.484221864491757970e-01
1.205358873307704926e+01 -2.741068020462989807e+00 2.606139589101132970e-01
1.220214830338954926e+01 -2.678568020462989807e+00 2.730346132069882970e-01
1.239172349870204926e+01 -2.631326809525489807e+00 2.871489930898007970e-01
1.258703599870204926e+01 -2.582620754837989807e+00 3.016753602773007970e-01
1.290795885026454926e+01 -2.581888332962989807e+00 3.212981630116757970e-01
1.281909166276454926e+01 -3.511453762650489807e+00 3.248382020741757970e-01
1.300488267838954926e+01 -3.459268704056739807e+00 3.399749208241757970e-01
1.328027330338954926e+01 -3.445474758744239807e+00 3.586516786366757970e-01
1.356738267838954926e+01 -3.431070461869239807e+00 3.781371522694882970e-01
1.394592271745204926e+01 -3.451883450150489807e+00 4.017424989491757970e-01
1.431799302995204926e+01 -3.462320461869239807e+00 4.254851747304257970e-01
1.469177232682704926e+01 -3.465494289994239807e+00 4.497161317616757970e-01
1.530175767838954926e+01 -3.557657375931739807e+00 4.843688417226132970e-01
1.483056627213954926e+01 -4.501566067337989807e+00 4.742827821523007970e-01
1.533740220963954926e+01 -4.577982082962989807e+00 5.056701112538632970e-01
1.581347642838954926e+01 -4.629312649369239807e+00 5.361876893788632970e-01
1.647436510026454926e+01 -4.753763332962989807e+00 5.758605409413632970e-01
1.739062486588954926e+01 -4.977396145462989807e+00 6.283355165273007970e-01
1.836853013932704926e+01 -5.207315579056739807e+00 6.847777772694882970e-01
2.403515611588954926e+01 -7.374063625931739807e+00 9.701323915273007970e-01
9.025744615495204926e+01 -3.717399038374423981e+01 4.531472723558550797e+00
9.067761217057704926e+01 -3.630210317671298981e+01 4.604348700121050797e+00
8.844824205338954926e+01 -3.431785024702548981e+01 4.533120672777300797e+00
2.570788560807704926e+01 -8.111002102494239807e+00 1.538308661058550797e+00
2.658386217057704926e+01 -1.031266225874423981e+01 1.650338690355425797e+00
2.639746080338954926e+01 -9.912759914994239807e+00 1.649697821214800797e+00
2.621557603776454926e+01 -9.522195950150489807e+00 1.649072210863238297e+00
2.603723131120204926e+01 -9.139383450150489807e+00 1.648446600511675797e+00
2.586352525651454926e+01 -8.766580715775489807e+00 1.647836248949175797e+00
2.569384752213954926e+01 -8.402200832962989807e+00 1.647256414964800797e+00
2.550671373307704926e+01 -8.036050930619239807e+00 1.645150702074175797e+00
2.530932603776454926e+01 -7.673624172806739807e+00 1.641992132738238297e+00
2.656164537370204926e+01 -1.031272329390048981e+01 1.778863470628863297e+00
2.639001451432704926e+01 -9.919839993119239807e+00 1.777780096605425797e+00
2.622131334245204926e+01 -9.535318508744239807e+00 1.775994818285113297e+00
2.605664049088954926e+01 -9.158365383744239807e+00 1.774972479417925797e+00
2.588647447526454926e+01 -8.786661282181739807e+00 1.773232977464800797e+00
2.571899400651454926e+01 -8.422769680619239807e+00 1.771432440355425797e+00
2.553613267838954926e+01 -8.057962551712989807e+00 1.768868963792925797e+00
2.534094224870204926e+01 -7.695779934525489807e+00 1.764367621019488297e+00
2.655224595963954926e+01 -1.031900991499423981e+01 1.907601873949175797e+00
2.637976060807704926e+01 -9.925638332962989807e+00 1.905007879808550797e+00
2.621118150651454926e+01 -9.540994778275489807e+00 1.902474920824175797e+00
2.604565416276454926e+01 -9.163614407181739807e+00 1.899972479417925797e+00
2.588439927995204926e+01 -8.795755520462989807e+00 1.897546331956988297e+00
2.572656236588954926e+01 -8.435770168900489807e+00 1.895165960863238297e+00
2.555346666276454926e+01 -8.074747219681739807e+00 1.891320746019488297e+00
2.536328111588954926e+01 -7.714151516556739807e+00 1.885751288011675797e+00
9.219482287764549255e+00 -1.074258938431739807e+00 2.005914933980079695e-02
9.289794787764549255e+00 -1.011087551712989807e+00 2.698663957417579695e-02
9.357910022139549255e+00 -9.460851103067398071e-01 3.370050676167579695e-02
9.426757678389549255e+00 -8.801671415567398071e-01 4.050592668355079695e-02
9.496093615889549255e+00 -8.138219267129898071e-01 4.735712297261329695e-02
9.566161975264549255e+00 -7.468663603067398071e-01 5.428461320698829695e-02
9.643554553389549255e+00 -6.810704618692398071e-01 6.144098527730079695e-02
9.720702990889549255e+00 -6.145421415567398071e-01 6.842951066792579695e-02
9.901367053389549255e+00 -1.352884426712989807e+00 7.581476457417579695e-02
9.978759631514549255e+00 -1.284647122025489807e+00 8.335260637105079695e-02
1.006152330338954926e+01 -1.217325344681739807e+00 9.131769426167579695e-02
1.014099107682704926e+01 -1.147256985306739807e+00 9.905390031636329695e-02
1.022094713151454926e+01 -1.076761379837989807e+00 1.068511415273007970e-01
1.031164537370204926e+01 -1.008768215775489807e+00 1.149993348866757970e-01
1.039978013932704926e+01 -9.383336454629898071e-01 1.229491639882382970e-01
1.053234849870204926e+01 -8.815099149942398071e-01 1.324401307851132970e-01
1.060302720963954926e+01 -1.640054836869239807e+00 1.389556337148007970e-01
1.071240220963954926e+01 -1.576273098587989807e+00 1.481261659413632970e-01
1.082348619401454926e+01 -1.511392727494239807e+00 1.574492860585507970e-01
1.093688951432704926e+01 -1.445230618119239807e+00 1.669555116444882970e-01
1.107727037370204926e+01 -1.387308254837989807e+00 1.774077821523007970e-01
1.122485338151454926e+01 -1.329568997025489807e+00 1.882110048085507970e-01
1.137634263932704926e+01 -1.270303860306739807e+00 1.993194032460507970e-01
1.153088365495204926e+01 -1.209818020462989807e+00 2.106414247304257970e-01
1.152697740495204926e+01 -2.017740383744239807e+00 2.164397645741757970e-01
1.171154771745204926e+01 -1.972879543900489807e+00 2.294555116444882970e-01
1.188720689713954926e+01 -1.921243801712989807e+00 2.420592714101132970e-01
1.206811510026454926e+01 -1.867960110306739807e+00 2.550597596913632970e-01
1.225329576432704926e+01 -1.813455715775489807e+00 2.683501649648007970e-01
1.244372545182704926e+01 -1.757486477494239807e+00 2.820220399648007970e-01
1.266674791276454926e+01 -1.708719387650489807e+00 2.971282411366757970e-01
1.296984849870204926e+01 -1.682413235306739807e+00 3.152251649648007970e-01
1.291052232682704926e+01 -2.582498684525489807e+00 3.214202333241757970e-01
1.320666490495204926e+01 -2.565591946244239807e+00 3.401732850819882970e-01
1.347558580338954926e+01 -2.532510891556739807e+00 3.581176210194882970e-01
1.380468736588954926e+01 -2.516153469681739807e+00 3.788390565663632970e-01
1.418542467057704926e+01 -2.512369289994239807e+00 4.020018983632382970e-01
1.458728013932704926e+01 -2.508524075150489807e+00 4.264617372304257970e-01
1.501367174088954926e+01 -2.504495754837989807e+00 4.524016786366757970e-01
1.564343248307704926e+01 -2.559000149369239807e+00 4.875884462148007970e-01
1.530761705338954926e+01 -3.559488430619239807e+00 4.846587587148007970e-01
1.600061021745204926e+01 -3.671487942337989807e+00 5.242095399648007970e-01
1.649816881120204926e+01 -3.693948879837989807e+00 5.552611757069882970e-01
1.750341783463954926e+01 -3.894266262650489807e+00 6.101928163319882970e-01
1.841809068620204926e+01 -4.041177883744239807e+00 6.619658876210507970e-01
2.036962877213954926e+01 -4.530618801712989807e+00 7.635283876210507970e-01
2.441223131120204926e+01 -5.683511868119239807e+00 9.669127870351132970e-01
2.440051256120204926e+01 -5.687540188431739807e+00 1.078088324144488297e+00
2.438879381120204926e+01 -5.691568508744239807e+00 1.189248602464800797e+00
2.461047349870204926e+01 -6.034891262650489807e+00 1.303597967699175797e+00
2.437695299088954926e+01 -5.695596829056739807e+00 1.300973455980425797e+00
2.459619127213954926e+01 -6.038126125931739807e+00 1.416070501878863297e+00
2.436523424088954926e+01 -5.699625149369239807e+00 1.412087957933550797e+00
2.459130845963954926e+01 -6.044656887650489807e+00 1.529794256761675797e+00
2.435339342057704926e+01 -5.703714504837989807e+00 1.523767035081988297e+00
2.530773912370204926e+01 -7.672037258744239807e+00 1.641915838792925797e+00
2.511511217057704926e+01 -7.318277493119239807e+00 1.638940374925738297e+00
2.492687974870204926e+01 -6.972696438431739807e+00 1.636025946214800797e+00
2.474230943620204926e+01 -6.633890286087989807e+00 1.633187811449175797e+00
2.456249986588954926e+01 -6.303812161087989807e+00 1.630410711839800797e+00
2.438671861588954926e+01 -5.981058254837989807e+00 1.627694647386675797e+00
2.419873033463954926e+01 -5.659097805619239807e+00 1.623834173753863297e+00
2.399914537370204926e+01 -5.340250149369239807e+00 1.618798773363238297e+00
2.533923326432704926e+01 -7.694131985306739807e+00 1.764276068285113297e+00
2.514855943620204926e+01 -7.340616360306739807e+00 1.760079901292925797e+00
2.496276842057704926e+01 -6.995340481400489807e+00 1.755395453050738297e+00
2.477990709245204926e+01 -6.656534329056739807e+00 1.751382391527300797e+00
2.460180650651454926e+01 -6.326395168900489807e+00 1.747460882738238297e+00
2.442761217057704926e+01 -6.003641262650489807e+00 1.743630926683550797e+00
2.424414049088954926e+01 -5.682596340775489807e+00 1.739450018480425797e+00
2.404589830338954926e+01 -5.363443508744239807e+00 1.733178656175738297e+00
2.536157213151454926e+01 -7.712503567337989807e+00 1.885659735277300797e+00
2.517626939713954926e+01 -7.360635891556739807e+00 1.880548040941363297e+00
2.499511705338954926e+01 -7.016641750931739807e+00 1.875543158128863297e+00
2.481726060807704926e+01 -6.679178372025489807e+00 1.870645086839800797e+00
2.464404283463954926e+01 -6.350198879837989807e+00 1.865869085863238297e+00
2.447448717057704926e+01 -6.028360500931739807e+00 1.861184637621050797e+00
2.430810533463954926e+01 -5.712320461869239807e+00 1.856591742113238297e+00
2.410058580338954926e+01 -5.389261379837989807e+00 1.848199408128863297e+00
2.483471666276454926e+01 -6.427896633744239807e+00 1.997613470628863297e+00
2.458618150651454926e+01 -6.075845852494239807e+00 1.984582464769488297e+00
2.482275377213954926e+01 -6.432047024369239807e+00 2.112588446214800797e+00
2.460156236588954926e+01 -6.089578762650489807e+00 2.100534002855425797e+00
2.481811510026454926e+01 -6.438821926712989807e+00 2.227654974535113297e+00
2.481457506120204926e+01 -6.446085110306739807e+00 2.343514959886675797e+00
2.462499986588954926e+01 -5.852884426712989807e+00 2.340051214769488297e+00
2.450048814713954926e+01 -6.340006008744239807e+00 2.424539129808550797e+00
2.456176744401454926e+01 -6.100381985306739807e+00 2.439141790941363297e+00
2.462304674088954926e+01 -5.860391750931739807e+00 2.454385321214800797e+00
2.481433092057704926e+01 -6.463052883744239807e+00 2.575570623949175797e+00
2.455981431901454926e+01 -6.108011379837989807e+00 2.553659002855425797e+00
2.462109361588954926e+01 -5.867899075150489807e+00 2.568185370042925797e+00
9.720825061202049255e+00 -6.142980009317398071e-01 6.844476945698829695e-02
9.801879748702049255e+00 -5.478307157754898071e-01 7.575372941792579695e-02
9.880126819014549255e+00 -4.792882353067398071e-01 8.284906633198829695e-02
9.971191272139549255e+00 -4.130040556192398071e-01 9.034113176167579695e-02
1.010351549088954926e+01 -3.572789579629898071e-01 9.900812394917579695e-02
1.023925767838954926e+01 -3.000890165567398071e-01 1.078887391835507970e-01
1.037890611588954926e+01 -2.413121610879898071e-01 1.170287538319882970e-01
1.051623521745204926e+01 -1.797887235879898071e-01 1.259856630116757970e-01
1.053320299088954926e+01 -8.813878446817398071e-01 1.324859071523007970e-01
1.068310533463954926e+01 -8.276769071817398071e-01 1.423736024648007970e-01
1.084301744401454926e+01 -7.743932157754898071e-01 1.529326844960507970e-01
1.099340806901454926e+01 -7.149449735879898071e-01 1.631408143788632970e-01
1.113989244401454926e+01 -6.522008329629898071e-01 1.733642030507382970e-01
1.129003892838954926e+01 -5.878697782754898071e-01 1.838317323476132970e-01
1.143920885026454926e+01 -5.202428251504898071e-01 1.941771913319882970e-01
1.159826646745204926e+01 -4.529820829629898071e-01 2.052092958241757970e-01
1.153149400651454926e+01 -1.209634914994239807e+00 2.106872010976132970e-01
1.170349107682704926e+01 -1.151956692337989807e+00 2.224975038319882970e-01
1.189294420182704926e+01 -1.096475735306739807e+00 2.350860048085507970e-01
1.209594713151454926e+01 -1.041116848587989807e+00 2.483458925038632970e-01
1.230993638932704926e+01 -9.854527860879898071e-01 2.621856141835507970e-01
1.255249010026454926e+01 -9.336949735879898071e-01 2.772765565663632970e-01
1.280773912370204926e+01 -8.803502470254898071e-01 2.931151796132382970e-01
1.311352525651454926e+01 -8.352452665567398071e-01 3.110747743398007970e-01
1.297082506120204926e+01 -1.682291164994239807e+00 3.152862001210507970e-01
1.330212388932704926e+01 -1.659036770462989807e+00 3.351378846913632970e-01
1.363854967057704926e+01 -1.630838528275489807e+00 3.552184510976132970e-01
1.399328599870204926e+01 -1.600992336869239807e+00 3.763976503163632970e-01
1.436547838151454926e+01 -1.569681301712989807e+00 3.986297059804257970e-01
1.475781236588954926e+01 -1.536600247025489807e+00 4.220672059804257970e-01
1.517333970963954926e+01 -1.501566067337989807e+00 4.468932557851132970e-01
1.559509263932704926e+01 -1.460489407181739807e+00 4.720092225819882970e-01
1.564355455338954926e+01 -2.558450832962989807e+00 4.876189637929257970e-01
1.662670885026454926e+01 -2.711527004837989807e+00 5.387053895741757970e-01
1.714306627213954926e+01 -2.701944485306739807e+00 5.700622010976132970e-01
1.775353990495204926e+01 -2.709146633744239807e+00 6.062102723866757970e-01
1.890747056901454926e+01 -2.858377590775489807e+00 6.677031923085507970e-01
2.123803697526454926e+01 -3.304178372025489807e+00 7.846312928944882970e-01
2.295837388932704926e+01 -3.331522122025489807e+00 1.194741766527300797e+00
2.294799791276454926e+01 -3.335550442337989807e+00 1.297143499925738297e+00
2.293774400651454926e+01 -3.339517727494239807e+00 1.398965399339800797e+00
2.292749010026454926e+01 -3.343546047806739807e+00 1.501321356371050797e+00
2.399743638932704926e+01 -5.338846340775489807e+00 1.618707220628863297e+00
2.380249010026454926e+01 -5.027444973587989807e+00 1.613900702074175797e+00
2.361193834245204926e+01 -4.723123684525489807e+00 1.609200995042925797e+00
2.342639146745204926e+01 -4.425027981400489807e+00 1.604699652269488297e+00
2.324987779557704926e+01 -4.135782375931739807e+00 1.600671331956988297e+00
2.307727037370204926e+01 -3.852640286087989807e+00 1.596719305589800797e+00
2.290771470963954926e+01 -3.574564114212989807e+00 1.592828314378863297e+00
2.272827135026454926e+01 -3.299783840775489807e+00 1.587930243089800797e+00
2.404431138932704926e+01 -5.362039700150489807e+00 1.733087103441363297e+00
2.385058580338954926e+01 -5.050394192337989807e+00 1.727136175706988297e+00
2.366186510026454926e+01 -4.745889797806739807e+00 1.720803778246050797e+00
2.347607408463954926e+01 -4.447000637650489807e+00 1.715112249925738297e+00
2.329492174088954926e+01 -4.155618801712989807e+00 1.709558050706988297e+00
2.311779771745204926e+01 -3.870645657181739807e+00 1.704125921800738297e+00
2.294335924088954926e+01 -3.590738430619239807e+00 1.699304144456988297e+00
2.276721177995204926e+01 -3.316202297806739807e+00 1.693536322191363297e+00
2.409899888932704926e+01 -5.387857571244239807e+00 1.848092596605425797e+00
2.390612779557704926e+01 -5.075662747025489807e+00 1.840982000902300797e+00
2.371752916276454926e+01 -4.770425930619239807e+00 1.834054510667925797e+00
2.353247056901454926e+01 -4.470987454056739807e+00 1.827233831956988297e+00
2.335205064713954926e+01 -4.179056301712989807e+00 1.820611517503863297e+00
2.317565904557704926e+01 -3.893472805619239807e+00 1.814111273363238297e+00
2.300244127213954926e+01 -3.613077297806739807e+00 1.807733099535113297e+00
2.282849107682704926e+01 -3.338297024369239807e+00 1.801080267503863297e+00
1.944787584245204926e+01 8.849695771932601929e-01 8.996367860585507970e-01
1.945495592057704926e+01 8.767908662557601929e-01 1.008569281175738297e+00
1.891992174088954926e+01 1.392782077193260193e+00 1.314965765550738297e+00
1.864404283463954926e+01 1.653097018599510193e+00 1.304589788988238297e+00
1.837451158463954926e+01 1.907369479537010193e+00 1.294457953050738297e+00
1.811291490495204926e+01 2.154195651412010193e+00 1.284616034105425797e+00
1.986975084245204926e+01 3.065394014120101929e-01 1.451745550706988297e+00
1.963220201432704926e+01 5.843714326620101929e-01 1.443887274339800797e+00
1.940075670182704926e+01 8.558558076620101929e-01 1.436868231371050797e+00
1.912243638932704926e+01 1.129049167037010193e+00 1.425530951097613297e+00
1.885534654557704926e+01 1.393819674849510193e+00 1.414819281175738297e+00
1.859509263932704926e+01 1.651876315474510193e+00 1.404367010667925797e+00
1.834045396745204926e+01 1.904317721724510193e+00 1.394143621996050797e+00
1.809387193620204926e+01 2.149618014693260193e+00 1.384820501878863297e+00
1.990063463151454926e+01 2.940271943807601929e-01 1.564981024339800797e+00
1.965295396745204926e+01 5.738123506307601929e-01 1.555566351488238297e+00
1.941088853776454926e+01 8.471888154745101929e-01 1.546380560472613297e+00
1.912316881120204926e+01 1.121908053755760193e+00 1.532784979417925797e+00
1.884521470963954926e+01 1.388204440474510193e+00 1.519677679613238297e+00
1.857446275651454926e+01 1.647481784224510193e+00 1.506936590746050797e+00
1.830993638932704926e+01 1.900899752974510193e+00 1.494470160081988297e+00
1.805297838151454926e+01 2.146993502974510193e+00 1.482369940355425797e+00
1.843505845963954926e+01 1.786702975630760193e+00 1.376962225511675797e+00
1.817797838151454926e+01 2.041890963912010193e+00 1.366845648363238297e+00
1.792626939713954926e+01 2.291707858443260193e+00 1.356942694261675797e+00
1.768225084245204926e+01 2.534505710005760193e+00 1.347924749925738297e+00
1.957263170182704926e+01 6.841028779745101929e-01 1.535409491136675797e+00
1.930566392838954926e+01 9.648645967245101929e-01 1.524377386644488297e+00
1.901538072526454926e+01 1.242757663130760193e+00 1.510919134691363297e+00
1.873181138932704926e+01 1.514181002974510193e+00 1.497781317308550797e+00
1.845654283463954926e+01 1.777608737349510193e+00 1.485009710863238297e+00
1.818835435807704926e+01 2.034261569380760193e+00 1.472573797777300797e+00
1.792602525651454926e+01 2.285299167037010193e+00 1.460427801683550797e+00
1.767126451432704926e+01 2.529134616255760193e+00 1.448617498949175797e+00
1.912927232682704926e+01 2.405477389693260193e+00 1.693261663988238297e+00
1.994287095963954926e+01 2.089254245162010193e+00 1.872308294847613297e+00
1.917309556901454926e+01 2.395284518599510193e+00 1.806298773363238297e+00
1.924914537370204926e+01 2.382406100630760193e+00 1.923852484300738297e+00
1.933264146745204926e+01 2.131002292037010193e+00 2.030252020433550797e+00
1.931884752213954926e+01 1.003011569380760193e+00 1.631326239183550797e+00
1.903015123307704926e+01 1.286336764693260193e+00 1.616662542894488297e+00
1.952307115495204926e+01 2.206746920943260193e+00 1.716073553636675797e+00
1.913769517838954926e+01 2.483724460005760193e+00 1.691857855394488297e+00
1.931262193620204926e+01 2.711812838912010193e+00 1.722451727464800797e+00
1.914855943620204926e+01 2.233907565474510193e+00 1.791696112230425797e+00
1.943981920182704926e+01 2.695882663130760193e+00 1.847177069261675797e+00
1.919348131120204926e+01 2.222799167037010193e+00 1.907708685472613297e+00
1.937890611588954926e+01 2.450216159224510193e+00 1.940835516527300797e+00
1.931896959245204926e+01 2.204183444380760193e+00 2.033700506761675797e+00
1.927648912370204926e+01 2.451619967818260193e+00 2.041741888597613297e+00
1.869897447526454926e+01 1.582174167037010193e+00 1.578317205980425797e+00
1.842089830338954926e+01 1.857015475630760193e+00 1.565621893480425797e+00
1.814868150651454926e+01 2.125997409224510193e+00 1.553185980394488297e+00
1.788403306901454926e+01 2.387533053755760193e+00 1.541085760667925797e+00
1.762585435807704926e+01 2.642782077193260193e+00 1.529290716722613297e+00
1.734887681901454926e+01 2.894613131880760193e+00 1.515420477464800797e+00
1.705725084245204926e+01 3.140523776412010193e+00 1.500299017503863297e+00
1.914562974870204926e+01 2.262716159224510193e+00 1.775704901292925797e+00
1.946398912370204926e+01 2.482747897505760193e+00 1.821343939378863297e+00
1.944824205338954926e+01 2.734090670943260193e+00 1.833550970628863297e+00
1.919140611588954926e+01 2.251119479537010193e+00 1.894174139574175797e+00
1.938720689713954926e+01 2.481832370162010193e+00 1.928323309496050797e+00
1.937060533463954926e+01 2.980550631880760193e+00 1.954385321214800797e+00
1.923767076432704926e+01 2.239339694380760193e+00 2.013818304613238297e+00
1.928186021745204926e+01 2.483358249068260193e+00 2.032128851488238297e+00
1.970764146745204926e+01 2.951864108443260193e+00 2.106942694261675797e+00
2.281042467057704926e+01 3.047139987349510193e+00 2.191812079027300797e+00
1.918481431901454926e+01 2.235982760787010193e+00 1.882043402269488297e+00
1.931628404557704926e+01 2.477132663130760193e+00 1.910317938402300797e+00
2.135363756120204926e+01 3.121358737349510193e+00 2.170785467699175797e+00
1.933605943620204926e+01 2.213338717818260193e+00 2.015512030199175797e+00
1.929052720963954926e+01 2.471517428755760193e+00 2.025094549730425797e+00
1.970312486588954926e+01 2.950887545943260193e+00 2.099526922777300797e+00
1.983740220963954926e+01 3.199788913130760193e+00 2.129724066331988297e+00
1.913317857682704926e+01 2.442891940474510193e+00 1.692193548753863297e+00
1.929235826432704926e+01 2.687215670943260193e+00 1.723031561449175797e+00
1.775390611588954926e+01 3.541219577193260193e+00 1.619134466722613297e+00
1.993334947526454926e+01 2.094503268599510193e+00 1.875878851488238297e+00
1.918103013932704926e+01 2.430318698287010193e+00 1.816247503831988297e+00
1.942187486588954926e+01 2.668538913130760193e+00 1.855996649339800797e+00
2.278088365495204926e+01 3.274556979537010193e+00 2.248193304613238297e+00
1.955200181901454926e+01 2.649679049849510193e+00 1.989694159105425797e+00
1.748486314713954926e+01 3.540365085005760193e+00 1.814630072191363297e+00
1.930773912370204926e+01 2.141622409224510193e+00 2.053277533128863297e+00
1.968420396745204926e+01 2.630575045943260193e+00 2.125543158128863297e+00
1.983044420182704926e+01 2.882711276412010193e+00 2.157281439378863297e+00
1.986096177995204926e+01 3.145467624068260193e+00 2.176324408128863297e+00
1.962341295182704926e+01 3.421468600630760193e+00 2.165902655199175797e+00
1.920654283463954926e+01 2.580892428755760193e+00 1.728280584886675797e+00
1.941064439713954926e+01 3.094259127974510193e+00 1.780664007738238297e+00
1.776831041276454926e+01 3.455343112349510193e+00 1.635552923753863297e+00
1.809399400651454926e+01 3.687887057662010193e+00 1.683679144456988297e+00
1.917309556901454926e+01 2.310506686568260193e+00 1.830972235277300797e+00
1.955944810807704926e+01 2.808675631880760193e+00 1.902627508714800797e+00
1.762902818620204926e+01 3.455648288130760193e+00 1.736550848558550797e+00
1.809851060807704926e+01 3.679952487349510193e+00 1.800302069261675797e+00
1.936926256120204926e+01 2.282552585005760193e+00 1.973260443285113297e+00
1.932043443620204926e+01 2.553792819380760193e+00 1.984323065355425797e+00
1.982177720963954926e+01 3.049276217818260193e+00 2.070214788988238297e+00
2.118139635026454926e+01 3.239889010787010193e+00 2.233636419847613297e+00
1.964404283463954926e+01 3.597066745162010193e+00 2.084435980394488297e+00
1.934436021745204926e+01 2.276326999068260193e+00 2.093820135667925797e+00
1.982202135026454926e+01 2.770833835005760193e+00 2.179055731371050797e+00
1.987023912370204926e+01 3.037374362349510193e+00 2.200753729417925797e+00
2.232202135026454926e+01 3.163900241255760193e+00 2.492349188402300797e+00
2.135620103776454926e+01 3.505147799849510193e+00 2.401834051683550797e+00
2.012060533463954926e+01 2.419393405318260193e+00 1.862420599535113297e+00
1.945910631120204926e+01 2.762166842818260193e+00 1.816171209886675797e+00
2.176770006120204926e+01 2.868917331099510193e+00 2.061624090746050797e+00
1.771801744401454926e+01 3.431600436568260193e+00 1.679452459886675797e+00
1.810742174088954926e+01 3.671834811568260193e+00 1.735177557542925797e+00
1.622851549088954926e+01 4.019307956099510193e+00 1.564050238206988297e+00
1.918298326432704926e+01 2.221883639693260193e+00 1.881570379808550797e+00
1.932751451432704926e+01 2.485067233443260193e+00 1.914071600511675797e+00
2.141784654557704926e+01 2.885091647505760193e+00 2.165475409105425797e+00
1.757189927995204926e+01 3.432454928755760193e+00 1.785287420824175797e+00
1.810119615495204926e+01 3.663534030318260193e+00 1.857278387621050797e+00
1.618957506120204926e+01 4.013204440474510193e+00 1.673287909105425797e+00
1.932836900651454926e+01 2.197042331099510193e+00 2.025231878831988297e+00
1.927722154557704926e+01 2.480489596724510193e+00 2.036889593675738297e+00
2.127465806901454926e+01 3.182760104537010193e+00 2.306664984300738297e+00
1.999780260026454926e+01 3.550435885787010193e+00 2.187036078050738297e+00
1.617065416276454926e+01 4.006124362349510193e+00 1.785043280199175797e+00
1.933349595963954926e+01 2.187032565474510193e+00 2.154138128831988297e+00
1.910864244401454926e+01 2.764119967818260193e+00 2.164422552660113297e+00
1.988830552995204926e+01 2.980794772505760193e+00 2.269616644456988297e+00
1.989208970963954926e+01 3.263509616255760193e+00 2.288018744066363297e+00
2.172167955338954926e+01 3.445760592818260193e+00 2.514138739183550797e+00
1.615173326432704926e+01 3.999105319380760193e+00 1.896691839769488297e+00
1.982055650651454926e+01 2.743734225630760193e+00 2.185510199144488297e+00
1.987268052995204926e+01 3.028951510787010193e+00 2.210397284105425797e+00
2.231408677995204926e+01 3.157674655318260193e+00 2.498696844652300797e+00
1.799780260026454926e+01 3.712423190474510193e+00 2.041497747972613297e+00
1.619006334245204926e+01 4.064657077193260193e+00 1.857629339769488297e+00
1.902636705338954926e+01 2.237325534224510193e+00 2.192300360277300797e+00
1.991931138932704926e+01 3.305257663130760193e+00 2.369180243089800797e+00
1.792297349870204926e+01 3.707540377974510193e+00 2.157632391527300797e+00
1.616845689713954926e+01 4.057210788130760193e+00 1.972070257738238297e+00
1.980700670182704926e+01 2.495931491255760193e+00 2.263345282152300797e+00
1.986730943620204926e+01 2.787984713912010193e+00 2.289910833910113297e+00
1.992089830338954926e+01 3.080343112349510193e+00 2.315728705003863297e+00
1.989782701432704926e+01 3.378377780318260193e+00 2.332925360277300797e+00
1.671057115495204926e+01 3.852987155318260193e+00 1.992028753831988297e+00
1.632629381120204926e+01 4.134115085005760193e+00 1.965814154222613297e+00
1.899218736588954926e+01 2.563924655318260193e+00 2.306756537035113297e+00
1.992041002213954926e+01 2.772970065474510193e+00 2.433694403246050797e+00
1.910144029557704926e+01 3.132467135787010193e+00 2.357858221605425797e+00
1.995507799088954926e+01 3.364400729537010193e+00 2.477227728441363297e+00
1.674560533463954926e+01 3.842061862349510193e+00 2.118157904222613297e+00
1.638500963151454926e+01 4.122640475630760193e+00 2.093545477464800797e+00
1.989147935807704926e+01 2.916402682662010193e+00 2.353723089769488297e+00
2.141174302995204926e+01 3.108114108443260193e+00 2.545968573167925797e+00
1.615307603776454926e+01 4.026082858443260193e+00 1.986566107347613297e+00
1.634692369401454926e+01 4.282491549849510193e+00 2.026498358324175797e+00
1.881823717057704926e+01 2.408040866255760193e+00 2.330026190355425797e+00
1.891918931901454926e+01 2.692159518599510193e+00 2.361184637621050797e+00
1.898608385026454926e+01 2.981771335005760193e+00 2.388528387621050797e+00
1.999060045182704926e+01 3.202047213912010193e+00 2.526391546800738297e+00
1.996520982682704926e+01 3.507833346724510193e+00 2.543466131761675797e+00
1.684912095963954926e+01 3.979818210005760193e+00 2.192132513597613297e+00
1.649536119401454926e+01 4.267049655318260193e+00 2.168344061449175797e+00
1.668811021745204926e+01 4.490133151412010193e+00 2.132165472581988297e+00
1.999377427995204926e+01 2.482442721724510193e+00 2.542398016527300797e+00
1.889514146745204926e+01 2.892904147505760193e+00 2.432534735277300797e+00
1.903356920182704926e+01 3.183736667037010193e+00 2.468148748949175797e+00
2.211206041276454926e+01 3.272481784224510193e+00 2.854638617113238297e+00
1.682958970963954926e+01 3.917318210005760193e+00 2.242074530199175797e+00
1.700280748307704926e+01 4.188680514693260193e+00 2.280740301683550797e+00
1.780517564713954926e+01 4.437581881880760193e+00 2.396523993089800797e+00
1.711535631120204926e+01 4.185079440474510193e+00 2.387109320238238297e+00
1.650122056901454926e+01 4.500814303755760193e+00 2.328897039964800797e+00
1.680139146745204926e+01 4.773397311568260193e+00 2.383752386644488297e+00
1.680957017838954926e+01 3.807332858443260193e+00 2.372643988206988297e+00
2.154455552995204926e+01 3.816060885787010193e+00 2.964669745042925797e+00
1.638061510026454926e+01 4.431295260787010193e+00 2.355157415941363297e+00
1.672094713151454926e+01 4.712850436568260193e+00 2.414392035081988297e+00
1.606957994401454926e+01 5.032308444380760193e+00 2.351800482347613297e+00
1.654260240495204926e+01 5.315206393599510193e+00 2.428445379808550797e+00
1.743591295182704926e+01 5.601644381880760193e+00 2.557153265550738297e+00
2.010034166276454926e+01 3.227254733443260193e+00 2.905877630785113297e+00
1.826940904557704926e+01 3.693075045943260193e+00 2.694940130785113297e+00
1.735119615495204926e+01 4.065206393599510193e+00 2.597741644456988297e+00
1.746545396745204926e+01 4.366109713912010193e+00 2.630319159105425797e+00
1.670947252213954926e+01 4.704488620162010193e+00 2.552163641527300797e+00
1.700378404557704926e+01 4.994039401412010193e+00 2.607430975511675797e+00
1.594396959245204926e+01 5.319722995162010193e+00 2.489114325121050797e+00
1.587731920182704926e+01 5.611287936568260193e+00 2.498391668871050797e+00
1.277722154557704926e+01 6.285665377974510193e+00 1.766290228441363297e+00
1.276013170182704926e+01 6.558492526412010193e+00 1.781014959886675797e+00
1.652185045182704926e+01 4.422262057662010193e+00 2.229852240160113297e+00
1.677014146745204926e+01 4.721822604537010193e+00 2.276910345628863297e+00
1.615332017838954926e+01 5.058187350630760193e+00 2.223306219652300797e+00
1.636853013932704926e+01 5.360738620162010193e+00 2.266610663011675797e+00
1.338964830338954926e+01 5.999837741255760193e+00 1.949960272386675797e+00
1.277770982682704926e+01 6.278280124068260193e+00 1.893548529222613297e+00
1.276061998307704926e+01 6.551229342818260193e+00 1.907510321214800797e+00
1.767883287370204926e+01 4.346883639693260193e+00 2.513742010667925797e+00
1.672314439713954926e+01 4.714925631880760193e+00 2.417214911058550797e+00
1.745703111588954926e+01 5.000875338912010193e+00 2.523828070238238297e+00
1.575158677995204926e+01 5.368795260787010193e+00 2.334710638597613297e+00
1.743713365495204926e+01 5.643209323287010193e+00 2.558953802660113297e+00
1.338842760026454926e+01 5.992208346724510193e+00 2.079293768480425797e+00
1.277819810807704926e+01 6.270833835005760193e+00 2.020898382738238297e+00
1.276110826432704926e+01 6.543905124068260193e+00 2.034768621996050797e+00
1.746472154557704926e+01 4.349691256880760193e+00 2.637353460863238297e+00
1.671118150651454926e+01 4.706441745162010193e+00 2.560815374925738297e+00
1.627856431901454926e+01 5.035909518599510193e+00 2.524606268480425797e+00
1.765344224870204926e+01 5.308004245162010193e+00 2.716775457933550797e+00
1.575378404557704926e+01 5.663595065474510193e+00 2.494042913988238297e+00
1.702172838151454926e+01 5.957601413130760193e+00 2.673760931566363297e+00
1.277856431901454926e+01 6.263448581099510193e+00 2.147683661058550797e+00
1.276159654557704926e+01 6.536580905318260193e+00 2.162148993089800797e+00
2.517834459245204926e+01 7.860006198287010193e+00 3.810678045824175797e+00
1.886889635026454926e+01 8.166219577193260193e+00 2.702447455003863297e+00
1.278894029557704926e+01 6.098226413130760193e+00 2.001763861253863297e+00
1.277050767838954926e+01 6.392904147505760193e+00 2.017724554613238297e+00
1.752099595963954926e+01 6.722310885787010193e+00 2.612405340746050797e+00
1.772241197526454926e+01 7.067891940474510193e+00 2.658914129808550797e+00
2.518273912370204926e+01 7.614889010787010193e+00 3.594735663011675797e+00
2.547436510026454926e+01 8.046285495162010193e+00 3.658669989183550797e+00
1.884204088151454926e+01 8.155172213912010193e+00 2.864785711839800797e+00
1.600817857682704926e+01 5.720296725630760193e+00 2.519052069261675797e+00
1.278942857682704926e+01 6.089559420943260193e+00 2.138314764574175797e+00
1.277099595963954926e+01 6.384237155318260193e+00 2.154946844652300797e+00
1.669226060807704926e+01 7.040670260787010193e+00 2.688928167894488297e+00
2.516101060807704926e+01 8.022970065474510193e+00 3.814157049730425797e+00
1.881518541276454926e+01 8.144124850630760193e+00 3.027001898363238297e+00
1.821997056901454926e+01 7.215719088912010193e+00 2.533715765550738297e+00
1.305798326432704926e+01 8.339864596724510193e+00 2.016168158128863297e+00
1.278247056901454926e+01 6.200826510787010193e+00 1.984445135667925797e+00
1.276367174088954926e+01 6.502035006880760193e+00 2.002084295824175797e+00
1.576257310807704926e+01 6.827962741255760193e+00 2.380532782152300797e+00
1.672546373307704926e+01 7.178121432662010193e+00 2.518487494066363297e+00
2.454235826432704926e+01 7.740377292037010193e+00 3.487908880785113297e+00
1.306066881120204926e+01 8.026449069380760193e+00 2.138223211839800797e+00
1.306787095963954926e+01 8.331991061568260193e+00 2.159249823167925797e+00
1.278308092057704926e+01 6.191671237349510193e+00 2.124841253831988297e+00
1.276416002213954926e+01 6.493062838912010193e+00 2.141717474535113297e+00
1.577136217057704926e+01 6.818197116255760193e+00 2.535943548753863297e+00
1.758349595963954926e+01 7.183553561568260193e+00 2.784738104417925797e+00
1.791748033463954926e+01 7.542867526412010193e+00 2.849908392503863297e+00
2.533911119401454926e+01 8.178487643599510193e+00 3.811837713792925797e+00
2.058154283463954926e+01 8.379415377974510193e+00 3.235482733324175797e+00
1.307763658463954926e+01 8.324056491255760193e+00 2.302529852464800797e+00
1.798486314713954926e+01 7.324422702193260193e+00 2.635278265550738297e+00
2.444262681901454926e+01 7.876302585005760193e+00 3.431817572191363297e+00
1.880798326432704926e+01 8.079915866255760193e+00 2.784005682542925797e+00
1.835168443620204926e+01 8.426961764693260193e+00 2.754342596605425797e+00
1.824377427995204926e+01 8.787069186568260193e+00 2.767373602464800797e+00
1.380688463151454926e+01 8.842977389693260193e+00 2.249963324144488297e+00
1.275769029557704926e+01 6.597555026412010193e+00 2.116052191331988297e+00
1.573889146745204926e+01 6.932576999068260193e+00 2.502557318285113297e+00
2.435998521745204926e+01 7.435018405318260193e+00 3.590188543871050797e+00
1.880322252213954926e+01 8.068807467818260193e+00 2.955316107347613297e+00
2.048852525651454926e+01 8.521322116255760193e+00 3.192407171800738297e+00
1.774975572526454926e+01 8.747335299849510193e+00 2.873544256761675797e+00
1.377258287370204926e+01 8.831502780318260193e+00 2.394403021410113297e+00
1.183056627213954926e+01 1.016902719438076019e+01 2.001794378831988297e+00
1.203771959245204926e+01 1.052260385453701019e+01 2.050927679613238297e+00
1.834741197526454926e+01 8.457723483443260193e+00 2.782342474535113297e+00
1.776440416276454926e+01 8.820028170943260193e+00 2.740823309496050797e+00
2.356567369401454926e+01 9.564596042037010193e+00 3.467294256761675797e+00
2.241882310807704926e+01 9.929952487349510193e+00 3.361733954027300797e+00
1.979528795182704926e+01 1.015065561234951019e+01 3.074594061449175797e+00
1.184045396745204926e+01 1.016054330766201019e+01 2.154992621019488297e+00
1.205847154557704926e+01 1.051540170609951019e+01 2.207391302660113297e+00
1.994323717057704926e+01 1.084865365922451019e+01 2.943978827074175797e+00
1.194763170182704926e+01 1.046443735063076019e+01 2.040460150316363297e+00
1.945434556901454926e+01 1.166090951859951019e+01 2.953149359300738297e+00
2.050231920182704926e+01 1.221877084672451019e+01 3.110696356371050797e+00
4.286376819014549255e+00 1.050838266313076019e+01 1.206491034105425797e+00
1.772802720963954926e+01 1.155495248734951019e+01 2.730950872972613297e+00
4.600707873702049255e+00 1.039632211625576019e+01 1.228753607347613297e+00
4.257934436202049255e+00 1.064485727250576019e+01 1.210794012621050797e+00
6.629638537764549255e+00 1.190370737016201019e+01 1.562936346605425797e+00
4.969726428389549255e+00 1.236910043656826019e+01 8.841643739491757970e-01
5.746093615889549255e+00 1.285756479203701019e+01 9.928374696523007970e-01
5.864013537764549255e+00 1.323952279984951019e+01 1.035699408128863297e+00
2.557958970963954926e+01 1.849330697953701019e+01 2.937371771410113297e+00
8.005004748702049255e+00 1.514046274125576019e+01 1.218820135667925797e+00
