8.376173034310340881e+00 -9.262110501527786255e+00 5.322514385916292667e-01
8.476270690560340881e+00 -9.242090970277786255e+00 5.406437725760042667e-01
8.573926940560340881e+00 -9.217737942934036255e+00 5.488377423025667667e-01
7.824049010872840881e+00 -8.196863919496536255e+00 5.507756085135042667e-01
7.670972838997840881e+00 -7.897181302309036255e+00 5.560551495291292667e-01
7.723341003060340881e+00 -7.838709622621536255e+00 5.628910870291292667e-01
7.792432799935340881e+00 -7.799464017152786255e+00 5.698643536306917667e-01
9.071241393685340881e+00 -9.088282376527786255e+00 5.905705303885042667e-01
9.079542174935340881e+00 -1.013851431012153625e+01 5.903263897635042667e-01
9.201734557747840881e+00 -1.013057973980903625e+01 5.997105450369417667e-01
9.325391784310340881e+00 -1.012252309918403625e+01 6.091862530447542667e-01
7.834547057747840881e+00 -8.215174466371536255e+00 5.955906719900667667e-01
7.649488463997840881e+00 -7.878199368715286255e+00 5.989018292166292667e-01
7.695508971810340881e+00 -7.812708646059036255e+00 6.053410382010042667e-01
7.764600768685340881e+00 -7.773951321840286255e+00 6.123600811697542667e-01
9.967603698372840881e+00 -1.008016470074653625e+01 6.585179180838167667e-01
9.196973815560340881e+00 -1.029165151715278625e+01 6.477452130056917667e-01
1.023689080774784088e+01 -1.139730337262153625e+01 6.756840557791292667e-01
1.038557244837284088e+01 -1.139803579449653625e+01 6.870213360525667667e-01
7.844434753060340881e+00 -8.232996731996536255e+00 6.403752178885042667e-01
7.638868346810340881e+00 -7.871729642152786255e+00 6.415196270681917667e-01
7.675489440560340881e+00 -7.795740872621536255e+00 6.478672833181917667e-01
7.744459167122840881e+00 -7.757105618715286255e+00 6.549473614431917667e-01
1.140974237024784088e+01 -1.167391470074653625e+01 7.524967999197542667e-01
7.432203307747840881e+00 -8.115137845277786255e+00 6.576634258963167667e-01
7.497877135872840881e+00 -8.072413235902786255e+00 6.649571270681917667e-01
7.587232604622840881e+00 -8.057825833559036255e+00 6.726933331228792667e-01
7.680860534310340881e+00 -8.046656399965286255e+00 6.806279034353792667e-01
7.258863463997840881e+00 -7.437708646059036255e+00 6.733494610525667667e-01
7.660352721810340881e+00 -7.784205228090286255e+00 6.903172344900667667e-01
7.498365417122840881e+00 -7.487269192934036255e+00 6.902561993338167667e-01
6.930494323372840881e+00 -7.499842435121536255e+00 6.842594952322542667e-01
6.995557799935340881e+00 -7.466578274965286255e+00 6.909428448416292667e-01
7.065870299935340881e+00 -7.439295560121536255e+00 6.978245587088167667e-01
7.139600768685340881e+00 -7.415003567934036255e+00 7.048741192556917667e-01
7.215284362435340881e+00 -7.392664700746536255e+00 7.119999737478792667e-01
7.297925963997840881e+00 -7.377100735902786255e+00 7.194462628103792667e-01
7.412427917122840881e+00 -7.396387845277786255e+00 7.281285137869417667e-01
6.906934753060340881e+00 -7.476160794496536255e+00 7.228031964041292667e-01
6.972364440560340881e+00 -7.443934231996536255e+00 7.297612042166292667e-01
7.042921081185340881e+00 -7.417444974184036255e+00 7.367649883963167667e-01
7.116529479622840881e+00 -7.393336087465286255e+00 7.439366192556917667e-01
7.192213073372840881e+00 -7.371363431215286255e+00 7.511998028494417667e-01
7.275709167122840881e+00 -7.357081204652786255e+00 7.588597149588167667e-01
7.383375182747840881e+00 -7.369105130434036255e+00 7.676335186697542667e-01
6.898389831185340881e+00 -7.471216946840286255e+00 7.619877667166292667e-01
6.962965026497840881e+00 -7.438074856996536255e+00 7.687779278494417667e-01
7.036451354622840881e+00 -7.415064603090286255e+00 7.760411114431917667e-01
7.108472838997840881e+00 -7.389246731996536255e+00 7.832585186697542667e-01
7.183424010872840881e+00 -7.366480618715286255e+00 7.906285137869417667e-01
7.260572448372840881e+00 -7.345057278871536255e+00 7.981663555838167667e-01
7.365430846810340881e+00 -7.354395657777786255e+00 8.071537823416292667e-01
7.707105651497840881e+00 -7.623011380434036255e+00 8.286228985525667667e-01
6.884473815560340881e+00 -7.459559231996536255e+00 8.005925030447542667e-01
6.950025573372840881e+00 -7.427820950746536255e+00 8.075199932791292667e-01
7.019361510872840881e+00 -7.400049954652786255e+00 8.148899883963167667e-01
7.091260924935340881e+00 -7.374476224184036255e+00 8.222142071463167667e-01
7.166578307747840881e+00 -7.352381497621536255e+00 8.297520489431917667e-01
7.247144713997840881e+00 -7.335108548402786255e+00 8.376408428885042667e-01
7.347852721810340881e+00 -7.339930325746536255e+00 8.465061993338167667e-01
7.691724792122840881e+00 -7.611414700746536255e+00 8.700505108572542667e-01
6.878248229622840881e+00 -7.457484036684036255e+00 8.397465557791292667e-01
6.944166198372840881e+00 -7.426295071840286255e+00 8.467808575369417667e-01
7.014112487435340881e+00 -7.399256497621536255e+00 8.540898174978792667e-01
7.086744323372840881e+00 -7.374476224184036255e+00 8.615971417166292667e-01
7.162183776497840881e+00 -7.352625638246536255e+00 8.692875714041292667e-01
7.242872253060340881e+00 -7.335474759340286255e+00 8.773442120291292667e-01
7.338209167122840881e+00 -7.334376126527786255e+00 8.864079327322542667e-01
7.665357604622840881e+00 -7.587733060121536255e+00 9.108219952322542667e-01
6.885572448372840881e+00 -7.472132474184036255e+00 8.796025128103792667e-01
6.949171081185340881e+00 -7.437830716371536255e+00 8.865605206228792667e-01
7.009840026497840881e+00 -7.399683743715286255e+00 8.933354229666292667e-01
7.082105651497840881e+00 -7.374415189027786255e+00 9.009495587088167667e-01
7.157300963997840881e+00 -7.352320462465286255e+00 9.087773174978792667e-01
7.236524596810340881e+00 -7.333704739809036255e+00 9.169255108572542667e-01
7.327222838997840881e+00 -7.327296048402786255e+00 9.259129376150667667e-01
7.645460143685340881e+00 -7.571192532777786255e+00 9.515324444510042667e-01
6.881055846810340881e+00 -7.472254544496536255e+00 9.189244122244417667e-01
6.938062682747840881e+00 -7.429835110902786255e+00 9.254399151541292667e-01
7.001783385872840881e+00 -7.395411282777786255e+00 9.325047344900667667e-01
7.074537292122840881e+00 -7.370875149965286255e+00 9.402714581228792667e-01
7.149854674935340881e+00 -7.348963528871536255e+00 9.482518048025667667e-01
7.229200378060340881e+00 -7.330591946840286255e+00 9.565831036306917667e-01
7.319166198372840881e+00 -7.323450833559036255e+00 9.657688946463167667e-01
7.641431823372840881e+00 -7.572291165590286255e+00 9.935398907400667667e-01
6.879468932747840881e+00 -7.475916653871536255e+00 9.582768292166292667e-01
6.930128112435340881e+00 -7.425684720277786255e+00 9.642735333181917667e-01
6.999952331185340881e+00 -7.398768216371536255e+00 9.719181866385042667e-01
7.072706237435340881e+00 -7.374232083559036255e+00 9.798374981619417667e-01
7.147657409310340881e+00 -7.351832181215286255e+00 9.879246563650667667e-01
7.226758971810340881e+00 -7.333094388246536255e+00 9.964085430838167667e-01
7.315992370247840881e+00 -7.325159817934036255e+00 1.005777439568191767e+00
7.651929870247840881e+00 -7.589258939027786255e+00 1.036569675896316767e+00
6.878980651497840881e+00 -7.481043606996536255e+00 9.979649395681917667e-01
6.930494323372840881e+00 -7.431666165590286255e+00 1.004022678826004267e+00
7.000928893685340881e+00 -7.405360013246536255e+00 1.011636814568191767e+00
7.074171081185340881e+00 -7.381312161684036255e+00 1.019723972771316767e+00
7.149244323372840881e+00 -7.359095364809036255e+00 1.027978977654129267e+00
7.228590026497840881e+00 -7.340540677309036255e+00 1.036661228630691767e+00
7.318555846810340881e+00 -7.333399564027786255e+00 1.046548923943191767e+00
7.712842956185340881e+00 -7.662318021059036255e+00 1.084756931755691767e+00
6.871534362435340881e+00 -7.477320462465286255e+00 1.036798557732254267e+00
6.939893737435340881e+00 -7.448756009340286255e+00 1.044519504997879267e+00
7.011060729622840881e+00 -7.423121243715286255e+00 1.052530369255691767e+00
7.085279479622840881e+00 -7.399988919496536255e+00 1.060861668083816767e+00
7.161939635872840881e+00 -7.379236966371536255e+00 1.069437107536941767e+00
7.241651549935340881e+00 -7.360865384340286255e+00 1.078317722771316767e+00
7.331373229622840881e+00 -7.353174954652786255e+00 1.088220676872879267e+00
6.904005065560340881e+00 -7.523585110902786255e+00 1.080057224724441767e+00
6.971509948372840881e+00 -7.493189603090286255e+00 1.087595066521316767e+00
7.041456237435340881e+00 -7.465296536684036255e+00 1.095605930779129267e+00
7.115308776497840881e+00 -7.441126614809036255e+00 1.104028782341629267e+00
7.190504088997840881e+00 -7.417994290590286255e+00 1.112604221794754267e+00
7.269239440560340881e+00 -7.397974759340286255e+00 1.121576389763504267e+00
7.364820495247840881e+00 -7.396204739809036255e+00 1.132349094841629267e+00
6.905714049935340881e+00 -7.531336575746536255e+00 1.120142063591629267e+00
6.974073424935340881e+00 -7.502100735902786255e+00 1.128076633904129267e+00
7.044507995247840881e+00 -7.474695950746536255e+00 1.136255344841629267e+00
7.118482604622840881e+00 -7.450403958559036255e+00 1.144846043083816767e+00
7.193799987435340881e+00 -7.427393704652786255e+00 1.153574070427566767e+00
7.273389831185340881e+00 -7.407984524965286255e+00 1.162805637810379267e+00
7.369703307747840881e+00 -7.407130032777786255e+00 1.173944553826004267e+00
6.908399596810340881e+00 -7.540430814027786255e+00 1.160623630974441767e+00
6.977003112435340881e+00 -7.511317044496536255e+00 1.168481907341629267e+00
7.047315612435340881e+00 -7.483668118715286255e+00 1.176767429802566767e+00
7.121290221810340881e+00 -7.459254056215286255e+00 1.185480198357254267e+00
7.197095885872840881e+00 -7.436610013246536255e+00 1.194421848747879267e+00
7.284742370247840881e+00 -7.426478177309036255e+00 1.204813084099441767e+00
7.390699401497840881e+00 -7.436182767152786255e+00 1.217401585076004267e+00
6.911695495247840881e+00 -7.550379544496536255e+00 1.201089939568191767e+00
6.980787292122840881e+00 -7.521693021059036255e+00 1.209329685661941767e+00
7.051710143685340881e+00 -7.494471341371536255e+00 1.217783054802566767e+00
7.127149596810340881e+00 -7.471766263246536255e+00 1.226846775505691767e+00
7.203687682747840881e+00 -7.449854642152786255e+00 1.236017307732254267e+00
7.285352721810340881e+00 -7.432642728090286255e+00 1.245874485466629267e+00
7.383375182747840881e+00 -7.433375149965286255e+00 1.257806858513504267e+00
6.916578307747840881e+00 -7.562159329652786255e+00 1.242075046990066767e+00
6.985548034310340881e+00 -7.533106595277786255e+00 1.250391087029129267e+00
7.056348815560340881e+00 -7.505762845277786255e+00 1.258981785271316767e+00
7.143140807747840881e+00 -7.496363431215286255e+00 1.269495090935379267e+00
7.221876159310340881e+00 -7.476649075746536255e+00 1.279138645622879267e+00
7.312574401497840881e+00 -7.469507962465286255e+00 1.290613254997879267e+00
7.421827331185340881e+00 -7.482325345277786255e+00 1.304361423943191767e+00
6.912916198372840881e+00 -7.563441067934036255e+00 1.281976780388504267e+00
6.982374206185340881e+00 -7.534998685121536255e+00 1.290262302849441767e+00
7.054029479622840881e+00 -7.508570462465286255e+00 1.299066624138504267e+00
7.129957213997840881e+00 -7.486231595277786255e+00 1.308496555779129267e+00
7.210157409310340881e+00 -7.468470364809036255e+00 1.318506321404129267e+00
7.305494323372840881e+00 -7.466761380434036255e+00 1.330667576286941767e+00
7.418531432747840881e+00 -7.483912259340286255e+00 1.345316013786941767e+00
9.071363463997840881e+00 -9.087977200746536255e+00 5.905857891775667667e-01
9.174512878060340881e+00 -9.062891751527786255e+00 5.992375225760042667e-01
9.274610534310340881e+00 -9.033350735902786255e+00 6.076451153494417667e-01
9.376050963997840881e+00 -9.003382474184036255e+00 6.161595196463167667e-01
9.477979674935340881e+00 -8.973353177309036255e+00 6.247197003103792667e-01
9.581129088997840881e+00 -8.942896634340286255e+00 6.333714337088167667e-01
9.739210143685340881e+00 -8.966334134340286255e+00 6.429997296072542667e-01
9.893751159310340881e+00 -8.983423978090286255e+00 6.524296612478792667e-01
9.967847838997840881e+00 -1.007992056012153625e+01 6.585484356619417667e-01
1.009626580774784088e+01 -1.006588247418403625e+01 6.684513897635042667e-01
1.024433709681034088e+01 -1.007076528668403625e+01 6.788426251150667667e-01
1.040681268274784088e+01 -1.008779409527778625e+01 6.899967999197542667e-01
1.056525994837284088e+01 -1.009810903668403625e+01 7.008763165213167667e-01
1.085822869837284088e+01 -1.024111440777778625e+01 7.146244854666292667e-01
1.109101678431034088e+01 -1.031771352887153625e+01 7.276097149588167667e-01
1.133088494837284088e+01 -1.039626577496528625e+01 7.410069317556917667e-01
1.141181756556034088e+01 -1.167562368512153625e+01 7.525730938650667667e-01
1.169148065149784088e+01 -1.179897573590278625e+01 7.679539532400667667e-01
1.212434197962284088e+01 -1.207851675152778625e+01 7.877446026541292667e-01
1.269868279993534088e+01 -1.249343374371528625e+01 8.120213360525667667e-01
1.365888787806034088e+01 -1.328969839215278625e+01 8.479557842947542667e-01
1.568220330774784088e+01 -1.513216665387153625e+01 9.162083477713167667e-01
2.065119744837284088e+01 -2.050246694684028625e+01 1.172556004021316767e+00
2.063532830774784088e+01 -2.050142934918403625e+01 1.297723850701004267e+00
2.062092401087284088e+01 -2.050197866559028625e+01 1.423593601677566767e+00
7.708692565560340881e+00 -7.624354153871536255e+00 8.287144512869417667e-01
2.062092401087284088e+01 -2.051735952496528625e+01 1.549539646599441767e+00
7.693311706185340881e+00 -7.612818509340286255e+00 8.701573223806917667e-01
2.062116815149784088e+01 -2.119991567730903625e+01 1.657205662224441767e+00
2.060993768274784088e+01 -2.085128286480903625e+01 1.666193088982254267e+00
2.059895135462284088e+01 -2.051015737652778625e+01 1.674997410271316767e+00
2.056257440149784088e+01 -2.014809682965278625e+01 1.682077488396316767e+00
2.052937127649784088e+01 -1.979696157574653625e+01 1.688486179802566767e+00
2.049629022181034088e+01 -1.945235708355903625e+01 1.695367893669754267e+00
7.668897643685340881e+00 -7.591273099184036255e+00 9.110661358572542667e-01
2.058222772181034088e+01 -2.151577261090278625e+01 1.774408421013504267e+00
2.059174920618534088e+01 -2.118459585309028625e+01 1.783716282341629267e+00
2.060114862024784088e+01 -2.085775259137153625e+01 1.792902073357254267e+00
2.055415154993534088e+01 -2.047921255230903625e+01 1.798090061638504267e+00
2.057758904993534088e+01 -2.017843130230903625e+01 1.807947239372879267e+00
2.054646112024784088e+01 -1.982876089215278625e+01 1.813898167107254267e+00
2.051582147181034088e+01 -1.948598745465278625e+01 1.819711765740066767e+00
7.649610534310340881e+00 -7.575403958559036255e+00 9.518528790213167667e-01
2.056806756556034088e+01 -2.151687124371528625e+01 1.902872166130691767e+00
2.057844354212284088e+01 -2.118654897809028625e+01 1.911188206169754267e+00
2.058881951868534088e+01 -2.086056020855903625e+01 1.919397434685379267e+00
2.059882928431034088e+01 -2.054091909527778625e+01 1.927438816521316767e+00
2.058430291712284088e+01 -2.020034292340278625e+01 1.933542332146316767e+00
2.056989862024784088e+01 -1.986702993512153625e+01 1.939508518669754267e+00
7.645704284310340881e+00 -7.576502591371536255e+00 9.938755840994417667e-01
7.658277526497840881e+00 -7.595972806215286255e+00 1.037118992302566767e+00
7.718824401497840881e+00 -7.668543606996536255e+00 1.085306248161941767e+00
9.894727721810340881e+00 -8.983973294496536255e+00 6.524601788260042667e-01
1.006037713587284088e+01 -9.008936673402786255e+00 6.625767559744417667e-01
1.020271112024784088e+01 -9.008509427309036255e+00 6.720982403494417667e-01
1.034358026087284088e+01 -9.004053860902786255e+00 6.817265362478792667e-01
1.048640252649784088e+01 -8.999598294496536255e+00 6.914921612478792667e-01
1.067024041712284088e+01 -9.029261380434036255e+00 7.022953839041292667e-01
1.093171502649784088e+01 -9.124720364809036255e+00 7.149754376150667667e-01
1.119367791712284088e+01 -9.214808255434036255e+00 7.276402325369417667e-01
1.133259393274784088e+01 -1.039742544293403625e+01 7.410832257010042667e-01
1.157343865931034088e+01 -1.047158315777778625e+01 7.544957012869417667e-01
1.200825311243534088e+01 -1.072432973980903625e+01 7.731419415213167667e-01
1.250385858118534088e+01 -1.102199819684028625e+01 7.943058819510042667e-01
1.334101678431034088e+01 -1.162026479840278625e+01 8.249607891775667667e-01
1.399714471399784088e+01 -1.203206899762153625e+01 8.512669415213167667e-01
1.464704705774784088e+01 -1.242220571637153625e+01 8.785343975760042667e-01
1.791914178431034088e+01 -1.508059194684028625e+01 9.832554669119417667e-01
2.035066033899784088e+01 -1.726015737652778625e+01 1.628839573357254267e+00
2.049555779993534088e+01 -1.945058706402778625e+01 1.695352634880691767e+00
2.046320916712284088e+01 -1.911287954449653625e+01 1.701974949333816767e+00
2.043086053431034088e+01 -1.878097036480903625e+01 1.709070286247879267e+00
2.041596795618534088e+01 -1.846987417340278625e+01 1.716501316521316767e+00
2.040327264368534088e+01 -1.816677358746528625e+01 1.723901829216629267e+00
2.039057733118534088e+01 -1.786764028668403625e+01 1.731210789177566767e+00
2.035932733118534088e+01 -1.755752065777778625e+01 1.736520847771316767e+00
2.032282830774784088e+01 -1.724801138043403625e+01 1.741952976677566767e+00
2.051508904993534088e+01 -1.948421743512153625e+01 1.819696506951004267e+00
2.048518182337284088e+01 -1.914815786480903625e+01 1.825327000115066767e+00
2.045576287806034088e+01 -1.881832388043403625e+01 1.830850681755691767e+00
2.042683221399784088e+01 -1.849343374371528625e+01 1.836298069451004267e+00
2.039863397181034088e+01 -1.817562368512153625e+01 1.841623386833816767e+00
2.037067987024784088e+01 -1.786245229840278625e+01 1.846857151482254267e+00
2.032990838587284088e+01 -1.754384878277778625e+01 1.851022800896316767e+00
2.029377557337284088e+01 -1.723482778668403625e+01 1.855402073357254267e+00
1.119538690149784088e+01 -9.215845853090286255e+00 7.277165264822542667e-01
1.150898553431034088e+01 -9.344752103090286255e+00 7.422428936697542667e-01
1.196040154993534088e+01 -9.582545071840286255e+00 7.601872296072542667e-01
1.248200799524784088e+01 -9.867152005434036255e+00 7.804509014822542667e-01
1.290424920618534088e+01 -1.005892446637153625e+01 7.987004132010042667e-01
1.363300897181034088e+01 -1.048598745465278625e+01 8.255863995291292667e-01
1.417133904993534088e+01 -1.074630239605903625e+01 8.481236309744417667e-01
1.485493279993534088e+01 -1.110665395855903625e+01 8.748570294119417667e-01
1.792768670618534088e+01 -1.508718374371528625e+01 9.835453839041292667e-01
2.052326776087284088e+01 -1.627205923199653625e+01 1.108789524529129267e+00
2.034980584681034088e+01 -1.725844839215278625e+01 1.628824314568191767e+00
2.029719354212284088e+01 -1.694008901715278625e+01 1.634042820427566767e+00
2.024567987024784088e+01 -1.662777212262153625e+01 1.639154514763504267e+00
2.019489862024784088e+01 -1.632033804059028625e+01 1.644189915154129267e+00
2.014533807337284088e+01 -1.601980093121528625e+01 1.649118504021316767e+00
2.009638787806034088e+01 -1.572378042340278625e+01 1.653970798943191767e+00
2.004865838587284088e+01 -1.543429067730903625e+01 1.658701023552566767e+00
2.000166131556034088e+01 -1.515011098980903625e+01 1.663370213005691767e+00
2.032209588587284088e+01 -1.724648550152778625e+01 1.741937717888504267e+00
2.028620721399784088e+01 -1.694246938824653625e+01 1.747140964958816767e+00
2.025141717493534088e+01 -1.664437368512153625e+01 1.752893528435379267e+00
2.021662713587284088e+01 -1.634987905621528625e+01 1.757913670036941767e+00
2.017451287806034088e+01 -1.605489614605903625e+01 1.762308201286941767e+00
2.012775994837284088e+01 -1.575991323590278625e+01 1.766260227654129267e+00
2.008234979212284088e+01 -1.547164419293403625e+01 1.769601902458816767e+00
2.003742791712284088e+01 -1.518831899762153625e+01 1.773401340935379267e+00
2.029304315149784088e+01 -1.723330190777778625e+01 1.855371555779129267e+00
2.025752069056034088e+01 -1.692983511090278625e+01 1.859567722771316767e+00
2.022260858118534088e+01 -1.663161733746528625e+01 1.863702854607254267e+00
2.018818475306034088e+01 -1.633761098980903625e+01 1.867776951286941767e+00
2.015437127649784088e+01 -1.604958608746528625e+01 1.871759495232254267e+00
2.012116815149784088e+01 -1.576558950543403625e+01 1.875681004021316767e+00
2.008857537806034088e+01 -1.548726919293403625e+01 1.879541477654129267e+00
2.005647088587284088e+01 -1.521364858746528625e+01 1.883325657341629267e+00
2.065205194056034088e+01 -1.700728872418403625e+01 2.010385593865066767e+00
2.063068963587284088e+01 -1.700124624371528625e+01 2.124795994255691767e+00
2.062141229212284088e+01 -1.700527456402778625e+01 2.239542088005691767e+00
2.045759393274784088e+01 -1.633205679059028625e+01 2.233240208122879267e+00
2.057710076868534088e+01 -1.616634634137153625e+01 2.248376926872879267e+00
2.069624139368534088e+01 -1.600142934918403625e+01 2.263452610466629267e+00
2.061225701868534088e+01 -1.700954702496528625e+01 2.354349216911941767e+00
2.045246697962284088e+01 -1.633919790387153625e+01 2.345865330193191767e+00
2.057197381556034088e+01 -1.617348745465278625e+01 2.360956272576004267e+00
2.069111444056034088e+01 -1.600850942730903625e+01 2.376596531365066767e+00
2.060859490931034088e+01 -1.701851919293403625e+01 2.470377048943191767e+00
2.044721795618534088e+01 -1.634640005230903625e+01 2.459177097771316767e+00
2.056684686243534088e+01 -1.618062856793403625e+01 2.474222263786941767e+00
2.068598748743534088e+01 -1.601552847027778625e+01 2.489191135857254267e+00
2.039338494837284088e+01 -1.684743764996528625e+01 2.562784275505691767e+00
2.044209100306034088e+01 -1.635360220074653625e+01 2.571954807732254267e+00
2.056171990931034088e+01 -1.618770864605903625e+01 2.586954197380691767e+00
2.068086053431034088e+01 -1.602260854840278625e+01 2.601862034294754267e+00
2.045869256556034088e+01 -1.691494253277778625e+01 2.685632786247879267e+00
2.043684197962284088e+01 -1.636080434918403625e+01 2.685419163201004267e+00
2.055659295618534088e+01 -1.619484975934028625e+01 2.700342258904129267e+00
2.067573358118534088e+01 -1.602968862652778625e+01 2.715219578240066767e+00
2.055476190149784088e+01 -1.700869253277778625e+01 2.812540134880691767e+00
2.043171502649784088e+01 -1.636794546246528625e+01 2.798334202263504267e+00
2.055146600306034088e+01 -1.620199087262153625e+01 2.813211521599441767e+00
2.067060662806034088e+01 -1.603676870465278625e+01 2.828027805779129267e+00
1.486604119837284088e+01 -1.111464956402778625e+01 8.752079815603792667e-01
1.633637811243534088e+01 -1.205727651715278625e+01 9.255619854666292667e-01
1.864387322962284088e+01 -1.358950307965278625e+01 1.001520237419754267e+00
1.952741815149784088e+01 -1.401815298199653625e+01 1.037897190544754267e+00
7.061359979212284088e+01 -5.066616323590278625e+01 2.593484959099441767e+00
7.057563592493534088e+01 -4.807461050152778625e+01 2.708688816521316767e+00
6.887617303431034088e+01 -4.780117300152778625e+01 3.371957859490066767e+00
6.954792596399784088e+01 -4.743764761090278625e+01 3.434488377068191767e+00
6.901630975306034088e+01 -4.793276479840278625e+01 3.757104954216629267e+00
7.012971307337284088e+01 -4.787014272809028625e+01 3.840692600701004267e+00
6.907710076868534088e+01 -4.800893667340278625e+01 4.137964329216629267e+00
6.975800897181034088e+01 -4.764858511090278625e+01 4.204156956169754267e+00
2.015339471399784088e+01 -1.501082876324653625e+01 1.572565159294754267e+00
1.971394158899784088e+01 -1.351674917340278625e+01 1.585184177849441767e+00
1.965119744837284088e+01 -1.325033071637153625e+01 1.588174900505691767e+00
2.000092889368534088e+01 -1.514870718121528625e+01 1.663339695427566767e+00
1.993696404993534088e+01 -1.485579946637153625e+01 1.666605076286941767e+00
1.987446404993534088e+01 -1.456875112652778625e+01 1.669824680779129267e+00
1.982087518274784088e+01 -1.429189565777778625e+01 1.673502048943191767e+00
1.976838494837284088e+01 -1.402096059918403625e+01 1.677087864372879267e+00
1.971662713587284088e+01 -1.375380972027778625e+01 1.680643162224441767e+00
1.966596795618534088e+01 -1.349227407574653625e+01 1.684106907341629267e+00
1.961616326868534088e+01 -1.323519399762153625e+01 1.687524876091629267e+00
2.003669549524784088e+01 -1.518691518902778625e+01 1.773386082146316767e+00
1.997822381556034088e+01 -1.489760854840278625e+01 1.776010593865066767e+00
1.991132928431034088e+01 -1.460647085309028625e+01 1.778497776482254267e+00
1.984602166712284088e+01 -1.432027700543403625e+01 1.780420383904129267e+00
1.978217889368534088e+01 -1.404049184918403625e+01 1.782297214958816767e+00
1.971919061243534088e+01 -1.376504018902778625e+01 1.784158787224441767e+00
1.965815545618534088e+01 -1.349587514996528625e+01 1.785455784294754267e+00
1.959773065149784088e+01 -1.323140981793403625e+01 1.787241062615066767e+00
2.005586053431034088e+01 -1.521230581402778625e+01 1.883295139763504267e+00
2.001191522181034088e+01 -1.493355825543403625e+01 1.886011204216629267e+00
1.995612908899784088e+01 -1.465011098980903625e+01 1.887750706169754267e+00
1.990119744837284088e+01 -1.437081411480903625e+01 1.889459690544754267e+00
7.057502557337284088e+01 -4.807131460309028625e+01 2.708780369255691767e+00
7.063154412806034088e+01 -4.727529409527778625e+01 2.749429783318191767e+00
7.114069940149784088e+01 -4.595962026715278625e+01 2.839044651482254267e+00
7.228669549524784088e+01 -4.505337026715278625e+01 2.950204929802566767e+00
7.220026971399784088e+01 -4.418972280621528625e+01 2.982889255974441767e+00
7.087226678431034088e+01 -4.258816030621528625e+01 2.968973240349441767e+00
8.202412225306034088e+01 -5.401357534527778625e+01 3.603494724724441767e+00
8.258332635462284088e+01 -5.342092397809028625e+01 3.667429050896316767e+00
7.139973260462284088e+01 -4.293593862652778625e+01 3.363046726677566767e+00
6.955134393274784088e+01 -4.743715932965278625e+01 3.434747776482254267e+00
7.091731072962284088e+01 -4.506582143902778625e+01 3.622949680779129267e+00
7.038374139368534088e+01 -4.313442495465278625e+01 3.661188206169754267e+00
6.970466424524784088e+01 -4.757558706402778625e+01 3.820123753044754267e+00
6.931855584681034088e+01 -4.648989370465278625e+01 3.833414158318191767e+00
7.025605584681034088e+01 -4.629848745465278625e+01 3.909601292107254267e+00
7.102754022181034088e+01 -4.598269155621528625e+01 3.978082737419754267e+00
1.956818963587284088e+01 -1.231356313824653625e+01 1.413827976677566767e+00
6.976191522181034088e+01 -4.764846304059028625e+01 4.204462131951004267e+00
6.928901483118534088e+01 -4.650258901715278625e+01 4.206842503044754267e+00
7.086262322962284088e+01 -4.673269155621528625e+01 4.321191868279129267e+00
7.059370233118534088e+01 -4.573256948590278625e+01 4.334436497185379267e+00
1.955720330774784088e+01 -1.231472280621528625e+01 1.511514744255691767e+00
7.038618279993534088e+01 -4.398733022809028625e+01 4.377908787224441767e+00
1.965034295618534088e+01 -1.324904897809028625e+01 1.588144382927566767e+00
1.958784295618534088e+01 -1.298696401715278625e+01 1.591882786247879267e+00
1.952705194056034088e+01 -1.272976186871528625e+01 1.595056614372879267e+00
1.946699334681034088e+01 -1.247616079449653625e+01 1.598184666130691767e+00
1.939460565149784088e+01 -1.221908071637153625e+01 1.600427708122879267e+00
1.931464959681034088e+01 -1.196035268902778625e+01 1.602075657341629267e+00
1.923652459681034088e+01 -1.170754507184028625e+01 1.603708347771316767e+00
1.916035272181034088e+01 -1.145986440777778625e+01 1.604822239372879267e+00
1.961543084681034088e+01 -1.323397329449653625e+01 1.687494358513504267e+00
1.956635858118534088e+01 -1.298110464215278625e+01 1.690668186638504267e+00
1.951801873743534088e+01 -1.273226431012153625e+01 1.693796238396316767e+00
1.947028924524784088e+01 -1.248653677105903625e+01 1.696878513786941767e+00
1.941059686243534088e+01 -1.223733022809028625e+01 1.699045261833816767e+00
1.934126092493534088e+01 -1.198501089215278625e+01 1.700479588005691767e+00
1.927351190149784088e+01 -1.173812368512153625e+01 1.701898655388504267e+00
1.920698358118534088e+01 -1.149563100934028625e+01 1.703271946404129267e+00
1.959699822962284088e+01 -1.323018911480903625e+01 1.787195286247879267e+00
1.953779412806034088e+01 -1.297048452496528625e+01 1.788827976677566767e+00
1.947920037806034088e+01 -1.271505239605903625e+01 1.790933689568191767e+00
1.942219354212284088e+01 -1.246358755230903625e+01 1.792551121208816767e+00
1.935932733118534088e+01 -1.221273306012153625e+01 1.793619236443191767e+00
1.928999139368534088e+01 -1.196077993512153625e+01 1.794153294060379267e+00
1.922163201868534088e+01 -1.171383169293403625e+01 1.794107517693191767e+00
1.915498162806034088e+01 -1.147176626324653625e+01 1.794611057732254267e+00
7.220759393274784088e+01 -4.444179800152778625e+01 6.039514622185379267e+00
7.144209100306034088e+01 -4.317177847027778625e+01 5.998834690544754267e+00
7.126814080774784088e+01 -4.389223745465278625e+01 6.343713840935379267e+00
7.167231561243534088e+01 -4.334157827496528625e+01 6.394907078240066767e+00
7.209223748743534088e+01 -4.524685171246528625e+01 6.781778416130691767e+00
7.175507928431034088e+01 -4.422414663434028625e+01 6.767328342888504267e+00
7.270466424524784088e+01 -4.399856069684028625e+01 6.867593845818191767e+00
7.204743768274784088e+01 -4.443593862652778625e+01 7.176202854607254267e+00
7.303437615931034088e+01 -4.422951772809028625e+01 7.283197483513504267e+00
7.188825799524784088e+01 -4.518154409527778625e+01 7.531961521599441767e+00
7.251899529993534088e+01 -4.644411733746528625e+01 7.975534519646316767e+00
7.283527947962284088e+01 -4.581106069684028625e+01 8.018579563591629267e+00
7.266499139368534088e+01 -4.488088491559028625e+01 8.010248264763504267e+00
7.185297967493534088e+01 -4.604799917340278625e+01 8.292505344841629267e+00
7.222846795618534088e+01 -4.545986440777778625e+01 8.341699680779129267e+00
7.074348260462284088e+01 -4.368252065777778625e+01 4.314630588982254267e+00
6.907319451868534088e+01 -4.667397573590278625e+01 4.456598362419754267e+00
7.171589471399784088e+01 -4.678518179059028625e+01 4.669168552849441767e+00
1.944770623743534088e+01 -1.229128530621528625e+01 1.568399509880691767e+00
1.936628533899784088e+01 -1.202871206402778625e+01 1.570428928826004267e+00
1.928596307337284088e+01 -1.177035024762153625e+01 1.572443088982254267e+00
1.920759393274784088e+01 -1.151778677105903625e+01 1.574396213982254267e+00
1.913117791712284088e+01 -1.127028921246528625e+01 1.575845798943191767e+00
1.954304315149784088e+01 -1.301229360699653625e+01 1.653635105583816767e+00
1.949445916712284088e+01 -1.276070669293403625e+01 1.657175144646316767e+00
1.944672967493534088e+01 -1.251308706402778625e+01 1.660669407341629267e+00
1.938813592493534088e+01 -1.226125600934028625e+01 1.663370213005691767e+00
1.931867791712284088e+01 -1.200680044293403625e+01 1.665216526482254267e+00
1.925019647181034088e+01 -1.175606802105903625e+01 1.667032322380691767e+00
1.918317987024784088e+01 -1.151070669293403625e+01 1.668817600701004267e+00
1.911726190149784088e+01 -1.126961782574653625e+01 1.670572361443191767e+00
1.957990838587284088e+01 -1.304635122418403625e+01 1.757288059685379267e+00
1.952046014368534088e+01 -1.278682973980903625e+01 1.759286961052566767e+00
1.946162225306034088e+01 -1.253145864605903625e+01 1.761728367302566767e+00
1.939472772181034088e+01 -1.227389028668403625e+01 1.762994846794754267e+00
1.931611444056034088e+01 -1.201339223980903625e+01 1.763300022576004267e+00
1.923872186243534088e+01 -1.175698354840278625e+01 1.763605198357254267e+00
1.916352654993534088e+01 -1.150655630230903625e+01 1.763422092888504267e+00
1.908930779993534088e+01 -1.126052358746528625e+01 1.763712009880691767e+00
1.961225701868534088e+01 -1.307741811871528625e+01 1.861673435661941767e+00
1.956269647181034088e+01 -1.282393911480903625e+01 1.863550266716629267e+00
1.951399041712284088e+01 -1.257448843121528625e+01 1.865396580193191767e+00
7.130073358118534088e+01 -4.335280874371528625e+01 5.883829197380691767e+00
7.237861444056034088e+01 -4.320632436871528625e+01 5.987543186638504267e+00
7.252668572962284088e+01 -4.494802358746528625e+01 6.343790134880691767e+00
7.067646600306034088e+01 -4.300197866559028625e+01 6.209802708122879267e+00
7.177131463587284088e+01 -4.287270620465278625e+01 6.318613132927566767e+00
7.211213494837284088e+01 -4.554433706402778625e+01 6.679117283318191767e+00
7.178364373743534088e+01 -4.451711538434028625e+01 6.667200169060379267e+00
7.289399529993534088e+01 -4.438881948590278625e+01 6.781534275505691767e+00
7.176179315149784088e+01 -4.289760854840278625e+01 6.698328098747879267e+00
7.150849725306034088e+01 -4.437722280621528625e+01 7.024499973747879267e+00
7.322944451868534088e+01 -4.462563589215278625e+01 7.199823460076004267e+00
7.270380975306034088e+01 -4.433547475934028625e+01 7.539117893669754267e+00
7.246845819056034088e+01 -4.670278432965278625e+01 7.868753513786941767e+00
7.260029412806034088e+01 -4.512209585309028625e+01 7.904306492302566767e+00
7.210163690149784088e+01 -4.566750600934028625e+01 8.229501804802566767e+00
7.230500604212284088e+01 -4.582973745465278625e+01 8.643304905388504267e+00
1.935725213587284088e+01 -1.205855825543403625e+01 1.588769993279129267e+00
1.927668572962284088e+01 -1.179775503277778625e+01 1.590433201286941767e+00
1.919734002649784088e+01 -1.154116323590278625e+01 1.592065891716629267e+00
1.911982537806034088e+01 -1.129018667340278625e+01 1.593668064568191767e+00
1.904365350306034088e+01 -1.104390981793403625e+01 1.595239719841629267e+00
1.952595330774784088e+01 -1.282589223980903625e+01 1.679925999138504267e+00
1.947700311243534088e+01 -1.257430532574653625e+01 1.683084568474441767e+00
1.940852166712284088e+01 -1.231356313824653625e+01 1.685373386833816767e+00
1.935297967493534088e+01 -1.206411245465278625e+01 1.687906345818191767e+00
1.928327752649784088e+01 -1.181002309918403625e+01 1.689355930779129267e+00
1.921455194056034088e+01 -1.155959585309028625e+01 1.690774998161941767e+00
1.914668084681034088e+01 -1.131411245465278625e+01 1.691614231560379267e+00
1.908064080774784088e+01 -1.107332876324653625e+01 1.692987522576004267e+00
1.951167108118534088e+01 -1.282509878277778625e+01 1.780939182732254267e+00
1.945271112024784088e+01 -1.256692007184028625e+01 1.782571873161941767e+00
1.938838006556034088e+01 -1.230886343121528625e+01 1.783716282341629267e+00
1.930866815149784088e+01 -1.204403188824653625e+01 1.783655247185379267e+00
1.923115350306034088e+01 -1.178542593121528625e+01 1.783624729607254267e+00
1.916242791712284088e+01 -1.153548696637153625e+01 1.784158787224441767e+00
1.909516717493534088e+01 -1.129079702496528625e+01 1.784677586052566767e+00
1.902900506556034088e+01 -1.105037954449653625e+01 1.785196384880691767e+00
7.150568963587284088e+01 -4.293410757184028625e+01 6.019678196404129267e+00
7.519856072962284088e+01 -4.432998159527778625e+01 6.331598362419754267e+00
7.137373162806034088e+01 -4.368374136090278625e+01 6.371454319451004267e+00
7.135224725306034088e+01 -4.287197378277778625e+01 6.387140354607254267e+00
7.356855584681034088e+01 -4.339528921246528625e+01 6.592004856560379267e+00
7.104585076868534088e+01 -4.431948354840278625e+01 6.706415256951004267e+00
7.172150994837284088e+01 -4.392885854840278625e+01 6.782602390740066767e+00
7.200373651087284088e+01 -4.329604604840278625e+01 6.823556980583816767e+00
7.260957147181034088e+01 -4.450734975934028625e+01 7.249216160271316767e+00
7.175080682337284088e+01 -4.651345327496528625e+01 7.905923923943191767e+00
7.191340447962284088e+01 -4.581630972027778625e+01 8.323770603630691767e+00
7.239216424524784088e+01 -4.529275014996528625e+01 8.384927830193191767e+00
1.911677362024784088e+01 -1.135055044293403625e+01 1.789941868279129267e+00
1.905000115931034088e+01 -1.110659292340278625e+01 1.790765842888504267e+00
1.898432733118534088e+01 -1.086684682965278625e+01 1.791589817497879267e+00
7.095088006556034088e+01 -4.291701772809028625e+01 6.007928928826004267e+00
7.220136834681034088e+01 -4.287343862652778625e+01 6.128229221794754267e+00
7.497065545618534088e+01 -4.370034292340278625e+01 6.370691379997879267e+00
7.229475213587284088e+01 -4.540859487652778625e+01 6.462595066521316767e+00
7.114008904993534088e+01 -4.386843374371528625e+01 6.384195408318191767e+00
7.136726190149784088e+01 -4.320241811871528625e+01 6.422418674919754267e+00
7.213545037806034088e+01 -4.286562612652778625e+01 6.506570896599441767e+00
7.206879998743534088e+01 -4.529885366559028625e+01 6.831018528435379267e+00
7.171772576868534088e+01 -4.425942495465278625e+01 6.816705784294754267e+00
7.211567498743534088e+01 -4.369033315777778625e+01 6.869760593865066767e+00
7.162214471399784088e+01 -4.423232534527778625e+01 7.191583713982254267e+00
7.295820428431034088e+01 -4.423647573590278625e+01 7.334604343865066767e+00
7.165839959681034088e+01 -4.676943472027778625e+01 7.540979465935379267e+00
7.199018670618534088e+01 -4.531557729840278625e+01 7.601389011833816767e+00
7.200861932337284088e+01 -4.536049917340278625e+01 7.991632542107254267e+00
7.241560174524784088e+01 -4.479140737652778625e+01 8.046274265740066767e+00
7.214411737024784088e+01 -4.547988393902778625e+01 8.397668919060379267e+00
1.925495721399784088e+01 -1.166530874371528625e+01 1.704279026482254267e+00
1.918195916712284088e+01 -1.141054800152778625e+01 1.705392918083816767e+00
1.910493279993534088e+01 -1.115645864605903625e+01 1.706140598747879267e+00
1.902949334681034088e+01 -1.090780141949653625e+01 1.706873020622879267e+00
1.895551873743534088e+01 -1.066372182965278625e+01 1.707590183708816767e+00
1.942011834681034088e+01 -1.242708852887153625e+01 1.798441013786941767e+00
1.935090447962284088e+01 -1.216347768902778625e+01 1.799234470818191767e+00
1.927888299524784088e+01 -1.190200307965278625e+01 1.799738010857254267e+00
1.920808221399784088e+01 -1.164437368512153625e+01 1.800226292107254267e+00
1.913862420618534088e+01 -1.139217641949653625e+01 1.800699314568191767e+00
1.907026483118534088e+01 -1.114358022809028625e+01 1.801172337029129267e+00
1.900324822962284088e+01 -1.090011098980903625e+01 1.801630100701004267e+00
1.893745233118534088e+01 -1.066085317730903625e+01 1.802072605583816767e+00
7.240022088587284088e+01 -4.404091909527778625e+01 6.177499851677566767e+00
7.110078240931034088e+01 -4.244460561871528625e+01 6.092828831169754267e+00
7.524665643274784088e+01 -4.410232046246528625e+01 6.447580418083816767e+00
7.195722772181034088e+01 -4.461684682965278625e+01 6.507883152458816767e+00
7.317475701868534088e+01 -4.454775503277778625e+01 6.630380711052566767e+00
7.178242303431034088e+01 -4.288564565777778625e+01 6.528970798943191767e+00
7.135871697962284088e+01 -4.427492788434028625e+01 6.839883884880691767e+00
7.148628045618534088e+01 -4.438686636090278625e+01 7.237772068474441767e+00
7.274506951868534088e+01 -4.434853628277778625e+01 7.373468479607254267e+00
7.194343377649784088e+01 -4.636806753277778625e+01 7.644083103630691767e+00
7.255427362024784088e+01 -4.592348745465278625e+01 7.718668064568191767e+00
7.186311151087284088e+01 -4.634963491559028625e+01 8.029092869255691767e+00
7.202265740931034088e+01 -4.561757925152778625e+01 8.056650242302566767e+00
7.244868279993534088e+01 -4.505446889996528625e+01 8.112787327263504267e+00
7.177815057337284088e+01 -4.632790639996528625e+01 8.411005100701004267e+00
7.282160760462284088e+01 -4.299770620465278625e+01 6.320871433708816767e+00
7.205659295618534088e+01 -4.585293081402778625e+01 6.559274754021316767e+00
7.246906854212284088e+01 -4.528225210309028625e+01 6.615549168083816767e+00
7.320356561243534088e+01 -4.490676382184028625e+01 6.699823460076004267e+00
7.157111932337284088e+01 -4.308852651715278625e+01 6.578394016716629267e+00
7.237885858118534088e+01 -4.276674917340278625e+01 6.668817600701004267e+00
7.166584588587284088e+01 -4.481020620465278625e+01 6.932718357536941767e+00
7.164777947962284088e+01 -4.397793081402778625e+01 6.949472507927566767e+00
7.194013787806034088e+01 -4.334560659527778625e+01 6.994653782341629267e+00
7.273774529993534088e+01 -4.301345327496528625e+01 7.086664280388504267e+00
7.192963983118534088e+01 -4.584133413434028625e+01 7.330789646599441767e+00
7.250654412806034088e+01 -4.454360464215278625e+01 7.420236668083816767e+00
7.300568963587284088e+01 -4.402688100934028625e+01 7.485483250115066767e+00
7.175507928431034088e+01 -4.660171011090278625e+01 7.690988621208816767e+00
7.182441522181034088e+01 -4.580861929059028625e+01 7.710764011833816767e+00
7.249226190149784088e+01 -4.540066030621528625e+01 7.794077000115066767e+00
7.201692010462284088e+01 -4.596767690777778625e+01 8.124292454216629267e+00
1.883747674524784088e+01 -1.026296499371528625e+01 1.672403416130691767e+00
1.932282830774784088e+01 -1.202956655621528625e+01 1.760706028435379267e+00
1.924116326868534088e+01 -1.175960806012153625e+01 1.761255344841629267e+00
1.916096307337284088e+01 -1.149465444684028625e+01 1.761804661247879267e+00
1.908210565149784088e+01 -1.123366811871528625e+01 1.762353977654129267e+00
1.900483514368534088e+01 -1.097835806012153625e+01 1.762888035271316767e+00
1.892878533899784088e+01 -1.072683218121528625e+01 1.763406834099441767e+00
1.885432244837284088e+01 -1.048067739605903625e+01 1.763910374138504267e+00
1.878474237024784088e+01 -1.024087026715278625e+01 1.764688572380691767e+00
7.097590447962284088e+01 -4.293642690777778625e+01 5.958383640740066767e+00
7.092622186243534088e+01 -4.210915639996528625e+01 5.976312717888504267e+00
7.539533807337284088e+01 -4.394607046246528625e+01 6.353540501091629267e+00
7.123579217493534088e+01 -4.393947866559028625e+01 6.339838108513504267e+00
7.135676385462284088e+01 -4.320156362652778625e+01 6.370386204216629267e+00
7.187275506556034088e+01 -4.436953237652778625e+01 6.780420383904129267e+00
7.214570428431034088e+01 -4.371670034527778625e+01 6.823511204216629267e+00
7.171772576868534088e+01 -4.264797475934028625e+01 6.803415379021316767e+00
7.190534783899784088e+01 -4.442348745465278625e+01 7.173029026482254267e+00
7.241267205774784088e+01 -4.644741323590278625e+01 7.584085545036941767e+00
7.199751092493534088e+01 -4.534218862652778625e+01 7.555460056755691767e+00
7.202485467493534088e+01 -4.539394643902778625e+01 7.951303562615066767e+00
7.239924432337284088e+01 -4.479909780621528625e+01 8.003824314568191767e+00
7.183198358118534088e+01 -4.614101675152778625e+01 8.312387546990066767e+00
7.215168572962284088e+01 -4.550893667340278625e+01 8.356821140740066767e+00
7.255952264368534088e+01 -4.493313100934028625e+01 8.413156589958816767e+00
6.944575311243534088e+01 -3.905666616559028625e+01 4.666025242302566767e+00
7.031355096399784088e+01 -3.878798940777778625e+01 4.747598728630691767e+00
1.925581170618534088e+01 -1.179964712262153625e+01 1.612115940544754267e+00
1.917219354212284088e+01 -1.152981069684028625e+01 1.614069065544754267e+00
1.909004022181034088e+01 -1.126497915387153625e+01 1.615991672966629267e+00
1.900922967493534088e+01 -1.100417593121528625e+01 1.617868504021316767e+00
1.893037225306034088e+01 -1.074917104840278625e+01 1.619730076286941767e+00
1.886421014368534088e+01 -1.050466421246528625e+01 1.622354588005691767e+00
1.879951287806034088e+01 -1.026504018902778625e+01 1.624902805779129267e+00
1.873579217493534088e+01 -1.002938345074653625e+01 1.627420505974441767e+00
1.930012322962284088e+01 -1.183700063824653625e+01 1.717554172966629267e+00
1.921809197962284088e+01 -1.156746938824653625e+01 1.718698582146316767e+00
1.913764764368534088e+01 -1.130294302105903625e+01 1.719797214958816767e+00
1.905830194056034088e+01 -1.104238393902778625e+01 1.720895847771316767e+00
1.898078729212284088e+01 -1.078737905621528625e+01 1.721963963005691767e+00
1.890437127649784088e+01 -1.053615835309028625e+01 1.723016819451004267e+00
1.882954217493534088e+01 -1.029018667340278625e+01 1.724039158318191767e+00
1.875605584681034088e+01 -1.004860952496528625e+01 1.725061497185379267e+00
1.927827264368534088e+01 -1.183223989605903625e+01 1.819131931755691767e+00
1.920625115931034088e+01 -1.156905630230903625e+01 1.820047459099441767e+00
1.913545037806034088e+01 -1.131045034527778625e+01 1.820962986443191767e+00
1.906574822962284088e+01 -1.105544546246528625e+01 1.821863254997879267e+00
1.899738885462284088e+01 -1.080562856793403625e+01 1.822733005974441767e+00
1.893000604212284088e+01 -1.055929067730903625e+01 1.823602756951004267e+00
1.886396600306034088e+01 -1.031789663434028625e+01 1.824457249138504267e+00
1.879902459681034088e+01 -1.008053091168403625e+01 1.825281223747879267e+00
7.150935174524784088e+01 -4.354690054059028625e+01 6.215952000115066767e+00
7.111604119837284088e+01 -4.249819448590278625e+01 6.205530247185379267e+00
7.301960565149784088e+01 -4.283022573590278625e+01 6.384302219841629267e+00
7.145295526087284088e+01 -4.436220815777778625e+01 6.577371677849441767e+00
7.181550408899784088e+01 -4.376882436871528625e+01 6.627176365349441767e+00
7.186408807337284088e+01 -4.298293569684028625e+01 6.651575169060379267e+00
7.115217401087284088e+01 -4.420742300152778625e+01 6.935983738396316767e+00
7.322895623743534088e+01 -4.467373159527778625e+01 7.146997532341629267e+00
7.270844842493534088e+01 -4.438711050152778625e+01 7.490411838982254267e+00
7.214082147181034088e+01 -4.573147085309028625e+01 7.796503147576004267e+00
7.258918572962284088e+01 -4.517898061871528625e+01 7.857629856560379267e+00
7.209834100306034088e+01 -4.573952749371528625e+01 8.187326511833816767e+00
7.233820916712284088e+01 -4.592837026715278625e+01 8.608255466911941767e+00
1.858186151087284088e+01 -9.589625149965286255e+00 1.603571018669754267e+00
1.917585565149784088e+01 -1.140084341168403625e+01 1.698099216911941767e+00
1.910420037806034088e+01 -1.113967397809028625e+01 1.699640354607254267e+00
1.902534295618534088e+01 -1.087789419293403625e+01 1.700571140740066767e+00
1.894697381556034088e+01 -1.061941030621528625e+01 1.701425632927566767e+00
1.887019158899784088e+01 -1.036648061871528625e+01 1.702264866326004267e+00
1.879450799524784088e+01 -1.011709097027778625e+01 1.703088840935379267e+00
1.872028924524784088e+01 -9.872889310121536255e+00 1.703897556755691767e+00
1.863789178431034088e+01 -9.627650052309036255e+00 1.704004368279129267e+00
1.913374139368534088e+01 -1.138344839215278625e+01 1.798441013786941767e+00
1.906208612024784088e+01 -1.112258413434028625e+01 1.799097141716629267e+00
1.899165154993534088e+01 -1.086611440777778625e+01 1.799722752068191767e+00
1.892219354212284088e+01 -1.061318472027778625e+01 1.800348362419754267e+00
1.885420037806034088e+01 -1.036532095074653625e+01 1.800958713982254267e+00
1.878706170618534088e+01 -1.012081411480903625e+01 1.801553806755691767e+00
1.872126580774784088e+01 -9.881129056215286255e+00 1.802148899529129267e+00
1.864704705774784088e+01 -9.640223294496536255e+00 1.801996311638504267e+00
7.087690545618534088e+01 -4.284353139996528625e+01 6.108041843865066767e+00
7.096101190149784088e+01 -4.209170034527778625e+01 6.135492405388504267e+00
7.511909295618534088e+01 -4.374428823590278625e+01 6.495996555779129267e+00
7.205024529993534088e+01 -4.441860464215278625e+01 6.574533543083816767e+00
7.208454705774784088e+01 -4.279873159527778625e+01 6.613748630974441767e+00
7.232722283899784088e+01 -4.462478139996528625e+01 6.990640720818191767e+00
7.286005975306034088e+01 -4.412356069684028625e+01 7.057092747185379267e+00
7.197810174524784088e+01 -4.444033315777778625e+01 7.351343235466629267e+00
7.276350213587284088e+01 -4.409743764996528625e+01 7.441232761833816767e+00
7.269062615931034088e+01 -4.491909292340278625e+01 7.815561375115066767e+00
7.247016717493534088e+01 -4.481496694684028625e+01 8.189142307732254267e+00
1.905573846399784088e+01 -9.144129544496536255e+00 2.383279880974441767e+00
1.860090447962284088e+01 -9.118311673402786255e+00 2.431238254997879267e+00
1.903840447962284088e+01 -9.143152981996536255e+00 2.483789524529129267e+00
1.858405877649784088e+01 -9.117335110902786255e+00 2.529886326286941767e+00
1.902119256556034088e+01 -9.142176419496536255e+00 2.583688816521316767e+00
1.856709100306034088e+01 -9.116419583559036255e+00 2.628458103630691767e+00
1.900373651087284088e+01 -9.141199856996536255e+00 2.684045872185379267e+00
1.855036737024784088e+01 -9.115443021059036255e+00 2.726419529411941767e+00
1.898640252649784088e+01 -9.140223294496536255e+00 2.784311375115066767e+00
1.868781854212284088e+01 -9.725367337465286255e+00 1.673288425896316767e+00
1.859382440149784088e+01 -9.462549954652786255e+00 1.673456272576004267e+00
1.850214959681034088e+01 -9.205591946840286255e+00 1.673624119255691767e+00
1.840437127649784088e+01 -8.948572903871536255e+00 1.673257908318191767e+00
1.830879022181034088e+01 -8.697291165590286255e+00 1.672906956169754267e+00
1.821504022181034088e+01 -8.450648099184036255e+00 1.672556004021316767e+00
1.878278924524784088e+01 -1.021608999371528625e+01 1.770288547966629267e+00
1.871333123743534088e+01 -9.960902005434036255e+00 1.771555027458816767e+00
1.864509393274784088e+01 -9.709803372621536255e+00 1.772806248161941767e+00
1.854804803431034088e+01 -9.445582181215286255e+00 1.771753391716629267e+00
1.845661737024784088e+01 -9.189173489809036255e+00 1.771005711052566767e+00
1.836665154993534088e+01 -8.936487942934036255e+00 1.770258030388504267e+00
1.827851678431034088e+01 -8.689295560121536255e+00 1.769540867302566767e+00
1.819196893274784088e+01 -8.446497708559036255e+00 1.768823704216629267e+00
1.865498162806034088e+01 -9.121485501527786255e+00 2.196970066521316767e+00
1.909699822962284088e+01 -9.146570950746536255e+00 2.245081028435379267e+00
1.863789178431034088e+01 -9.120508939027786255e+00 2.296930393669754267e+00
1.907942010462284088e+01 -9.145533353090286255e+00 2.346841892693191767e+00
1.836042596399784088e+01 -8.570582181215286255e+00 2.275964817497879267e+00
1.862104608118534088e+01 -9.119532376527786255e+00 2.396280369255691767e+00
1.906196404993534088e+01 -9.144556790590286255e+00 2.447977146599441767e+00
1.835749627649784088e+01 -8.576746731996536255e+00 2.375024876091629267e+00
1.860395623743534088e+01 -9.118555814027786255e+00 2.496072849724441767e+00
1.904438592493534088e+01 -9.143580228090286255e+00 2.549585422966629267e+00
1.835444451868534088e+01 -8.582911282777786255e+00 2.473627171013504267e+00
1.858698846399784088e+01 -9.117579251527786255e+00 2.595789036247879267e+00
1.902692987024784088e+01 -9.142542630434036255e+00 2.651102146599441767e+00
1.835151483118534088e+01 -8.589136868715286255e+00 2.572809299919754267e+00
1.857002069056034088e+01 -9.116663724184036255e+00 2.694894871208816767e+00
1.900947381556034088e+01 -9.141566067934036255e+00 2.751993259880691767e+00
1.834846307337284088e+01 -8.595362454652786255e+00 2.672052463982254267e+00
1.859699822962284088e+01 -9.118250638246536255e+00 2.492197117302566767e+00
1.904145623743534088e+01 -9.143519192934036255e+00 2.546197971794754267e+00
1.835554315149784088e+01 -8.580591946840286255e+00 2.471170505974441767e+00
1.843354608118534088e+01 -8.418665677309036255e+00 2.483255466911941767e+00
1.857978631556034088e+01 -9.117274075746536255e+00 2.592416843865066767e+00
1.902363397181034088e+01 -9.142481595277786255e+00 2.648782810661941767e+00
1.835249139368534088e+01 -8.586939603090286255e+00 2.571451267693191767e+00
1.843049432337284088e+01 -8.424891263246536255e+00 2.583520969841629267e+00
1.856257440149784088e+01 -9.116297513246536255e+00 2.693094334099441767e+00
1.900605584681034088e+01 -9.141443997621536255e+00 2.750726780388504267e+00
1.834956170618534088e+01 -8.593226224184036255e+00 2.671259006951004267e+00
1.842744256556034088e+01 -8.431177884340286255e+00 2.683832249138504267e+00
1.851350213587284088e+01 -8.252344876527786255e+00 2.504190525505691767e+00
1.856953240931034088e+01 -9.116785794496536255e+00 2.600229343865066767e+00
1.901460076868534088e+01 -9.142054349184036255e+00 2.656396946404129267e+00
1.835285760462284088e+01 -8.586329251527786255e+00 2.580835422966629267e+00
1.843159295618534088e+01 -8.422449856996536255e+00 2.593195042107254267e+00
1.851045037806034088e+01 -8.258692532777786255e+00 2.605554661247879267e+00
1.855207635462284088e+01 -9.115809231996536255e+00 2.701944431755691767e+00
1.899653436243534088e+01 -9.141016751527786255e+00 2.759943088982254267e+00
1.834968377649784088e+01 -8.592798978090286255e+00 2.681772312615066767e+00
1.842854119837284088e+01 -8.428858548402786255e+00 2.694116672966629267e+00
1.850739862024784088e+01 -8.265101224184036255e+00 2.706979832146316767e+00
1.853144647181034088e+01 -8.215052396059036255e+00 2.240045628044754267e+00
1.903791619837284088e+01 -9.143702298402786255e+00 2.384576878044754267e+00
1.836286737024784088e+01 -8.565333157777786255e+00 2.317957004997879267e+00
1.844538690149784088e+01 -8.393946439027786255e+00 2.331674656365066767e+00
1.852802850306034088e+01 -8.222010403871536255e+00 2.345438084099441767e+00
1.901862908899784088e+01 -9.142603665590286255e+00 2.492242893669754267e+00
1.835944940149784088e+01 -8.572474271059036255e+00 2.423975071404129267e+00
1.844196893274784088e+01 -8.401026517152786255e+00 2.437692722771316767e+00
1.852473260462284088e+01 -8.229029446840286255e+00 2.451456150505691767e+00
1.899921990931034088e+01 -9.141505032777786255e+00 2.600397190544754267e+00
1.835603143274784088e+01 -8.579554349184036255e+00 2.530069431755691767e+00
1.843855096399784088e+01 -8.408045560121536255e+00 2.543771824333816767e+00
1.852131463587284088e+01 -8.235987454652786255e+00 2.556970676872879267e+00
1.897981072962284088e+01 -9.140406399965286255e+00 2.708459934685379267e+00
1.835273553431034088e+01 -8.586634427309036255e+00 2.635644993279129267e+00
1.843513299524784088e+01 -8.415064603090286255e+00 2.649362644646316767e+00
1.851801873743534088e+01 -8.242945462465286255e+00 2.663110813591629267e+00
7.153760924935340881e+00 7.512608736753463745e+00 1.500253757927566767e+00
7.266920104622840881e+00 7.696873873472213745e+00 1.522821506951004267e+00
7.494215026497840881e+00 7.879185885190963745e+00 1.557733616326004267e+00
1.060432244837284088e+01 6.681981295347213745e+00 1.952264866326004267e+00
1.336030389368534088e+01 6.720250338315963745e+00 2.268030247185379267e+00
1.098579217493534088e+01 7.097264498472213745e+00 2.018579563591629267e+00
7.136793151497840881e+00 7.507115572690963745e+00 1.603143772576004267e+00
7.702222838997840881e+00 7.672948092222213745e+00 1.676645359490066767e+00
7.702344909310340881e+00 7.866185396909713745e+00 1.687875828240066767e+00
6.140211120247840881e+00 8.220738619565963745e+00 1.195627293083816767e+00
1.060285760462284088e+01 6.557530611753463745e+00 1.662485203240066767e+00
8.773878112435340881e+00 6.913304537534713745e+00 1.494516453240066767e+00
1.454755975306034088e+01 6.747716158628463745e+00 2.079614719841629267e+00
8.667432799935340881e+00 7.333897799253463745e+00 1.507654270622879267e+00
7.263502135872840881e+00 7.606847018003463745e+00 1.378686985466629267e+00
7.425245299935340881e+00 7.795140475034713745e+00 1.406122288201004267e+00
7.519117370247840881e+00 7.987340182065963745e+00 1.426813206169754267e+00
9.116407409310340881e+00 8.146764010190963745e+00 1.600442966911941767e+00
1.270637322962284088e+01 6.378026217222213745e+00 2.002954563591629267e+00
1.059101678431034088e+01 6.995335787534713745e+00 1.810480198357254267e+00
8.619215026497840881e+00 7.329503268003463745e+00 1.616708836052566767e+00
7.202955260872840881e+00 7.603123873472213745e+00 1.479913792107254267e+00
7.714551940560340881e+00 7.776951998472213745e+00 1.545480808708816767e+00
7.782056823372840881e+00 7.972447603940963745e+00 1.563898167107254267e+00
7.675733581185340881e+00 8.172948092222213745e+00 1.563898167107254267e+00
1.081953240931034088e+01 6.748448580503463745e+00 1.945642551872879267e+00
1.305097772181034088e+01 6.827367037534713745e+00 2.200677952263504267e+00
7.092847838997840881e+00 7.408971041440963745e+00 1.564813694451004267e+00
7.184644713997840881e+00 7.597386568784713745e+00 1.585825046990066767e+00
7.678663268685340881e+00 7.771702975034713745e+00 1.651208958122879267e+00
7.851514831185340881e+00 7.963597506284713745e+00 1.681528171990066767e+00
8.355176940560340881e+00 8.150487154722213745e+00 1.749292454216629267e+00
7.045972838997840881e+00 8.346226900815963745e+00 1.710184177849441767e+00
8.229566588997840881e+00 8.530980318784713745e+00 1.856790623161941767e+00
1.537641717493534088e+01 8.672948092222213745e+00 2.680124363396316767e+00
7.112745299935340881e+00 7.508275240659713745e+00 1.784219822380691767e+00
7.332593932747840881e+00 7.703953951597213745e+00 1.821374973747879267e+00
7.446851745247840881e+00 7.907872408628463745e+00 1.847131809685379267e+00
7.727735534310340881e+00 8.108311861753463745e+00 1.892435154411941767e+00
8.099439635872840881e+00 8.310216158628463745e+00 1.948618015740066767e+00
7.627393737435340881e+00 8.746007174253463745e+00 1.918649754021316767e+00
1.551875115931034088e+01 8.938756197690963745e+00 2.867349705193191767e+00
9.071973815560340881e+00 8.099095553159713745e+00 1.686334690544754267e+00
8.594923034310340881e+00 8.341466158628463745e+00 1.651056370232254267e+00
1.520075799524784088e+01 8.712010592222213745e+00 2.365182957146316767e+00
8.511182799935340881e+00 9.237340182065963745e+00 1.697229465935379267e+00
7.660596862435340881e+00 7.710606783628463745e+00 1.636194309685379267e+00
7.733961120247840881e+00 7.923741549253463745e+00 1.657098850701004267e+00
7.754346862435340881e+00 8.139989107847213745e+00 1.672418674919754267e+00
1.543610955774784088e+01 8.417638033628463745e+00 2.529352268669754267e+00
8.386060729622840881e+00 8.785008639097213745e+00 1.780511936638504267e+00
7.201368346810340881e+00 9.223973482847213745e+00 1.677499851677566767e+00
7.458936706185340881e+00 7.713719576597213745e+00 1.734628757927566767e+00
8.830518737435340881e+00 7.865758150815963745e+00 1.900201878044754267e+00
7.767774596810340881e+00 8.131810396909713745e+00 1.795099338982254267e+00
7.057447448372840881e+00 8.370579928159713745e+00 1.727884373161941767e+00
7.210035338997840881e+00 8.578709810972213745e+00 1.757852634880691767e+00
1.537507440149784088e+01 8.690709322690963745e+00 2.696344456169754267e+00
1.511323358118534088e+01 8.972264498472213745e+00 2.683511814568191767e+00
7.346876159310340881e+00 7.712071627378463745e+00 1.841608128044754267e+00
7.430616393685340881e+00 7.922215670347213745e+00 1.863580784294754267e+00
8.826978698372840881e+00 8.084141939878463745e+00 2.039072117302566767e+00
8.078199401497840881e+00 8.333165377378463745e+00 1.965219578240066767e+00
1.479951287806034088e+01 8.688389986753463745e+00 2.784341892693191767e+00
8.304761901497840881e+00 8.992467135190963745e+00 2.031885227654129267e+00
1.491035272181034088e+01 9.240330904722213745e+00 2.831613621208816767e+00
1.057966424524784088e+01 8.576817721128463745e+00 1.712183079216629267e+00
1.611103631556034088e+01 8.751439303159713745e+00 2.270471653435379267e+00
1.082465936243534088e+01 9.314610689878463745e+00 1.781946262810379267e+00
1.483686639368534088e+01 9.610875338315963745e+00 2.197351536247879267e+00
7.580518737435340881e+00 7.969884127378463745e+00 1.501352390740066767e+00
7.866773620247840881e+00 8.179600924253463745e+00 1.543283543083816767e+00
8.638257995247840881e+00 8.379613131284713745e+00 1.635553440544754267e+00
1.531330682337284088e+01 8.466893404722213745e+00 2.332590183708816767e+00
1.636115838587284088e+01 8.738072603940963745e+00 2.457880100701004267e+00
1.007209588587284088e+01 9.062352389097213745e+00 1.826212009880691767e+00
6.925123229622840881e+00 9.292210787534713745e+00 1.514291843865066767e+00
1.643671990931034088e+01 9.620457857847213745e+00 2.520959934685379267e+00
7.608350768685340881e+00 7.960606783628463745e+00 1.626703342888504267e+00
7.846998229622840881e+00 8.172398775815963745e+00 1.665582737419754267e+00
8.111524596810340881e+00 8.387303560972213745e+00 1.707468113396316767e+00
1.074519158899784088e+01 8.802891939878463745e+00 2.018228611443191767e+00
1.524616815149784088e+01 9.028111666440963745e+00 2.519464573357254267e+00
6.998243346810340881e+00 9.285069674253463745e+00 1.642206272576004267e+00
1.001557733118534088e+01 9.535802096128463745e+00 1.984354099724441767e+00
7.709669128060340881e+00 7.947850435972213745e+00 1.761133274529129267e+00
7.784864440560340881e+00 8.166783541440963745e+00 1.783090671990066767e+00
7.092847838997840881e+00 8.410252779722213745e+00 1.719904026482254267e+00
7.249952331185340881e+00 8.624181002378463745e+00 1.750162205193191767e+00
1.534077264368534088e+01 8.731602877378463745e+00 2.670419773552566767e+00
7.689161315560340881e+00 9.058324068784713745e+00 1.827142796013504267e+00
7.066114440560340881e+00 9.277928560972213745e+00 1.770273289177566767e+00
4.254835143685340881e+00 9.462254732847213745e+00 1.464090427849441767e+00
7.523633971810340881e+00 7.948643893003463745e+00 1.863626560661941767e+00
7.744337096810340881e+00 8.160435885190963745e+00 1.901941379997879267e+00
7.929151549935340881e+00 8.376927584409713745e+00 1.936975559685379267e+00
7.230665221810340881e+00 8.616917818784713745e+00 1.869592747185379267e+00
1.385737420618534088e+01 8.742345064878463745e+00 2.656564793083816767e+00
7.906446471810340881e+00 9.049473971128463745e+00 1.975656589958816767e+00
9.883863463997840881e+00 9.278294771909713745e+00 2.222253879997879267e+00
4.239698424935340881e+00 9.455540865659713745e+00 1.570016941521316767e+00
3.775342956185340881e+00 9.721287935972213745e+00 1.547006687615066767e+00
7.767408385872840881e+00 8.930699557065963745e+00 2.080057224724441767e+00
1.464814569056034088e+01 9.401951998472213745e+00 2.940515598747879267e+00
4.569776549935340881e+00 9.601292818784713745e+00 1.737115940544754267e+00
3.770826354622840881e+00 9.793370455503463745e+00 1.652994236443191767e+00
3.758253112435340881e+00 9.992467135190963745e+00 1.664819797966629267e+00
4.271314635872840881e+00 9.469151705503463745e+00 1.472375950310379267e+00
3.778272643685340881e+00 9.673741549253463745e+00 1.430536350701004267e+00
3.765455260872840881e+00 9.879063814878463745e+00 1.442087254021316767e+00
3.752637878060340881e+00 1.008347055315971375e+01 1.453607639763504267e+00
6.745801940560340881e+00 1.038901254534721375e+01 1.805505833122879267e+00
7.627637878060340881e+00 8.750645846128463745e+00 1.932611546013504267e+00
8.308912292122840881e+00 8.976109713315963745e+00 2.025766453240066767e+00
1.534248162806034088e+01 9.160069674253463745e+00 2.851800999138504267e+00
4.254957213997840881e+00 9.461888521909713745e+00 1.586511692497879267e+00
3.778638854622840881e+00 9.666722506284713745e+00 1.544336399529129267e+00
3.765821471810340881e+00 9.872105807065963745e+00 1.556467136833816767e+00
3.753004088997840881e+00 1.007657358050346375e+01 1.567926487419754267e+00
6.750562682747840881e+00 1.038150522112846375e+01 1.934290012810379267e+00
1.125459100306034088e+01 8.650426119565963745e+00 2.495996555779129267e+00
7.938428893685340881e+00 8.973790377378463745e+00 2.116312107536941767e+00
1.500153924524784088e+01 9.152440279722213745e+00 2.978265842888504267e+00
4.238599792122840881e+00 9.454625338315963745e+00 1.701181492302566767e+00
3.779127135872840881e+00 9.659703463315963745e+00 1.658838352654129267e+00
3.766309753060340881e+00 9.865147799253463745e+00 1.670312962029129267e+00
3.753492370247840881e+00 1.006973764300346375e+01 1.681726536247879267e+00
6.755323424935340881e+00 1.037399789690971375e+01 2.063211521599441767e+00
1.369538690149784088e+01 1.042685434222221375e+01 2.396967014763504267e+00
6.717115417122840881e+00 1.048611947894096375e+01 1.664194187615066767e+00
9.176099792122840881e+00 1.082394906878471375e+01 1.945856174919754267e+00
8.475294128060340881e+00 9.038304537534713745e+00 1.897821506951004267e+00
1.329719354212284088e+01 9.246617525815963745e+00 2.442438206169754267e+00
4.379346862435340881e+00 9.537572115659713745e+00 1.478021702263504267e+00
3.773511901497840881e+00 9.748631685972213745e+00 1.424646458122879267e+00
3.760450378060340881e+00 9.958714693784713745e+00 1.436502537224441767e+00
3.747266784310340881e+00 1.016934701800346375e+01 1.448404392693191767e+00
6.715284362435340881e+00 1.047818490862846375e+01 1.795084080193191767e+00
9.194898620247840881e+00 1.081631967425346375e+01 2.089777073357254267e+00
7.870801940560340881e+00 9.039830416440963745e+00 1.968240818474441767e+00
9.904981628060340881e+00 9.266270846128463745e+00 2.216272434685379267e+00
4.409376159310340881e+00 9.530064791440963745e+00 1.601694187615066767e+00
3.774000182747840881e+00 9.741429537534713745e+00 1.541483005974441767e+00
3.760816588997840881e+00 9.951573580503463745e+00 1.553308567497879267e+00
3.747632995247840881e+00 1.016226693987846375e+01 1.565790256951004267e+00
6.714063659310340881e+00 1.047031137347221375e+01 1.926111301872879267e+00
9.216016784310340881e+00 1.080875131487846375e+01 2.235010227654129267e+00
7.407423034310340881e+00 9.039220064878463745e+00 2.049829563591629267e+00
1.551838494837284088e+01 9.206212252378463745e+00 3.029214939568191767e+00
4.392530456185340881e+00 9.522618502378463745e+00 1.719476780388504267e+00
3.774488463997840881e+00 9.734166353940963745e+00 1.659036716911941767e+00
3.761304870247840881e+00 9.944432467222213745e+00 1.670816502068191767e+00
3.748121276497840881e+00 1.015524789690971375e+01 1.682642063591629267e+00
6.718824401497840881e+00 1.046268197894096375e+01 2.057260593865066767e+00
9.237257018685340881e+00 1.080118295550346375e+01 2.380548557732254267e+00
7.915845885872840881e+00 1.059116098284721375e+01 2.220621189568191767e+00
1.529011346399784088e+01 1.114243051409721375e+01 3.135812839958816767e+00
1.519550897181034088e+01 1.145023080706596375e+01 3.145654758904129267e+00
3.750928893685340881e+00 1.011020395159721375e+01 1.574564060661941767e+00
6.740797057747840881e+00 1.040469858050346375e+01 1.933786472771316767e+00
9.209180846810340881e+00 1.073148080706596375e+01 2.236337742302566767e+00
1.656159783899784088e+01 1.130032846331596375e+01 3.112146458122879267e+00
9.872022643685340881e+00 1.157254526019096375e+01 2.367441257927566767e+00
3.779127135872840881e+00 9.660008639097213745e+00 1.672617039177566767e+00
3.765211120247840881e+00 9.881322115659713745e+00 1.684778294060379267e+00
3.751417174935340881e+00 1.010257455706596375e+01 1.697580418083816767e+00
6.746046081185340881e+00 1.039639779925346375e+01 2.071985325310379267e+00
7.843458190560340881e+00 1.067831918597221375e+01 2.220560154411941767e+00
1.527973748743534088e+01 1.123727914690971375e+01 3.139139255974441767e+00
1.513654901087284088e+01 1.154837533831596375e+01 3.142465671990066767e+00
9.872755065560340881e+00 1.156363412737846375e+01 2.519891819451004267e+00
3.760450378060340881e+00 9.957799166440963745e+00 1.615701755974441767e+00
3.746290221810340881e+00 1.018460580706596375e+01 1.628641209099441767e+00
6.716505065560340881e+00 1.048312875628471375e+01 1.989709934685379267e+00
9.236768737435340881e+00 1.081784555315971375e+01 2.300485691521316767e+00
1.664436151087284088e+01 1.139304086565971375e+01 3.189859470818191767e+00
9.824903503060340881e+00 1.167300912737846375e+01 2.423959812615066767e+00
9.761915221810340881e+00 1.194766733050346375e+01 2.434366306755691767e+00
3.760938659310340881e+00 9.949986666440963745e+00 1.742624363396316767e+00
3.746778503060340881e+00 1.017697641253471375e+01 1.754877171013504267e+00
6.714674010872840881e+00 1.047470590472221375e+01 2.129465183708816767e+00
9.259229674935340881e+00 1.080948373675346375e+01 2.455743870232254267e+00
1.638288690149784088e+01 1.137143442034721375e+01 3.344980320427566767e+00
1.528132440149784088e+01 1.165201303362846375e+01 3.231180271599441767e+00
9.799879088997840881e+00 1.166263315081596375e+01 2.575494846794754267e+00
6.800001159310340881e+00 1.053128549456596375e+01 2.161401829216629267e+00
1.543183709681034088e+01 1.106082651019096375e+01 3.228250584099441767e+00
1.540522576868534088e+01 1.139182016253471375e+01 3.246667942497879267e+00
1.530134393274784088e+01 1.171780893206596375e+01 3.255518040154129267e+00
9.873121276497840881e+00 1.174252817034721375e+01 2.607980808708816767e+00
4.049757018685340881e+00 1.164993783831596375e+01 1.905511936638504267e+00
4.054639831185340881e+00 1.188693735003471375e+01 1.922281345818191767e+00
4.777418151497840881e+00 1.226559945940971375e+01 1.785928806755691767e+00
1.677644158899784088e+01 1.078091928362846375e+01 3.205331882927566767e+00
1.699677850306034088e+01 1.113498422503471375e+01 3.254495701286941767e+00
1.505232049524784088e+01 1.207864877581596375e+01 3.093317112419754267e+00
4.046094909310340881e+00 1.171341440081596375e+01 1.803812107536941767e+00
4.027051940560340881e+00 1.195456430315971375e+01 1.817834934685379267e+00
4.790967956185340881e+00 1.225858041644096375e+01 1.926157078240066767e+00
8.814161315560340881e+00 1.059708139300346375e+01 2.434793552849441767e+00
8.981153503060340881e+00 1.088333627581596375e+01 2.473260960076004267e+00
1.545319940149784088e+01 1.141367074847221375e+01 3.283533176872879267e+00
1.519807244837284088e+01 1.207541391253471375e+01 3.297693333122879267e+00
9.311231628060340881e+00 1.203915902972221375e+01 2.590814671013504267e+00
4.036207213997840881e+00 1.194730111956596375e+01 1.953394016716629267e+00
8.516065612435340881e+00 1.254904672503471375e+01 2.530923923943191767e+00
1.551106072962284088e+01 1.142709848284721375e+01 3.326593479607254267e+00
1.469611932337284088e+01 1.207211801409721375e+01 3.274072727654129267e+00
9.308179870247840881e+00 1.207663461565971375e+01 2.628748020622879267e+00
4.078809753060340881e+00 1.200314828753471375e+01 1.996988377068191767e+00
4.782911315560340881e+00 1.230765268206596375e+01 2.102655491326004267e+00
8.373121276497840881e+00 1.287521860003471375e+01 2.573434910271316767e+00
4.761426940560340881e+00 1.234531137347221375e+01 1.981500706169754267e+00
8.579664245247840881e+00 1.293137094378471375e+01 2.462900242302566767e+00
8.826368346810340881e+00 1.324783822894096375e+01 2.514169773552566767e+00
1.554646112024784088e+01 1.140610238909721375e+01 3.349573215935379267e+00
1.469209100306034088e+01 1.206186410784721375e+01 3.294015964958816767e+00
1.140986444056034088e+01 1.221054574847221375e+01 2.912180027458816767e+00
9.080518737435340881e+00 1.236826059222221375e+01 2.645029148552566767e+00
4.773878112435340881e+00 1.233713266253471375e+01 2.127603611443191767e+00
8.404615417122840881e+00 1.290634652972221375e+01 2.603265842888504267e+00
4.017286315560340881e+00 1.198410531878471375e+01 1.812982639763504267e+00
4.772169128060340881e+00 1.230417367815971375e+01 1.920984348747879267e+00
8.527051940560340881e+00 1.287155649065971375e+01 2.383890232536941767e+00
8.596998229622840881e+00 1.318350717425346375e+01 2.416437229607254267e+00
1.190254022181034088e+01 1.413828012347221375e+01 2.858789524529129267e+00
9.833936706185340881e+00 1.170175668597221375e+01 2.617685398552566767e+00
4.030225768685340881e+00 1.197482797503471375e+01 1.962091526482254267e+00
4.785596862435340881e+00 1.229489633440971375e+01 2.074579319451004267e+00
8.326368346810340881e+00 1.284457895159721375e+01 2.528940281365066767e+00
1.092048455774784088e+01 1.337332651019096375e+01 2.871500095818191767e+00
1.121748162806034088e+01 1.405539438128471375e+01 2.959375462029129267e+00
8.503736510872840881e+00 1.400381967425346375e+01 2.617334446404129267e+00
8.521192565560340881e+00 1.293210336565971375e+01 2.499231419060379267e+00
1.299336053431034088e+01 1.398215219378471375e+01 3.091165623161941767e+00
1.192268182337284088e+01 1.422934457659721375e+01 2.989694675896316767e+00
8.192213073372840881e+00 1.403574106097221375e+01 2.283456882927566767e+00
2.813062682747840881e+00 1.375516244769096375e+01 1.691263279411941767e+00
4.051710143685340881e+00 1.188095590472221375e+01 1.829965671990066767e+00
8.367017760872840881e+00 1.275070688128471375e+01 2.376733860466629267e+00
8.848463073372840881e+00 1.311075326800346375e+01 2.459238132927566767e+00
1.128315545618534088e+01 1.399509164690971375e+01 2.800241550896316767e+00
1.188728143274784088e+01 1.440482065081596375e+01 2.900354465935379267e+00
2.823072448372840881e+00 1.374564096331596375e+01 1.845956882927566767e+00
2.862379088997840881e+00 1.392642709612846375e+01 1.666009983513504267e+00
4.029859557747840881e+00 1.200381967425346375e+01 1.794305881951004267e+00
4.762281432747840881e+00 1.234073373675346375e+01 1.900507053826004267e+00
8.608594909310340881e+00 1.291348764300346375e+01 2.365243992302566767e+00
9.160230651497840881e+00 1.328848764300346375e+01 2.455759129021316767e+00
1.187141229212284088e+01 1.422250863909721375e+01 2.826547703240066767e+00
8.113721862435340881e+00 1.418533822894096375e+01 2.415094456169754267e+00
2.901807799935340881e+00 1.392001840472221375e+01 1.827844700310379267e+00
-4.467454895377159119e+00 1.826566049456596375e+01 8.382206768728792667e-01
1.875752069056034088e+01 2.821811410784721375e+01 2.812418064568191767e+00
1.108344842493534088e+01 2.651675912737846375e+01 2.142313084099441767e+00
