9.502135038375854492e+00 -5.287680149078369141e+00 1.409716438502073288e-01
9.562010526657104492e+00 -5.223959445953369141e+00 1.393389534205198288e-01
9.618284940719604492e+00 -5.157675266265869141e+00 1.375536751002073288e-01
9.674864530563354492e+00 -5.091146945953369141e+00 1.357531379908323288e-01
9.731444120407104492e+00 -5.024496555328369141e+00 1.339526008814573288e-01
9.788328886032104492e+00 -4.957357883453369141e+00 1.321368049830198288e-01
9.832945585250854492e+00 -4.883627414703369141e+00 1.306414436548948288e-01
9.867796659469604492e+00 -4.804525852203369141e+00 1.291308235377073288e-01
1.027783083915710449e+01 -5.763510227203369141e+00 1.730151008814573288e-01
1.034014773368835449e+01 -5.692465305328369141e+00 1.711230110377073288e-01
1.040264773368835449e+01 -5.621298313140869141e+00 1.692156624048948288e-01
1.047015261650085449e+01 -5.552206516265869141e+00 1.674914192408323288e-01
1.053314089775085449e+01 -5.480429172515869141e+00 1.655840706080198288e-01
1.059179568290710449e+01 -5.405478000640869141e+00 1.634783577173948288e-01
1.065515017509460449e+01 -5.333334445953369141e+00 1.615557502955198288e-01
1.071868777275085449e+01 -5.260824680328369141e+00 1.596331428736448288e-01
1.120367312431335449e+01 -6.331625461578369141e+00 2.112688850611448288e-01
1.127364993095397949e+01 -6.254599094390869141e+00 2.092547249048948288e-01
1.134387087821960449e+01 -6.177450656890869141e+00 2.072405647486448288e-01
1.141461062431335449e+01 -6.099691867828369141e+00 2.052264045923948288e-01
1.148535037040710449e+01 -6.021933078765869141e+00 2.031969856470823288e-01
1.155660891532897949e+01 -5.943563938140869141e+00 2.011523079127073288e-01
1.162771487236022949e+01 -5.865194797515869141e+00 1.991228889673948288e-01
1.169860720634460449e+01 -5.786215305328369141e+00 1.970782112330198288e-01
1.232067751884460449e+01 -7.016928195953369141e+00 2.574572395533323288e-01
1.240704226493835449e+01 -6.937094211578369141e+00 2.556109260767698288e-01
1.248702883720397949e+01 -6.852987766265869141e+00 2.534746956080198288e-01
1.256695437431335449e+01 -6.767782688140869141e+00 2.513384651392698288e-01
1.264694094657897949e+01 -6.682577610015869141e+00 2.491869758814573288e-01
1.272750735282897949e+01 -6.596640110015869141e+00 2.470202278345823288e-01
1.280813479423522949e+01 -6.510702610015869141e+00 2.448687385767698288e-01
1.288204836845397949e+01 -6.420736789703369141e+00 2.424273323267698288e-01
1.371081423759460449e+01 -7.869833469390869141e+00 3.150286506861448288e-01
1.380230593681335449e+01 -7.777304172515869141e+00 3.127856086939573288e-01
1.389419436454772949e+01 -7.684530735015869141e+00 3.105273079127073288e-01
1.398681521415710449e+01 -7.590902805328369141e+00 3.082537483423948288e-01
1.407952761650085449e+01 -7.497274875640869141e+00 3.059801887720823288e-01
1.417297244071960449e+01 -7.402792453765869141e+00 3.036761116236448288e-01
1.426650881767272949e+01 -7.308310031890869141e+00 3.013872932642698288e-01
1.436044192314147949e+01 -7.213339328765869141e+00 2.990832161158323288e-01
1.546353030204772949e+01 -8.945150852203369141e+00 3.878435920923948288e-01
1.558163332939147949e+01 -8.848837375640869141e+00 3.859057258814573288e-01
1.568957400321960449e+01 -8.745443820953369141e+00 3.835253547877073288e-01
1.579839968681335449e+01 -8.641195774078369141e+00 3.811144661158323288e-01
1.590743899345397949e+01 -8.536703586578369141e+00 3.787188362330198288e-01
1.601788210868835449e+01 -8.431723117828369141e+00 3.762774299830198288e-01
1.612847781181335449e+01 -8.326620578765869141e+00 3.738512825220823288e-01
1.622830080986022949e+01 -8.214804172515869141e+00 3.709673713892698288e-01
1.739196658134460449e+01 -1.012813425064086914e+01 4.812273811548948288e-01
1.791506838798522949e+01 -1.025398874282836914e+01 4.815325569361448288e-01
1.804717898368835449e+01 -1.013863229751586914e+01 4.790453743189573288e-01
1.809051394462585449e+01 -9.969931125640869141e+00 4.759478401392698288e-01
1.831341433525085449e+01 -9.904989719390869141e+00 4.740099739283323288e-01
1.844760012626647949e+01 -9.786825656890869141e+00 4.714617561548948288e-01
1.858163332939147949e+01 -9.668173313140869141e+00 4.689135383814573288e-01
1.871627688407897949e+01 -9.548788547515869141e+00 4.663500618189573288e-01
1.738787722587585449e+01 -1.012386178970336914e+01 5.707812141627073288e-01
1.795193362236022949e+01 -1.027437448501586914e+01 5.739703010767698288e-01
1.854235720634460449e+01 -1.042964792251586914e+01 5.777544807642698288e-01
1.915856814384460449e+01 -1.058785104751586914e+01 5.811266731470823288e-01
1.981011843681335449e+01 -1.075520944595336914e+01 5.846819709986448288e-01
2.050500369071960449e+01 -1.093367624282836914e+01 5.884814094752073288e-01
2.124246096611022949e+01 -1.112300729751586914e+01 5.919298958033323288e-01
2.202923464775085449e+01 -1.132503366470336914e+01 5.962176155298948288e-01
1.738372683525085449e+01 -1.011958932876586914e+01 6.607928108423948288e-01
1.794756960868835449e+01 -1.026997995376586914e+01 6.665758918970823288e-01
1.853787112236022949e+01 -1.042513132095336914e+01 6.725725959986448288e-01
1.915383791923522949e+01 -1.058321237564086914e+01 6.787371467798948288e-01
1.980508303642272949e+01 -1.075032663345336914e+01 6.852679084986448288e-01
2.049960207939147949e+01 -1.092854928970336914e+01 6.922259163111448288e-01
2.123669314384460449e+01 -1.111775827407836914e+01 6.996111702173948288e-01
2.202310061454772949e+01 -1.131954050064086914e+01 7.074999641627073288e-01
1.794537234306335449e+01 -1.046272897720336914e+01 7.634539436548948288e-01
1.938336062431335449e+01 -1.092330026626586914e+01 7.866625618189573288e-01
1.975140261650085449e+01 -1.092793893814086914e+01 7.898363899439573288e-01
1.994366335868835449e+01 -1.082723093032836914e+01 7.889971565455198288e-01
2.049426150321960449e+01 -1.092354440689086914e+01 7.959399055689573288e-01
2.123098635673522949e+01 -1.111250925064086914e+01 8.066668342798948288e-01
2.201696658134460449e+01 -1.131404733657836914e+01 8.181261848658323288e-01
1.796792483329772949e+01 -1.047469186782836914e+01 8.572192024439573288e-01
1.938143801689147949e+01 -1.092024850845336914e+01 8.865313362330198288e-01
1.796615481376647949e+01 -1.047188425064086914e+01 9.499163459986448288e-01
1.937954592704772949e+01 -1.091719675064086914e+01 9.858507942408323288e-01
1.685467410087585449e+01 -9.788168430328369141e+00 9.993090461939573288e-01
1.740005373954772949e+01 -9.933187961578369141e+00 1.014918787404894829e+00
1.797625613212585449e+01 -1.008589792251586914e+01 1.030909998342394829e+00
1.858135867118835449e+01 -1.024373483657836914e+01 1.048106653615832329e+00
1.921664309501647949e+01 -1.040779733657836914e+01 1.066112024709582329e+00
1.989443850517272949e+01 -1.058284616470336914e+01 1.085338098928332329e+00
2.061608767509460449e+01 -1.076973581314086914e+01 1.106364710256457329e+00
2.137121462821960449e+01 -1.096114206314086914e+01 1.127681238576769829e+00
1.698202395439147949e+01 -9.864584445953369141e+00 1.091807825490832329e+00
1.752957034111022949e+01 -1.000948190689086914e+01 1.109965784475207329e+00
1.812237429618835449e+01 -1.017049264907836914e+01 1.129756433889269829e+00
1.870199465751647949e+01 -1.031185007095336914e+01 1.148570520803332329e+00
1.932760500907897949e+01 -1.046895456314086914e+01 1.169032556936144829e+00
1.999404788017272949e+01 -1.063643503189086914e+01 1.190837366506457329e+00
2.070049929618835449e+01 -1.081392526626586914e+01 1.213939173147082329e+00
2.143932986259460449e+01 -1.099556589126586914e+01 1.237987024709582329e+00
1.688049197196960449e+01 -9.800619602203369141e+00 1.174663050100207329e+00
1.744122195243835449e+01 -9.954550266265869141e+00 1.195552332326769829e+00
1.803790163993835449e+01 -1.011885690689086914e+01 1.218303186818957329e+00
1.866207766532897949e+01 -1.028682565689086914e+01 1.241969568654894829e+00
1.932034182548522949e+01 -1.046297311782836914e+01 1.266871912404894829e+00
2.002429080009460449e+01 -1.065132761001586914e+01 1.293513758108019829e+00
2.075976443290710449e+01 -1.084419870376586914e+01 1.321223719045519829e+00
2.151370120048522949e+01 -1.103328561782836914e+01 1.349879724904894829e+00
1.699023318290710449e+01 -9.866293430328369141e+00 1.267711145803332329e+00
1.751574587821960449e+01 -9.997641086578369141e+00 1.289683802053332329e+00
1.798138308525085449e+01 -1.008357858657836914e+01 1.307979090139269829e+00
1.864929080009460449e+01 -1.027754831314086914e+01 1.336925012990832329e+00
1.925674319267272949e+01 -1.042488718032836914e+01 1.362132532522082329e+00
1.990273928642272949e+01 -1.058150339126586914e+01 1.388957483693957329e+00
2.058614993095397949e+01 -1.074727487564086914e+01 1.417323572561144829e+00
2.134658694267272949e+01 -1.094148874282836914e+01 1.449260218068957329e+00
1.693200564384460449e+01 -9.828939914703369141e+00 1.352168543264269829e+00
1.752187991142272949e+01 -9.999594211578369141e+00 1.379985315725207329e+00
1.815640139579772949e+01 -1.018514108657836914e+01 1.410487635061144829e+00
1.795748782157897949e+01 -1.045589303970336914e+01 1.507518274709582329e+00
1.936813235282897949e+01 -1.089888620376586914e+01 1.583217127248644829e+00
1.796261477470397949e+01 -1.045723581314086914e+01 1.601161463186144829e+00
1.936624026298522949e+01 -1.089583444595336914e+01 1.683009607717394829e+00
1.957900881767272949e+01 -1.060213327407836914e+01 1.678691370412707329e+00
2.026849246025085449e+01 -1.077925729751586914e+01 1.717708094045519829e+00
2.099719119071960449e+01 -1.096553659439086914e+01 1.758342249318957329e+00
2.175775027275085449e+01 -1.115535593032836914e+01 1.800548059865832329e+00
1.718725466728210449e+01 -9.980307102203369141e+00 1.634578211233019829e+00
1.774276614189147949e+01 -1.012727975845336914e+01 1.667857630178332329e+00
1.832711672782897949e+01 -1.028060007095336914e+01 1.703288538381457329e+00
1.893859744071960449e+01 -1.043770456314086914e+01 1.740214807912707329e+00
1.958532595634460449e+01 -1.060384225845336914e+01 1.779277307912707329e+00
2.027523684501647949e+01 -1.078108835220336914e+01 1.820933802053332329e+00
2.100427126884460449e+01 -1.096736764907836914e+01 1.864924890920519829e+00
2.176541018486022949e+01 -1.115718698501586914e+01 1.911204798147082329e+00
9.867857694625854492e+00 -4.804281711578369141e+00 1.291308235377073288e-01
9.907469511032104492e+00 -4.727865695953369141e+00 1.277880501002073288e-01
9.942869901657104492e+00 -4.649130344390869141e+00 1.263079475611448288e-01
9.978331327438354492e+00 -4.570394992828369141e+00 1.248278450220823288e-01
1.001367068290710449e+01 -4.491781711578369141e+00 1.233477424830198288e-01
1.004907107353210449e+01 -4.413046360015869141e+00 1.218523811548948288e-01
1.008434939384460449e+01 -4.334677219390869141e+00 1.203722786158323288e-01
1.011529421806335449e+01 -4.254232883453369141e+00 1.187548469752073288e-01
1.071880984306335449e+01 -5.260458469390869141e+00 1.596331428736448288e-01
1.077184939384460449e+01 -5.182089328765869141e+00 1.576952766627073288e-01
1.081024050712585449e+01 -5.095907688140869141e+00 1.560625862330198288e-01
1.085381960868835449e+01 -5.012045383453369141e+00 1.545977424830198288e-01
1.089214968681335449e+01 -4.925863742828369141e+00 1.529650520533323288e-01
1.092504763603210449e+01 -4.836874485015869141e+00 1.511645149439573288e-01
1.096279788017272949e+01 -4.750692844390869141e+00 1.495470833033323288e-01
1.100054812431335449e+01 -4.664633274078369141e+00 1.479296516627073288e-01
1.169879031181335449e+01 -5.785849094390869141e+00 1.970782112330198288e-01
1.176608157157897949e+01 -5.704550266265869141e+00 1.948809456080198288e-01
1.183361697196960449e+01 -5.622885227203369141e+00 1.926684211939573288e-01
1.190167117118835449e+01 -5.540731906890869141e+00 1.904558967798948288e-01
1.194592165946960449e+01 -5.446615695953369141e+00 1.885943245142698288e-01
1.198733401298522949e+01 -5.350790500640869141e+00 1.867937874048948288e-01
1.202856326103210449e+01 -5.255453586578369141e+00 1.849932502955198288e-01
1.206976199150085449e+01 -5.160116672515869141e+00 1.831927131861448288e-01
1.288232302665710449e+01 -6.420370578765869141e+00 2.424120735377073288e-01
1.296645998954772949e+01 -6.335409641265869141e+00 2.403521370142698288e-01
1.304391360282897949e+01 -6.246176242828369141e+00 2.380022834986448288e-01
1.312197756767272949e+01 -6.156210422515869141e+00 2.356371711939573288e-01
1.320010256767272949e+01 -6.066244602203369141e+00 2.332720588892698288e-01
1.327880740165710449e+01 -5.975668430328369141e+00 2.308764290064573288e-01
1.334332156181335449e+01 -5.878134250640869141e+00 2.286486458033323288e-01
1.338079714775085449e+01 -5.767782688140869141e+00 2.263598274439573288e-01
1.436083865165710449e+01 -7.213095188140869141e+00 2.990679573267698288e-01
1.445080447196960449e+01 -7.115316867828369141e+00 2.965807747095823288e-01
1.454122805595397949e+01 -7.017172336578369141e+00 2.940783333033323288e-01
1.463238406181335449e+01 -6.918173313140869141e+00 2.915606331080198288e-01
1.472366213798522949e+01 -6.819052219390869141e+00 2.890429329127073288e-01
1.481570315361022949e+01 -6.719076633453369141e+00 2.864947151392698288e-01
1.490783572196960449e+01 -6.619101047515869141e+00 2.839464973658323288e-01
1.500045657157897949e+01 -6.518515110015869141e+00 2.813830208033323288e-01
1.622869753837585449e+01 -8.214560031890869141e+00 3.709673713892698288e-01
1.634716677665710449e+01 -8.111898899078369141e+00 3.687701057642698288e-01
1.645483279228210449e+01 -8.002645969390869141e+00 3.661150764673948288e-01
1.656347537040710449e+01 -7.892294406890869141e+00 3.634447883814573288e-01
1.667230105400085449e+01 -7.781820774078369141e+00 3.607592415064573288e-01
1.678210330009460449e+01 -7.670370578765869141e+00 3.580584358423948288e-01
1.689214968681335449e+01 -7.558676242828369141e+00 3.553576301783323288e-01
1.699062991142272949e+01 -7.440756320953369141e+00 3.521990608423948288e-01
1.871667361259460449e+01 -9.548300266265869141e+00 4.663348030298948288e-01
1.884725832939147949e+01 -9.425619602203369141e+00 4.635729622095823288e-01
1.897863650321960449e+01 -9.302206516265869141e+00 4.607806038111448288e-01
1.911129641532897949e+01 -9.177572727203369141e+00 4.579729866236448288e-01
1.924429202079772949e+01 -9.052572727203369141e+00 4.551501106470823288e-01
1.937856936454772949e+01 -8.926474094390869141e+00 4.522967170923948288e-01
1.951321291923522949e+01 -8.799887180328369141e+00 4.494433235377073288e-01
1.964868044853210449e+01 -8.672689914703369141e+00 4.465746711939573288e-01
2.203439211845397949e+01 -1.132698678970336914e+01 5.962481331080198288e-01
2.228097414970397949e+01 -1.123006296157836914e+01 5.942950081080198288e-01
2.235998415946960449e+01 -1.104329538345336914e+01 5.911059211939573288e-01
2.263748049736022949e+01 -1.095638132095336914e+01 5.893511604517698288e-01
2.280578494071960449e+01 -1.081221628189086914e+01 5.864367317408323288e-01
2.297582888603210449e+01 -1.066658639907836914e+01 5.834917854517698288e-01
2.312365603446960449e+01 -1.050960397720336914e+01 5.797076057642698288e-01
2.329528689384460449e+01 -1.036263132095336914e+01 5.767321418970823288e-01
2.202828860282897949e+01 -1.132149362564086914e+01 7.075609993189573288e-01
2.284954714775085449e+01 -1.152681589126586914e+01 7.155871223658323288e-01
2.371768069267272949e+01 -1.174080514907836914e+01 7.240099739283323288e-01
2.465197634696960449e+01 -1.197115182876586914e+01 7.330584358423948288e-01
2.565307497978210449e+01 -1.221797800064086914e+01 7.427630256861448288e-01
2.671880984306335449e+01 -1.247664499282836914e+01 7.530016731470823288e-01
2.783422732353210449e+01 -1.274007272720336914e+01 7.635607551783323288e-01
2.871221804618835449e+01 -1.287300729751586914e+01 7.702135872095823288e-01
2.202221560478210449e+01 -1.131612253189086914e+01 8.182177376002073288e-01
2.284323000907897949e+01 -1.152120065689086914e+01 8.300280403345823288e-01
2.371093630790710449e+01 -1.173494577407836914e+01 8.424334358423948288e-01
2.464465212821960449e+01 -1.196492624282836914e+01 8.557848762720823288e-01
2.564514040946960449e+01 -1.221150827407836914e+01 8.700976204127073288e-01
2.671053957939147949e+01 -1.246993112564086914e+01 8.852343391627073288e-01
2.782659792900085449e+01 -1.273360300064086914e+01 9.009203743189573288e-01
2.903188967704772949e+01 -1.301827096939086914e+01 9.178576301783323288e-01
2.378423953056335449e+01 -1.201363229751586914e+01 9.699816536158323288e-01
2.670583987236022949e+01 -1.273323678970336914e+01 1.025294763967394829e+00
2.378192019462585449e+01 -1.200997018814086914e+01 1.089366419240832329e+00
2.670327639579772949e+01 -1.272920846939086914e+01 1.158107263967394829e+00
2.137618899345397949e+01 -1.096309518814086914e+01 1.127833826467394829e+00
2.217642092704772949e+01 -1.116390085220336914e+01 1.150493128225207329e+00
2.303124880790710449e+01 -1.137776803970336914e+01 1.174067957326769829e+00
2.396978640556335449e+01 -1.161702585220336914e+01 1.200725061818957329e+00
2.491747927665710449e+01 -1.184407663345336914e+01 1.227214319631457329e+00
2.595712161064147949e+01 -1.209737253189086914e+01 1.256389124318957329e+00
2.706909060478210449e+01 -1.236641550064086914e+01 1.288249475881457329e+00
2.824310183525085449e+01 -1.264388132095336914e+01 1.320964319631457329e+00
2.144421267509460449e+01 -1.099739694595336914e+01 1.238154871389269829e+00
2.222643923759460449e+01 -1.118794870376586914e+01 1.263728601858019829e+00
2.306274294853210449e+01 -1.139168405532836914e+01 1.291072351858019829e+00
2.397405886650085449e+01 -1.161678171157836914e+01 1.320979578420519829e+00
2.489843630790710449e+01 -1.183223581314086914e+01 1.350871546193957329e+00
2.590731692314147949e+01 -1.207063913345336914e+01 1.383616907522082329e+00
2.698425173759460449e+01 -1.232344675064086914e+01 1.418529016897082329e+00
2.812170290946960449e+01 -1.258479928970336914e+01 1.455195887014269829e+00
2.151867556571960449e+01 -1.103511667251586914e+01 1.350093347951769829e+00
2.232064700126647949e+01 -1.123518991470336914e+01 1.379588587209582329e+00
2.317944216728210449e+01 -1.144942331314086914e+01 1.411784632131457329e+00
2.410104250907897949e+01 -1.167842721939086914e+01 1.446330530568957329e+00
2.506423830986022949e+01 -1.191158151626586914e+01 1.482203943654894829e+00
2.607107424736022949e+01 -1.214717721939086914e+01 1.519420130178332329e+00
2.713125491142272949e+01 -1.239034128189086914e+01 1.558436853811144829e+00
2.824908328056335449e+01 -1.264082956314086914e+01 1.600123865529894829e+00
2.135192751884460449e+01 -1.094368600845336914e+01 1.449519617483019829e+00
2.220999026298522949e+01 -1.117476511001586914e+01 1.486308557912707329e+00
2.313436770439147949e+01 -1.142391061782836914e+01 1.525950891897082329e+00
2.413156008720397949e+01 -1.169136667251586914e+01 1.568660242483019829e+00
2.669299197196960449e+01 -1.271321725845336914e+01 1.690700037404894829e+00
2.377041506767272949e+01 -1.199202585220336914e+01 1.687343103811144829e+00
2.669039797782897949e+01 -1.270931100845336914e+01 1.823466761037707329e+00
2.376809573173522949e+01 -1.198836374282836914e+01 1.807292444631457329e+00
2.348815798759460449e+01 -1.160127878189086914e+01 1.779918177053332329e+00
2.436227297782897949e+01 -1.180269479751586914e+01 1.824183924123644829e+00
2.533749270439147949e+01 -1.203877878189086914e+01 1.874019129201769829e+00
2.639120364189147949e+01 -1.229390573501586914e+01 1.927882654592394829e+00
2.750118899345397949e+01 -1.255708932876586914e+01 1.984385950490832329e+00
2.868963503837585449e+01 -1.283614206314086914e+01 2.044764978811144829e+00
2.176281619071960449e+01 -1.115718698501586914e+01 1.800853235647082329e+00
2.257549929618835449e+01 -1.135994577407836914e+01 1.846415979787707329e+00
2.344583010673522949e+01 -1.157710886001586914e+01 1.895198328420519829e+00
2.437167239189147949e+01 -1.180501413345336914e+01 1.946315271779894829e+00
2.534768557548522949e+01 -1.204134225845336914e+01 2.000697595998644829e+00
2.177047610282897949e+01 -1.115914011001586914e+01 1.911540491506457329e+00
1.011547732353210449e+01 -4.254110813140869141e+00 1.187548469752073288e-01
1.015130496025085449e+01 -4.175985813140869141e+00 1.172900032252073288e-01
1.018286013603210449e+01 -4.096029758453369141e+00 1.157030891627073288e-01
1.021447634696960449e+01 -4.015829563140869141e+00 1.141009163111448288e-01
1.024590945243835449e+01 -3.935873508453369141e+00 1.124987434595823288e-01
1.027709841728210449e+01 -3.855551242828369141e+00 1.109118293970823288e-01
1.030810427665710449e+01 -3.775595188140869141e+00 1.093249153345823288e-01
1.033471560478210449e+01 -3.693808078765869141e+00 1.076159309595823288e-01
1.100076174736022949e+01 -4.664389133453369141e+00 1.479296516627073288e-01
1.103451418876647949e+01 -4.576498508453369141e+00 1.461748909205198288e-01
1.106823611259460449e+01 -4.488607883453369141e+00 1.444353889673948288e-01
1.110726809501647949e+01 -4.402792453765869141e+00 1.428484749048948288e-01
1.114095950126647949e+01 -4.315023899078369141e+00 1.411089729517698288e-01
1.116952395439147949e+01 -4.224936008453369141e+00 1.392016243189573288e-01
1.120315432548522949e+01 -4.137289524078369141e+00 1.374621223658323288e-01
1.123678469657897949e+01 -4.049765110015869141e+00 1.357226204127073288e-01
1.207003664970397949e+01 -5.159872531890869141e+00 1.831774543970823288e-01
1.210693240165710449e+01 -5.062704563140869141e+00 1.812395881861448288e-01
1.214379763603210449e+01 -4.965536594390869141e+00 1.793017219752073288e-01
1.218078494071960449e+01 -4.868246555328369141e+00 1.773485969752073288e-01
1.221761965751647949e+01 -4.771200656890869141e+00 1.754259895533323288e-01
1.225451540946960449e+01 -4.674032688140869141e+00 1.734728645533323288e-01
1.229128909111022949e+01 -4.577108860015869141e+00 1.715502571314573288e-01
1.232806277275085449e+01 -4.480429172515869141e+00 1.696123909205198288e-01
1.338110232353210449e+01 -5.767538547515869141e+00 2.263445686548948288e-01
1.342959475517272949e+01 -5.662436008453369141e+00 2.244219612330198288e-01
1.347021365165710449e+01 -5.553793430328369141e+00 2.222399543970823288e-01
1.351095461845397949e+01 -5.444906711578369141e+00 2.200579475611448288e-01
1.355154299736022949e+01 -5.336386203765869141e+00 2.178759407252073288e-01
1.359222292900085449e+01 -5.227621555328369141e+00 2.156939338892698288e-01
1.363271975517272949e+01 -5.119345188140869141e+00 2.135271858423948288e-01
1.366522097587585449e+01 -5.008017063140869141e+00 2.111010383814573288e-01
1.500091433525085449e+01 -6.518148899078369141e+00 2.813830208033323288e-01
1.508904910087585449e+01 -6.414877414703369141e+00 2.786364387720823288e-01
1.513452029228210449e+01 -6.291830539703369141e+00 2.761492561548948288e-01
1.517889285087585449e+01 -6.167929172515869141e+00 2.736620735377073288e-01
1.522308230400085449e+01 -6.044638156890869141e+00 2.711901497095823288e-01
1.526736330986022949e+01 -5.920980930328369141e+00 2.687029670923948288e-01
1.531143069267272949e+01 -5.797934055328369141e+00 2.662310432642698288e-01
1.535546755790710449e+01 -5.674887180328369141e+00 2.637591194361448288e-01
1.699130129814147949e+01 -7.440512180328369141e+00 3.521990608423948288e-01
1.710974001884460449e+01 -7.330893039703369141e+00 3.497118782252073288e-01
1.721667361259460449e+01 -7.215048313140869141e+00 3.467821907252073288e-01
1.732458376884460449e+01 -7.098104953765869141e+00 3.438219856470823288e-01
1.740966677665710449e+01 -6.971029758453369141e+00 3.408922981470823288e-01
1.745825076103210449e+01 -6.827719211578369141e+00 3.379931282252073288e-01
1.750662112236022949e+01 -6.685141086578369141e+00 3.351092170923948288e-01
1.754144167900085449e+01 -6.537436008453369141e+00 3.317980598658323288e-01
1.964959597587585449e+01 -8.672445774078369141e+00 4.465594124048948288e-01
1.978073000907897949e+01 -8.541830539703369141e+00 4.434923958033323288e-01
1.991250491142272949e+01 -8.410360813140869141e+00 4.403948616236448288e-01
2.004403567314147949e+01 -8.276815891265869141e+00 4.372515510767698288e-01
2.017599368095397949e+01 -8.142904758453369141e+00 4.341082405298948288e-01
2.030926394462585449e+01 -8.007650852203369141e+00 4.309344124048948288e-01
2.044290041923522949e+01 -7.872030735015869141e+00 4.277453254908323288e-01
2.052014040946960449e+01 -7.712851047515869141e+00 4.243578743189573288e-01
2.329635500907897949e+01 -1.036226511001586914e+01 5.767168831080198288e-01
2.346398806571960449e+01 -1.021175241470336914e+01 5.735277961939573288e-01
2.365658450126647949e+01 -1.007051706314086914e+01 5.711474251002073288e-01
2.382763552665710449e+01 -9.916952610015869141e+00 5.678973030298948288e-01
2.399944949150085449e+01 -9.762655735015869141e+00 5.646471809595823288e-01
2.417318606376647949e+01 -9.606771945953369141e+00 5.613360237330198288e-01
2.432290530204772949e+01 -9.440145969390869141e+00 5.572008918970823288e-01
2.449847292900085449e+01 -9.282431125640869141e+00 5.538592170923948288e-01
2.871349978446960449e+01 -1.287264108657836914e+01 7.701983284205198288e-01
2.880020022392272949e+01 -1.263081979751586914e+01 7.650561165064573288e-01
2.917343020439147949e+01 -1.251656198501586914e+01 7.639574836939573288e-01
2.940676760673522949e+01 -1.233528757095336914e+01 7.607683967798948288e-01
2.964147830009460449e+01 -1.215291452407836914e+01 7.575640510767698288e-01
2.987914919853210449e+01 -1.196810007095336914e+01 7.543139290064573288e-01
3.011819338798522949e+01 -1.178230905532836914e+01 7.510485481470823288e-01
3.035949587821960449e+01 -1.159480905532836914e+01 7.477526497095823288e-01
2.904052615165710449e+01 -1.302132272720336914e+01 9.179949592798948288e-01
3.034619021415710449e+01 -1.332930612564086914e+01 9.362902473658323288e-01
3.170178103446960449e+01 -1.363545846939086914e+01 9.549670051783323288e-01
3.318337893486022949e+01 -1.397054147720336914e+01 9.753680061548948288e-01
3.477422976493835449e+01 -1.432588815689086914e+01 9.971880745142698288e-01
3.645684695243835449e+01 -1.468941354751586914e+01 1.019938929006457329e+00
3.829403567314147949e+01 -1.508626413345336914e+01 1.044795496389269829e+00
3.993066287040710449e+01 -1.537105417251586914e+01 1.065242273733019829e+00
3.109670901298522949e+01 -1.366670846939086914e+01 1.104518396779894829e+00
3.249490237236022949e+01 -1.398409128189086914e+01 1.130321009084582329e+00
3.317303347587585449e+01 -1.396260690689086914e+01 1.138194544240832329e+00
3.476193118095397949e+01 -1.431709909439086914e+01 1.167354090139269829e+00
3.644335818290710449e+01 -1.468001413345336914e+01 1.197871668264269829e+00
3.827914309501647949e+01 -1.507625436782836914e+01 1.231196863576769829e+00
4.019879031181335449e+01 -1.547273874282836914e+01 1.265574915334582329e+00
3.109457278251647949e+01 -1.366255807876586914e+01 1.257350428029894829e+00
3.257928347587585449e+01 -1.401814889907836914e+01 1.292140467092394829e+00
3.402682375907897949e+01 -1.432942819595336914e+01 1.325053675100207329e+00
4.139666628837585449e+01 -1.594124460220336914e+01 1.493373377248644829e+00
2.825109744071960449e+01 -1.264656686782836914e+01 1.321223719045519829e+00
2.952581667900085449e+01 -1.294808053970336914e+01 1.356929285451769829e+00
3.087399172782897949e+01 -1.325874948501586914e+01 1.393626673147082329e+00
3.234203982353210449e+01 -1.359554147720336914e+01 1.434413416311144829e+00
3.389590334892272949e+01 -1.394307565689086914e+01 1.477290613576769829e+00
3.559500002861022949e+01 -1.432137155532836914e+01 1.524135095998644829e+00
3.739730715751647949e+01 -1.471187448501586914e+01 1.574473841115832329e+00
3.934252810478210449e+01 -1.512654733657836914e+01 1.627604944631457329e+00
2.812988162040710449e+01 -1.258760690689086914e+01 1.455485804006457329e+00
2.942758059501647949e+01 -1.290059518814086914e+01 1.498057825490832329e+00
3.080917239189147949e+01 -1.322676706314086914e+01 1.543162805959582329e+00
3.230920290946960449e+01 -1.357796335220336914e+01 1.592036707326769829e+00
3.390038943290710449e+01 -1.394148874282836914e+01 1.643580896779894829e+00
3.551492190361022949e+01 -1.428462839126586914e+01 1.695079309865832329e+00
3.748043704032897949e+01 -1.474165964126586914e+01 1.759013636037707329e+00
3.941140627861022949e+01 -1.514961862564086914e+01 1.820521814748644829e+00
2.825668215751647949e+01 -1.264339303970336914e+01 1.600429041311144829e+00
2.946923708915710449e+01 -1.291646432876586914e+01 1.644450647756457329e+00
3.075103640556335449e+01 -1.319783639907836914e+01 1.691539270803332329e+00
3.229250979423522949e+01 -1.356746530532836914e+01 1.749202234670519829e+00
3.394955325126647949e+01 -1.395882272720336914e+01 1.811000330373644829e+00
3.576574587821960449e+01 -1.438472604751586914e+01 1.878627283498644829e+00
4.138494753837585449e+01 -1.592378854751586914e+01 2.096370203420519829e+00
3.256686282157897949e+01 -1.399935007095336914e+01 1.932521326467394829e+00
3.405041384696960449e+01 -1.432564401626586914e+01 1.993922693654894829e+00
3.978149294853210449e+01 -1.528731393814086914e+01 2.220530970022082329e+00
2.996765017509460449e+01 -1.313619089126586914e+01 1.962016565725207329e+00
3.132336306571960449e+01 -1.344515085220336914e+01 2.024791223928332329e+00
3.279708743095397949e+01 -1.377937936782836914e+01 2.092967493459582329e+00
3.435681033134460449e+01 -1.412422800064086914e+01 2.164790613576769829e+00
3.605401492118835449e+01 -1.449654245376586914e+01 2.242824060842394829e+00
3.786260867118835449e+01 -1.488435983657836914e+01 2.325664026662707329e+00
2.869775271415710449e+01 -1.283894968032836914e+01 2.045222742483019829e+00
2.998129153251647949e+01 -1.313924264907836914e+01 2.110927088186144829e+00
3.133834719657897949e+01 -1.344856882095336914e+01 2.180079920217394829e+00
1.033465456962585449e+01 -3.693441867828369141e+00 1.076159309595823288e-01
1.036627078056335449e+01 -3.613852024078369141e+00 1.060442756861448288e-01
1.039343142509460449e+01 -3.532431125640869141e+00 1.043505501002073288e-01
1.042077517509460449e+01 -3.450888156890869141e+00 1.026415657252073288e-01
1.044793581962585449e+01 -3.369589328765869141e+00 1.009478401392698288e-01
1.047521853446960449e+01 -3.288046360015869141e+00 9.925411455333232880e-02
1.050237917900085449e+01 -3.206747531890869141e+00 9.756038896739482880e-02
1.052508425712585449e+01 -3.124105930328369141e+00 9.572933427989482880e-02
1.123669314384460449e+01 -4.049398899078369141e+00 1.357226204127073288e-01
1.126623415946960449e+01 -3.960287570953369141e+00 1.338610481470823288e-01
1.129580569267272949e+01 -3.871298313140869141e+00 1.319994758814573288e-01
1.133071780204772949e+01 -3.783895969390869141e+00 1.302904915064573288e-01
1.136025881767272949e+01 -3.694906711578369141e+00 1.284289192408323288e-01
1.138458132743835449e+01 -3.603720188140869141e+00 1.263995002955198288e-01
1.141406130790710449e+01 -3.514853000640869141e+00 1.245379280298948288e-01
1.144357180595397949e+01 -3.426107883453369141e+00 1.226763557642698288e-01
1.232797122001647949e+01 -4.479940891265869141e+00 1.696123909205198288e-01
1.236035037040710449e+01 -4.381552219390869141e+00 1.675524543970823288e-01
1.239269900321960449e+01 -4.283163547515869141e+00 1.654772590845823288e-01
1.242516970634460449e+01 -4.184530735015869141e+00 1.634020637720823288e-01
1.245748782157897949e+01 -4.086142063140869141e+00 1.613421272486448288e-01
1.248992800712585449e+01 -3.987631320953369141e+00 1.592821907252073288e-01
1.252221560478210449e+01 -3.889486789703369141e+00 1.572222542017698288e-01
1.255450320243835449e+01 -3.791342258453369141e+00 1.551623176783323288e-01
1.366519045829772949e+01 -5.007528781890869141e+00 2.111010383814573288e-01
1.370892214775085449e+01 -4.900717258453369141e+00 2.090258430689573288e-01
1.374465823173522949e+01 -4.790853977203369141e+00 2.067065071314573288e-01
1.378051638603210449e+01 -4.680502414703369141e+00 2.043871711939573288e-01
1.381622195243835449e+01 -4.570761203765869141e+00 2.020830940455198288e-01
1.385159182548522949e+01 -4.460531711578369141e+00 1.997637581080198288e-01
1.388653445243835449e+01 -4.350546360015869141e+00 1.974596809595823288e-01
1.391335940361022949e+01 -4.237997531890869141e+00 1.949267219752073288e-01
1.535540652275085449e+01 -5.674398899078369141e+00 2.637438606470823288e-01
1.539437747001647949e+01 -5.549643039703369141e+00 2.611193489283323288e-01
1.543331789970397949e+01 -5.424887180328369141e+00 2.584948372095823288e-01
1.547234988212585449e+01 -5.299765110015869141e+00 2.558550667017698288e-01
1.551119875907897949e+01 -5.175253391265869141e+00 2.532458137720823288e-01
1.555020022392272949e+01 -5.050375461578369141e+00 2.506060432642698288e-01
1.558898806571960449e+01 -4.925985813140869141e+00 2.479967903345823288e-01
1.562777590751647949e+01 -4.801718235015869141e+00 2.453722786158323288e-01
1.754135012626647949e+01 -6.536825656890869141e+00 3.317980598658323288e-01
1.759759402275085449e+01 -6.397787570953369141e+00 3.291582893580198288e-01
1.764031863212585449e+01 -6.253622531890869141e+00 3.261217903345823288e-01
1.768313479423522949e+01 -6.108969211578369141e+00 3.230700325220823288e-01
1.772576785087585449e+01 -5.965048313140869141e+00 3.200182747095823288e-01
1.776852297782897949e+01 -5.820639133453369141e+00 3.169817756861448288e-01
1.781106448173522949e+01 -5.676962375640869141e+00 3.139452766627073288e-01
1.783990359306335449e+01 -5.529013156890869141e+00 3.105120491236448288e-01
2.051995730400085449e+01 -7.712118625640869141e+00 4.243426155298948288e-01
2.056851077079772949e+01 -7.541586399078369141e+00 4.207110237330198288e-01
2.061703372001647949e+01 -7.371298313140869141e+00 4.170794319361448288e-01
2.066564822196960449e+01 -7.200644016265869141e+00 4.134325813502073288e-01
2.071404910087585449e+01 -7.030722141265869141e+00 4.098009895533323288e-01
2.076254153251647949e+01 -6.860434055328369141e+00 4.061693977564573288e-01
2.081082034111022949e+01 -6.690878391265869141e+00 4.025530647486448288e-01
2.085906863212585449e+01 -6.521566867828369141e+00 3.989367317408323288e-01
2.449926638603210449e+01 -9.281942844390869141e+00 5.538439583033323288e-01
2.467056155204772949e+01 -9.120810031890869141e+00 5.503039192408323288e-01
2.486883425712585449e+01 -8.967733860015869141e+00 5.475420784205198288e-01
2.493640017509460449e+01 -8.763754367828369141e+00 5.431170295923948288e-01
2.498724246025085449e+01 -8.554647922515869141e+00 5.385851692408323288e-01
2.503817629814147949e+01 -8.345175266265869141e+00 5.340380501002073288e-01
2.506112551689147949e+01 -8.127401828765869141e+00 5.287127327173948288e-01
2.511166262626647949e+01 -7.919760227203369141e+00 5.242113899439573288e-01
3.036074709892272949e+01 -1.159432077407836914e+01 7.477526497095823288e-01
3.059902834892272949e+01 -1.140291452407836914e+01 7.442431282252073288e-01
3.083959841728210449e+01 -1.120955514907836914e+01 7.407030891627073288e-01
3.108224368095397949e+01 -1.101302194595336914e+01 7.371020149439573288e-01
3.132647585868835449e+01 -1.081526803970336914e+01 7.334704231470823288e-01
3.156930422782897949e+01 -1.061311960220336914e+01 7.297320198267698288e-01
3.167809939384460449e+01 -1.036385202407836914e+01 7.243914436548948288e-01
3.172717165946960449e+01 -1.009468698501586914e+01 7.183642219752073288e-01
3.993237185478210449e+01 -1.537044382095336914e+01 1.065242273733019829e+00
4.029363894462585449e+01 -1.513484811782836914e+01 1.062388880178332329e+00
4.066253542900085449e+01 -1.489754343032836914e+01 1.059550745412707329e+00
4.103738284111022949e+01 -1.465633249282836914e+01 1.056666834279894829e+00
4.141302371025085449e+01 -1.441206979751586914e+01 1.053706629201769829e+00
4.178875613212585449e+01 -1.416170358657836914e+01 1.050593836233019829e+00
4.216784548759460449e+01 -1.390901803970336914e+01 1.047465784475207329e+00
4.255172610282897949e+01 -1.365328073501586914e+01 1.044291956350207329e+00
4.021203494071960449e+01 -1.547664499282836914e+01 1.265849573537707329e+00
4.231936526298522949e+01 -1.591084909439086914e+01 1.303599817678332329e+00
4.452743411064147949e+01 -1.634517526626586914e+01 1.342631800100207329e+00
4.693945193290710449e+01 -1.681331491470336914e+01 1.385097010061144829e+00
4.948406863212585449e+01 -1.728743600845336914e+01 1.429362757131457329e+00
5.221548342704772949e+01 -1.777998971939086914e+01 1.476466638967394829e+00
5.514233279228210449e+01 -1.829219675064086914e+01 1.526530725881457329e+00
5.824255251884460449e+01 -1.881038522720336914e+01 1.578914148733019829e+00
4.139672732353210449e+01 -1.594002389907836914e+01 1.493342859670519829e+00
4.579830813407897949e+01 -1.681783151626586914e+01 1.591807825490832329e+00
5.620077395439147949e+01 -1.864424753189086914e+01 1.817607386037707329e+00
3.935583376884460449e+01 -1.513057565689086914e+01 1.628001673147082329e+00
4.146719241142272949e+01 -1.557405710220336914e+01 1.685710413381457329e+00
4.370190310478210449e+01 -1.602596139907836914e+01 1.745143396779894829e+00
4.610479617118835449e+01 -1.649812936782836914e+01 1.809810144826769829e+00
4.865304446220397949e+01 -1.698079538345336914e+01 1.877849085256457329e+00
5.138510012626647949e+01 -1.748079538345336914e+01 1.950282556936144829e+00
5.427911257743835449e+01 -1.798885202407836914e+01 2.027766687795519829e+00
5.736080813407897949e+01 -1.850826120376586914e+01 2.108226282522082329e+00
3.942462038993835449e+01 -1.515352487564086914e+01 1.820979578420519829e+00
4.139257693290710449e+01 -1.554097604751586914e+01 1.883098108693957329e+00
4.374133181571960449e+01 -1.603621530532836914e+01 1.958262903615832329e+00
4.611038088798522949e+01 -1.649532175064086914e+01 2.032817346975207329e+00
4.857488894462585449e+01 -1.694783639907836914e+01 2.109599573537707329e+00
5.121575808525085449e+01 -1.741658639907836914e+01 2.191386682912707329e+00
5.401074099540710449e+01 -1.789253854751586914e+01 2.277308924123644829e+00
5.715646243095397949e+01 -1.843501901626586914e+01 2.374232752248644829e+00
4.138500857353210449e+01 -1.592244577407836914e+01 2.096324427053332329e+00
4.578533816337585449e+01 -1.679866647720336914e+01 2.254817469045519829e+00
5.779937624931335449e+01 -1.864021921157836914e+01 2.674067957326769829e+00
3.979485964775085449e+01 -1.529134225845336914e+01 2.221126062795519829e+00
4.189785647392272949e+01 -1.572676706314086914e+01 2.307734949514269829e+00
4.414077639579772949e+01 -1.617696237564086914e+01 2.399623377248644829e+00
4.653918337821960449e+01 -1.664253854751586914e+01 2.497355921193957329e+00
4.909683108329772949e+01 -1.712361764907836914e+01 2.601039392873644829e+00
1.052526736259460449e+01 -3.123861789703369141e+00 9.571407549083232880e-02
1.055303835868835449e+01 -3.042807102203369141e+00 9.405086748301982880e-02
1.057629275321960449e+01 -2.960409641265869141e+00 9.223507158458232880e-02
1.059966921806335449e+01 -2.877768039703369141e+00 9.041927568614482880e-02
1.062298464775085449e+01 -2.795370578765869141e+00 8.861873857676982880e-02
1.064630007743835449e+01 -2.712728977203369141e+00 8.680294267833232880e-02
1.066961550712585449e+01 -2.630331516265869141e+00 8.500240556895732880e-02
1.068835330009460449e+01 -2.546835422515869141e+00 8.307979814708232880e-02
1.144372439384460449e+01 -3.425741672515869141e+00 1.226763557642698288e-01
1.146908450126647949e+01 -3.335653781890869141e+00 1.206927131861448288e-01
1.149444460868835449e+01 -3.245443820953369141e+00 1.187090706080198288e-01
1.152526736259460449e+01 -3.156698703765869141e+00 1.168780159205198288e-01
1.155062747001647949e+01 -3.066488742828369141e+00 1.149096321314573288e-01
1.157064700126647949e+01 -2.974569797515869141e+00 1.127734016627073288e-01
1.159597659111022949e+01 -2.884481906890869141e+00 1.107897590845823288e-01
1.162130618095397949e+01 -2.794516086578369141e+00 1.088213752955198288e-01
1.255462527275085449e+01 -3.790976047515869141e+00 1.551470588892698288e-01
1.258248782157897949e+01 -3.691366672515869141e+00 1.529650520533323288e-01
1.261031985282897949e+01 -3.591879367828369141e+00 1.507830452173948288e-01
1.263821291923522949e+01 -3.492025852203369141e+00 1.485857795923948288e-01
1.266604495048522949e+01 -3.392538547515869141e+00 1.463885139673948288e-01
1.269393801689147949e+01 -3.292807102203369141e+00 1.442065071314573288e-01
1.272173953056335449e+01 -3.193319797515869141e+00 1.420092415064573288e-01
1.274954104423522949e+01 -3.093954563140869141e+00 1.398272346705198288e-01
1.391351199150085449e+01 -4.237631320953369141e+00 1.949114631861448288e-01
1.395171999931335449e+01 -4.128988742828369141e+00 1.927141975611448288e-01
1.398187136650085449e+01 -4.017660617828369141e+00 1.902880501002073288e-01
1.401208376884460449e+01 -3.905966281890869141e+00 1.878313850611448288e-01
1.404220461845397949e+01 -3.794760227203369141e+00 1.854052376002073288e-01
1.407238650321960449e+01 -3.683310031890869141e+00 1.829638313502073288e-01
1.410247683525085449e+01 -3.572103977203369141e+00 1.805224251002073288e-01
1.412435793876647949e+01 -3.458822727203369141e+00 1.778673958033323288e-01
1.562798953056335449e+01 -4.801352024078369141e+00 2.453722786158323288e-01
1.566165041923522949e+01 -4.675375461578369141e+00 2.426104377955198288e-01
1.569528079032897949e+01 -4.549643039703369141e+00 2.398333381861448288e-01
1.572903323173522949e+01 -4.423422336578369141e+00 2.370714973658323288e-01
1.576263308525085449e+01 -4.297689914703369141e+00 2.343096565455198288e-01
1.579632449150085449e+01 -4.171591281890869141e+00 2.315325569361448288e-01
1.582992434501647949e+01 -4.045980930328369141e+00 2.287859749048948288e-01
1.586346316337585449e+01 -3.920492649078369141e+00 2.260241340845823288e-01
1.784017825126647949e+01 -5.528524875640869141e+00 3.104967903345823288e-01
1.789077639579772949e+01 -5.387777805328369141e+00 3.077044319361448288e-01
1.792767214775085449e+01 -5.242636203765869141e+00 3.045153450220823288e-01
1.796465945243835449e+01 -5.097006320953369141e+00 3.013262581080198288e-01
1.800240969657897949e+01 -4.952353000640869141e+00 2.981371711939573288e-01
1.804052615165710449e+01 -4.807333469390869141e+00 2.949328254908323288e-01
1.807852053642272949e+01 -4.662924289703369141e+00 2.917437385767698288e-01
1.810272097587585449e+01 -4.514853000640869141e+00 2.881884407252073288e-01
2.085946536064147949e+01 -6.521078586578369141e+00 3.989214729517698288e-01
2.090167117118835449e+01 -6.349936008453369141e+00 3.951372932642698288e-01
2.094384646415710449e+01 -6.179037570953369141e+00 3.913531135767698288e-01
2.098614382743835449e+01 -6.007528781890869141e+00 3.875689338892698288e-01
2.102825808525085449e+01 -5.836874485015869141e+00 3.837847542017698288e-01
2.107018923759460449e+01 -5.665609836578369141e+00 3.800005745142698288e-01
2.111059451103210449e+01 -5.494711399078369141e+00 3.762316536158323288e-01
2.115096926689147949e+01 -5.323935031890869141e+00 3.724627327173948288e-01
2.511199831962585449e+01 -7.919027805328369141e+00 5.241961311548948288e-01
2.515618777275085449e+01 -7.709555149078369141e+00 5.195269417017698288e-01
2.522817873954772949e+01 -7.508993625640869141e+00 5.156512092798948288e-01
2.527349734306335449e+01 -7.299520969390869141e+00 5.109820198267698288e-01
2.532009768486022949e+01 -7.091391086578369141e+00 5.063280891627073288e-01
2.536678957939147949e+01 -6.882772922515869141e+00 5.016741584986448288e-01
2.538558840751647949e+01 -6.667440891265869141e+00 4.962572883814573288e-01
2.543197512626647949e+01 -6.460287570953369141e+00 4.916338752955198288e-01
3.172729372978210449e+01 -1.009371042251586914e+01 7.183489631861448288e-01
3.177313113212585449e+01 -9.824179172515869141e+00 7.121844124048948288e-01
2.699398684501647949e+01 -8.055258274078369141e+00 6.527514290064573288e-01
2.962081789970397949e+01 -8.608603000640869141e+00 6.755785774439573288e-01
3.191332888603210449e+01 -9.018515110015869141e+00 6.937823127955198288e-01
3.195999026298522949e+01 -8.750448703765869141e+00 6.876482795923948288e-01
3.200640749931335449e+01 -8.483847141265869141e+00 6.815600227564573288e-01
3.205273318290710449e+01 -8.217733860015869141e+00 6.754870247095823288e-01
4.255435061454772949e+01 -1.365279245376586914e+01 1.044307215139269829e+00
4.293997073173522949e+01 -1.339266061782836914e+01 1.040996057912707329e+00
2.730105471611022949e+01 -8.147909641265869141e+00 7.837176155298948288e-01
2.951476931571960449e+01 -8.573446750640869141e+00 8.122820686548948288e-01
4.344946169853210449e+01 -1.239058542251586914e+01 1.020274622365832329e+00
4.347631716728210449e+01 -1.201289987564086914e+01 1.011134607717394829e+00
4.350298953056335449e+01 -1.163777780532836914e+01 1.002040369436144829e+00
4.352953982353210449e+01 -1.126399850845336914e+01 9.929919075220823288e-01
5.826394534111022949e+01 -1.881551218032836914e+01 1.579326136037707329e+00
2.681020998954772949e+01 -8.230551242828369141e+00 9.080462288111448288e-01
2.655602908134460449e+01 -7.913656711578369141e+00 8.965716194361448288e-01
2.654849123954772949e+01 -7.675985813140869141e+00 8.902697395533323288e-01
2.655044436454772949e+01 -7.443319797515869141e+00 8.842272590845823288e-01
2.659191775321960449e+01 -7.222128391265869141e+00 8.789629768580198288e-01
2.664712405204772949e+01 -7.005819797515869141e+00 8.740191292017698288e-01
2.674249148368835449e+01 -6.800375461578369141e+00 8.698382209986448288e-01
2.647473025321960449e+01 -7.885580539703369141e+00 1.018519861623644829e+00
2.645339846611022949e+01 -7.644613742828369141e+00 1.011546595022082329e+00
2.649102663993835449e+01 -7.423178195953369141e+00 1.006114466115832329e+00
2.653011965751647949e+01 -7.201742649078369141e+00 1.000712854787707329e+00
2.658441042900085449e+01 -6.985800266265869141e+00 9.957079719752073288e-01
2.664517092704772949e+01 -6.771811008453369141e+00 9.908556770533323288e-01
5.738192629814147949e+01 -1.851326608657836914e+01 2.108836634084582329e+00
2.671377444267272949e+01 -8.194174289703369141e+00 1.156871302053332329e+00
2.651129031181335449e+01 -7.894247531890869141e+00 1.143260462209582329e+00
2.649368166923522949e+01 -7.654013156890869141e+00 1.135982019826769829e+00
2.651907229423522949e+01 -7.428549289703369141e+00 1.130046350881457329e+00
2.655987429618835449e+01 -7.207479953765869141e+00 1.124568445608019829e+00
2.661303591728210449e+01 -6.990927219390869141e+00 1.120143396779894829e+00
2.668408083915710449e+01 -6.779257297515869141e+00 1.115581018850207329e+00
5.717864871025085449e+01 -1.844051218032836914e+01 2.374980432912707329e+00
2.675958132743835449e+01 -8.206015110015869141e+00 1.283595545217394829e+00
2.652877688407897949e+01 -7.896811008453369141e+00 1.268367273733019829e+00
2.650771975517272949e+01 -7.655478000640869141e+00 1.260570032522082329e+00
2.652853274345397949e+01 -7.428549289703369141e+00 1.254283411428332329e+00
2.656738162040710449e+01 -7.206747531890869141e+00 1.248622400686144829e+00
2.662109255790710449e+01 -6.990316867828369141e+00 1.243510706350207329e+00
2.669360232353210449e+01 -6.779013156890869141e+00 1.239024622365832329e+00
5.782067751884460449e+01 -1.864534616470336914e+01 2.674876673147082329e+00
6.109875369071960449e+01 -1.916853952407836914e+01 2.788707239553332329e+00
2.654125857353210449e+01 -7.898031711578369141e+00 1.392787439748644829e+00
2.654711794853210449e+01 -7.664511203765869141e+00 1.385646326467394829e+00
2.658013796806335449e+01 -7.440878391265869141e+00 1.379619104787707329e+00
2.662237429618835449e+01 -7.219564914703369141e+00 1.373958094045519829e+00
2.667294192314147949e+01 -7.001791477203369141e+00 1.368648035451769829e+00
2.673425173759460449e+01 -6.786947727203369141e+00 1.364421350881457329e+00
2.660088992118835449e+01 -7.913656711578369141e+00 1.520106775686144829e+00
2.654897952079772949e+01 -7.662313938140869141e+00 1.510097010061144829e+00
2.656439089775085449e+01 -7.433432102203369141e+00 1.503154261037707329e+00
2.660391116142272949e+01 -7.211508274078369141e+00 1.497264368459582329e+00
2.665560793876647949e+01 -6.994223117828369141e+00 1.491954309865832329e+00
2.674877810478210449e+01 -6.788046360015869141e+00 1.488444788381457329e+00
2.678594851493835449e+01 -7.968344211578369141e+00 1.653560144826769829e+00
2.904070925712585449e+01 -8.409262180328369141e+00 1.756465418264269829e+00
2.729846072196960449e+01 -7.644979953765869141e+00 1.662562830373644829e+00
2.736294436454772949e+01 -7.423422336578369141e+00 1.657542688772082329e+00
2.743463015556335449e+01 -6.966879367828369141e+00 1.645503504201769829e+00
2.879449343681335449e+01 -8.332113742828369141e+00 1.879573328420519829e+00
2.805053591728210449e+01 -7.861532688140869141e+00 1.830653650686144829e+00
2.901486086845397949e+01 -7.634481906890869141e+00 1.864512903615832329e+00
2.819192385673522949e+01 -7.164633274078369141e+00 1.812190515920519829e+00
2.692028689384460449e+01 -7.765707492828369141e+00 1.903834803029894829e+00
2.695489382743835449e+01 -7.539022922515869141e+00 1.897197229787707329e+00
2.700085330009460449e+01 -7.315390110015869141e+00 1.891871912404894829e+00
2.705343508720397949e+01 -7.094686985015869141e+00 1.886317713186144829e+00
2.711752200126647949e+01 -6.877157688140869141e+00 1.881419641897082329e+00
1.068847537040710449e+01 -2.546591281890869141e+00 8.306453935801982880e-02
1.071240115165710449e+01 -2.464437961578369141e+00 8.127926103770732880e-02
1.073174929618835449e+01 -2.381063938140869141e+00 7.937191240489482880e-02
1.075115847587585449e+01 -2.297445774078369141e+00 7.744930498301982880e-02
1.077056765556335449e+01 -2.214071750640869141e+00 7.554195635020732880e-02
1.078997683525085449e+01 -2.130453586578369141e+00 7.361934892833232880e-02
1.080932497978210449e+01 -2.047079563140869141e+00 7.171200029551982880e-02
1.082409548759460449e+01 -1.962851047515869141e+00 6.968258135020732880e-02
1.162145876884460449e+01 -2.794149875640869141e+00 1.088061165064573288e-01
1.164260745048522949e+01 -2.703085422515869141e+00 1.067156624048948288e-01
1.166378664970397949e+01 -2.611898899078369141e+00 1.046252083033323288e-01
1.169045901298522949e+01 -2.521811008453369141e+00 1.026720833033323288e-01
1.171160769462585449e+01 -2.430624485015869141e+00 1.005816292017698288e-01
1.172735476493835449e+01 -2.337973117828369141e+00 9.833858720958232880e-02
1.174850344657897949e+01 -2.246908664703369141e+00 9.624813310801982880e-02
1.176965212821960449e+01 -2.155722141265869141e+00 9.415767900645732880e-02
1.274975466728210449e+01 -3.093588352203369141e+00 1.398272346705198288e-01
1.277303957939147949e+01 -2.993002414703369141e+00 1.375231575220823288e-01
1.279589724540710449e+01 -2.892416477203369141e+00 1.352190803736448288e-01
1.281872439384460449e+01 -2.791342258453369141e+00 1.329150032252073288e-01
1.284145998954772949e+01 -2.690634250640869141e+00 1.306109260767698288e-01
1.286425662040710449e+01 -2.589682102203369141e+00 1.283068489283323288e-01
1.288699221611022949e+01 -2.488974094390869141e+00 1.260180305689573288e-01
1.290972781181335449e+01 -2.388388156890869141e+00 1.237139534205198288e-01
1.412454104423522949e+01 -3.458456516265869141e+00 1.778673958033323288e-01
1.415798830986022949e+01 -3.348349094390869141e+00 1.755175422877073288e-01
1.418322634696960449e+01 -3.236044406890869141e+00 1.729540657252073288e-01
1.420855593681335449e+01 -3.123373508453369141e+00 1.703905891627073288e-01
1.423379397392272949e+01 -3.011068820953369141e+00 1.678271126002073288e-01
1.425909304618835449e+01 -2.898397922515869141e+00 1.652483772486448288e-01
1.428433108329772949e+01 -2.786215305328369141e+00 1.626849006861448288e-01
1.430126833915710449e+01 -2.672323703765869141e+00 1.599078010767698288e-01
1.586358523368835449e+01 -3.920004367828369141e+00 2.260088752955198288e-01
1.589193606376647949e+01 -3.793173313140869141e+00 2.231097053736448288e-01
1.592028689384460449e+01 -3.666342258453369141e+00 2.202105354517698288e-01
1.594872927665710449e+01 -3.539022922515869141e+00 2.173113655298948288e-01
1.597708010673522949e+01 -3.412313938140869141e+00 2.144121956080198288e-01
1.600552248954772949e+01 -3.285116672515869141e+00 2.114977668970823288e-01
1.603384280204772949e+01 -3.158285617828369141e+00 2.085985969752073288e-01
1.608352541923522949e+01 -3.035971164703369141e+00 2.054858040064573288e-01
1.810284304618835449e+01 -4.514364719390869141e+00 2.881731819361448288e-01
1.814892458915710449e+01 -4.372152805328369141e+00 2.852129768580198288e-01
1.818127322196960449e+01 -4.226400852203369141e+00 2.818865608423948288e-01
1.821371340751647949e+01 -4.080160617828369141e+00 2.785296272486448288e-01
1.824603152275085449e+01 -3.934408664703369141e+00 2.752032112330198288e-01
1.827847170829772949e+01 -3.788290500640869141e+00 2.718462776392698288e-01
1.833038210868835449e+01 -3.646811008453369141e+00 2.684130501002073288e-01
1.841598391532897949e+01 -3.511923313140869141e+00 2.643389534205198288e-01
2.115106081962585449e+01 -5.323324680328369141e+00 3.724474739283323288e-01
2.118542361259460449e+01 -5.151205539703369141e+00 3.685107063502073288e-01
2.121975588798522949e+01 -4.979086399078369141e+00 3.645891975611448288e-01
2.125417971611022949e+01 -4.806478977203369141e+00 3.606524299830198288e-01
2.128845095634460449e+01 -4.634603977203369141e+00 3.567156624048948288e-01
2.132992434501647949e+01 -4.463827610015869141e+00 3.527788948267698288e-01
2.145727419853210449e+01 -4.311850070953369141e+00 3.487963508814573288e-01
2.158538699150085449e+01 -4.158651828765869141e+00 3.447832893580198288e-01
2.543206667900085449e+01 -6.459555149078369141e+00 4.916186165064573288e-01
2.547216677665710449e+01 -6.250936985015869141e+00 4.868120979517698288e-01
2.554000735282897949e+01 -6.049276828765869141e+00 4.827837776392698288e-01
2.558022952079772949e+01 -5.839926242828369141e+00 4.779772590845823288e-01
2.562026858329772949e+01 -5.631552219390869141e+00 4.731859993189573288e-01
2.574969363212585449e+01 -5.442343235015869141e+00 4.687609504908323288e-01
2.589572024345397949e+01 -5.255941867828369141e+00 4.637408088892698288e-01
2.606844973564147949e+01 -5.073446750640869141e+00 4.594378303736448288e-01
3.205291628837585449e+01 -8.216757297515869141e+00 6.754717659205198288e-01
3.209310793876647949e+01 -7.949423313140869141e+00 6.692309211939573288e-01
2.724581789970397949e+01 -6.469809055328369141e+00 6.162676643580198288e-01
3.217346072196960449e+01 -7.414999485015869141e+00 6.567644905298948288e-01
3.221349978446960449e+01 -7.148886203765869141e+00 6.505541633814573288e-01
3.245101809501647949e+01 -6.925863742828369141e+00 6.460833381861448288e-01
3.270303225517272949e+01 -6.703817844390869141e+00 6.417040657252073288e-01
3.297936892509460449e+01 -6.483480930328369141e+00 6.374468635767698288e-01
4.352935671806335449e+01 -1.126265573501586914e+01 9.929613899439573288e-01
4.355200076103210449e+01 -1.088912057876586914e+01 9.838366340845823288e-01
2.717269778251647949e+01 -6.448812961578369141e+00 7.404742073267698288e-01
4.359716677665710449e+01 -1.014412546157836914e+01 9.656328987330198288e-01
4.361990237236022949e+01 -9.773886203765869141e+00 9.565844368189573288e-01
4.383746218681335449e+01 -9.446615695953369141e+00 9.501910042017698288e-01
4.424853396415710449e+01 -9.159506320953369141e+00 9.463610481470823288e-01
4.481188845634460449e+01 -8.897787570953369141e+00 9.443926643580198288e-01
2.674294924736022949e+01 -6.799765110015869141e+00 8.698382209986448288e-01
2.684655642509460449e+01 -6.595785617828369141e+00 8.658404182642698288e-01
2.715630984306335449e+01 -6.441854953765869141e+00 8.657488655298948288e-01
7.095016360282897949e+01 -1.667903757095336914e+01 1.683024866506457329e+00
7.076733279228210449e+01 -1.602193307876586914e+01 1.663661463186144829e+00
7.058557009696960449e+01 -1.536849069595336914e+01 1.644389612600207329e+00
7.040603518486022949e+01 -1.472310495376586914e+01 1.625361902639269829e+00
7.022814822196960449e+01 -1.408370065689086914e+01 1.606502039358019829e+00
2.664559817314147949e+01 -6.771078586578369141e+00 9.908556770533323288e-01
2.677133059501647949e+01 -6.573568820953369141e+00 9.876665901392698288e-01
2.718920779228210449e+01 -6.447226047515869141e+00 9.913744758814573288e-01
2.668450808525085449e+01 -6.778646945953369141e+00 1.115565760061144829e+00
2.680264163017272949e+01 -6.578817844390869141e+00 1.112498743459582329e+00
2.707678103446960449e+01 -6.416464328765869141e+00 1.113185388967394829e+00
2.669396853446960449e+01 -6.778280735015869141e+00 1.239009363576769829e+00
2.681320071220397949e+01 -6.578695774078369141e+00 1.236293299123644829e+00
2.710894656181335449e+01 -6.421591281890869141e+00 1.239406092092394829e+00
2.673455691337585449e+01 -6.786215305328369141e+00 1.364421350881457329e+00
2.682540774345397949e+01 -6.579061985015869141e+00 1.360270960256457329e+00
2.720468020439147949e+01 -6.442465305328369141e+00 1.367701990529894829e+00
2.674911379814147949e+01 -6.787313938140869141e+00 1.488429529592394829e+00
2.688561892509460449e+01 -6.591635227203369141e+00 1.487086756154894829e+00
2.743490481376647949e+01 -6.966146945953369141e+00 1.645488245412707329e+00
2.704833865165710449e+01 -6.630453586578369141e+00 1.618724329397082329e+00
2.819204592704772949e+01 -7.163778781890869141e+00 1.812175257131457329e+00
2.724658083915710449e+01 -6.678305149078369141e+00 1.754451258108019829e+00
2.711782717704772949e+01 -6.876425266265869141e+00 1.881404383108019829e+00
2.831988406181335449e+01 -6.950033664703369141e+00 1.942149622365832329e+00
2.620190310478210449e+01 -6.615805149078369141e+00 1.867518885061144829e+00
2.401418948173522949e+01 -5.990072727203369141e+00 9.072832893580198288e-01
2.431677126884460449e+01 -5.827963352203369141e+00 9.077715706080198288e-01
2.405273318290710449e+01 -5.997519016265869141e+00 1.038218958303332329e+00
2.431591677665710449e+01 -5.824667453765869141e+00 1.038737757131457329e+00
9.217486453056335449e+01 -2.282967233657836914e+01 2.961131555959582329e+00
2.406072878837585449e+01 -5.996664524078369141e+00 1.167811853811144829e+00
2.434561038017272949e+01 -5.829428195953369141e+00 1.170039637014269829e+00
2.407690310478210449e+01 -5.997885227203369141e+00 1.298503382131457329e+00
2.442825198173522949e+01 -5.847982883453369141e+00 1.303660852834582329e+00
2.414022707939147949e+01 -6.012045383453369141e+00 1.430705530568957329e+00
2.430340456962585449e+01 -6.053305149078369141e+00 1.569011194631457329e+00
2.450005984306335449e+01 -6.103476047515869141e+00 1.709956629201769829e+00
2.525085330009460449e+01 -6.304037570953369141e+00 1.885386927053332329e+00
4.014403104782104492e+00 -3.495697975158691406e-01 1.160792810842394829e+00
3.360533475875854492e+00 -1.250824928283691406e-01 1.304667932912707329e+00
1.719359159469604492e+00 6.709380149841308594e-01 3.749193977564573288e-01
1.576475858688354492e+00 3.921294212341308594e-01 5.526079963892698288e-01
1.745604276657104492e+00 6.656889915466308594e-01 5.489306282252073288e-01
1.570921659469604492e+00 3.976225852966308594e-01 7.262377571314573288e-01
1.755553007125854492e+00 6.659331321716308594e-01 7.225909065455198288e-01
2.272215604782104492e+00 1.611723899841308594e-01 9.294237922877073288e-01
1.984556913375854492e+00 5.933012962341308594e-01 9.066881965845823288e-01
2.501524686813354492e+00 9.000539779663085938e-02 1.295131189748644829e+00
1.320860624313354492e+00 4.199614524841308594e-01 9.105486702173948288e-01
9.913318157196044922e-01 8.712553977966308594e-01 8.857378792017698288e-01
1.297667264938354492e+00 7.717680931091308594e-01 1.076457483693957329e+00
1.715330839157104492e+00 2.909331321716308594e-01 1.288676721975207329e+00
-3.604066133499145508e+00 2.314614772796630859e+00 7.997393440455198288e-01
-3.622437715530395508e+00 1.968545436859130859e+00 9.976458381861448288e-01
-2.960816621780395508e+00 2.091348171234130859e+00 1.016337854787707329e+00
-4.964844942092895508e+00 2.436685085296630859e+00 5.946917366236448288e-01
-4.721375703811645508e+00 2.706582546234130859e+00 5.916857551783323288e-01
-4.263245820999145508e+00 2.184365749359130859e+00 8.113055061548948288e-01
-4.403321504592895508e+00 2.597451686859130859e+00 7.929034065455198288e-01
-4.589844942092895508e+00 2.308022975921630859e+00 9.853167366236448288e-01
-7.318421602249145508e+00 3.325112819671630859e+00 9.269213508814573288e-01
1.149746584892272949e+01 1.350493431091308594e-01 -1.694156415760517120e-02
-8.617982149124145508e+00 3.806313991546630859e+00 -1.052136588841676712e-01
-6.094727754592895508e+00 3.256997585296630859e+00 -5.577518232166767120e-02
-8.614259004592895508e+00 3.809487819671630859e+00 8.874080888926982880e-02
-6.600648164749145508e+00 3.446450710296630859e+00 1.353716682642698288e-01
-8.578919649124145508e+00 3.800820827484130859e+00 2.827868293970823288e-01
-6.120728731155395508e+00 3.276284694671630859e+00 3.536028694361448288e-01
-8.556885957717895508e+00 3.797158718109130859e+00 4.777026008814573288e-01
-6.067078828811645508e+00 3.261514186859130859e+00 5.601458381861448288e-01
-8.341859102249145508e+00 3.721353054046630859e+00 6.802477668970823288e-01
-8.155457735061645508e+00 3.656289577484130859e+00 8.845629524439573288e-01
3.526644778251647949e+01 -7.171225070953369141e+00 7.062334846705198288e-01
-9.514527559280395508e+00 4.171792507171630859e+00 2.218197099864482880e-02
-6.686951875686645508e+00 3.511147975921630859e+00 8.950374834239482880e-02
-9.473756074905395508e+00 4.161050319671630859e+00 2.181963752955198288e-01
-6.666138887405395508e+00 3.508340358734130859e+00 2.980913948267698288e-01
-9.447938203811645508e+00 4.155923366546630859e+00 4.150957893580198288e-01
-9.199647188186645508e+00 4.067300319671630859e+00 6.207384895533323288e-01
-8.017152070999145508e+00 3.628091335296630859e+00 8.743853401392698288e-01
-5.117785763740539551e+01 2.092044973373413086e+01 -1.722263829782605171e+00
-5.113006711006164551e+01 2.101590871810913086e+01 -1.724415319040417671e+00
-5.108239865303039551e+01 2.111124563217163086e+01 -1.726566808298230171e+00
-5.103442502021789551e+01 2.120707082748413086e+01 -1.728733556345105171e+00
-5.095330929756164551e+01 2.129154348373413086e+01 -1.731449620798230171e+00
-5.086731076240539551e+01 2.137528371810913086e+01 -1.734241979196667671e+00
-4.975268673896789551e+01 2.013419485092163086e+01 -1.676502721384167671e+00
-4.969751095771789551e+01 2.024039602279663086e+01 -1.678867833688855171e+00
-4.963287472724914551e+01 2.034342336654663086e+01 -1.681004064157605171e+00
-4.957721066474914551e+01 2.045060110092163086e+01 -1.683384435251355171e+00
-4.951300168037414551e+01 2.055460500717163086e+01 -1.685871617868542671e+00
-4.940948605537414551e+01 2.064591360092163086e+01 -1.688831822946667671e+00
-4.931756711006164551e+01 2.074186086654663086e+01 -1.692005651071667671e+00
-4.921502804756164551e+01 2.083524465560913086e+01 -1.694981114938855171e+00
-4.778015255928039551e+01 1.936002492904663086e+01 -1.622425572946667671e+00
-4.771624875068664551e+01 1.948172903060913086e+01 -1.625065343454480171e+00
-4.765216183662414551e+01 1.960379934310913086e+01 -1.627705113962292671e+00
-4.756421017646789551e+01 1.971793508529663086e+01 -1.630527989938855171e+00
-4.743713498115539551e+01 1.981852102279663086e+01 -1.633595006540417671e+00
-4.730914425849914551e+01 1.992069387435913086e+01 -1.636707799509167671e+00
-4.718176388740539551e+01 2.002420949935913086e+01 -1.639835851266980171e+00
-4.705566525459289551e+01 2.012943410873413086e+01 -1.642979161813855171e+00
-4.516272091865539551e+01 1.833280324935913086e+01 -1.550037877634167671e+00
-4.508447384834289551e+01 1.847403860092163086e+01 -1.553028600290417671e+00
-4.496521115303039551e+01 1.860038137435913086e+01 -1.556095616891980171e+00
-4.480536007881164551e+01 1.871378469467163086e+01 -1.559238927438855171e+00
-4.464422726631164551e+01 1.882804250717163086e+01 -1.562428014352917671e+00
-4.448077511787414551e+01 1.894413137435913086e+01 -1.565662877634167671e+00
-4.431836056709289551e+01 1.906192922592163086e+01 -1.568912999704480171e+00
-4.405859494209289551e+01 1.914994192123413086e+01 -1.572407262399792671e+00
-4.149047970771789551e+01 1.689151906967163086e+01 -1.447361486032605171e+00
-4.133856320381164551e+01 1.703959035873413086e+01 -1.450611608102917671e+00
-4.112664914131164551e+01 1.716690969467163086e+01 -1.453678624704480171e+00
-4.090960812568664551e+01 1.729569387435913086e+01 -1.456806676462292671e+00
-4.069244503974914551e+01 1.742667531967163086e+01 -1.459965245798230171e+00
-4.038263058662414551e+01 1.752909231185913086e+01 -1.462910192087292671e+00
-4.001513791084289551e+01 1.761588430404663086e+01 -1.465778844431042671e+00
-3.963775753974914551e+01 1.770499563217163086e+01 -1.468723790720105171e+00
-3.606054806709289551e+01 1.476065969467163086e+01 -1.293690221384167671e+00
-3.575329709053039551e+01 1.490091848373413086e+01 -1.296223180368542671e+00
-3.544806027412414551e+01 1.504630422592163086e+01 -1.298862950876355171e+00
-3.513720822334289551e+01 1.519474172592163086e+01 -1.301563756540417671e+00
-3.461474728584289551e+01 1.527140188217163086e+01 -1.302631871774792671e+00
-3.407373166084289551e+01 1.535074758529663086e+01 -1.303761022165417671e+00
-3.351709103584289551e+01 1.543241262435913086e+01 -1.304905431345105171e+00
-3.295056271553039551e+01 1.551944875717163086e+01 -1.306156652048230171e+00
-2.723779416084289551e+01 1.129813528060913086e+01 -1.039387242868542671e+00
-2.677508664131164551e+01 1.146317434310913086e+01 -1.040531652048230171e+00
-2.636993527412414551e+01 1.165628957748413086e+01 -1.043552892282605171e+00
-2.559411740303039551e+01 1.172123098373413086e+01 -1.040928380563855171e+00
-2.478302121162414551e+01 1.178507375717163086e+01 -1.038105504587292671e+00
-2.393829464912414551e+01 1.185135793685913086e+01 -1.035160558298230171e+00
-2.299115109443664551e+01 1.189566946029663086e+01 -1.030170934274792671e+00
-2.207928586006164551e+01 1.196671438217163086e+01 -1.026951329782605171e+00
-1.163842892646789551e+01 5.176675319671630859e+00 -5.730786491185426712e-01
-1.116583371162414551e+01 5.486733913421630859e+00 -5.757336784154176712e-01
-1.040033078193664551e+01 5.693398952484130859e+00 -5.732312370091676712e-01
-9.258912324905395508e+00 5.776406764984130859e+00 -5.642743278294801712e-01
-7.890076875686645508e+00 5.795327663421630859e+00 -5.516858268529176712e-01
-6.487183809280395508e+00 5.826943874359130859e+00 -5.390668082982301712e-01
-5.054932832717895508e+00 5.869790554046630859e+00 -5.264325309544801712e-01
-3.586915254592895508e+00 5.924111843109130859e+00 -5.137219596654176712e-01
2.324468874931335449e+01 -8.511435031890869141e+00 5.021624397486448288e-01
2.319433474540710449e+01 -7.668173313140869141e+00 4.784350227564573288e-01
2.344103884696960449e+01 -6.941854953765869141e+00 4.639544319361448288e-01
2.368832278251647949e+01 -6.213217258453369141e+00 4.494280647486448288e-01
2.393472170829772949e+01 -5.487143039703369141e+00 4.349474739283323288e-01
2.484817385673522949e+01 -4.989096164703369141e+00 4.353136848658323288e-01
2.664697146415710449e+01 -4.779135227203369141e+00 4.550127815455198288e-01
2.931753420829772949e+01 -4.825766086578369141e+00 4.954790901392698288e-01
-4.441693234443664551e+01 1.845951223373413086e+01 -1.544224279001355171e+00
-4.421753048896789551e+01 1.857535696029663086e+01 -1.547062413766980171e+00
-4.401648068428039551e+01 1.869254446029663086e+01 -1.549946324899792671e+00
-4.381616330146789551e+01 1.881327199935913086e+01 -1.552876012399792671e+00
-4.351641964912414551e+01 1.890226125717163086e+01 -1.555805699899792671e+00
-4.318481564521789551e+01 1.898502492904663086e+01 -1.558796422556042671e+00
-4.028039669990539551e+01 1.644559621810913086e+01 -1.413959996774792671e+00
-4.003473019599914551e+01 1.658097219467163086e+01 -1.416492955759167671e+00
-3.978936886787414551e+01 1.671976613998413086e+01 -1.419727819040417671e+00
-3.951587033271789551e+01 1.685221242904663086e+01 -1.422245519235730171e+00
-3.917535519599914551e+01 1.696366262435913086e+01 -1.424442784860730171e+00
-3.871197628974914551e+01 1.703824758529663086e+01 -1.426090734079480171e+00
-3.820080685615539551e+01 1.710294485092163086e+01 -1.426914708688855171e+00
-3.771161007881164551e+01 1.718290090560913086e+01 -1.428669469431042671e+00
-3.343505978584289551e+01 1.374173879623413086e+01 -1.219471471384167671e+00
-3.303662228584289551e+01 1.388358449935913086e+01 -1.220737950876355171e+00
-3.263427853584289551e+01 1.402982473373413086e+01 -1.222065465524792671e+00
-3.207446408271789551e+01 1.412503957748413086e+01 -1.221867101266980171e+00
-3.138556027412414551e+01 1.418192434310913086e+01 -1.220478551462292671e+00
-3.066858029365539551e+01 1.424112844467163086e+01 -1.219044225290417671e+00
-2.993792843818664551e+01 1.430606985092163086e+01 -1.217655675485730171e+00
-2.918487668037414551e+01 1.437528371810913086e+01 -1.216267125681042671e+00
-2.196093869209289551e+01 9.209634304046630859e+00 -8.823437858372926712e-01
-2.140405392646789551e+01 9.400186061859130859e+00 -8.829693961888551712e-01
-2.075152707099914551e+01 9.562783718109130859e+00 -8.811688590794801712e-01
-1.966497921943664551e+01 9.577554225921630859e+00 -8.728833366185426712e-01
-1.854364132881164551e+01 9.596353054046630859e+00 -8.644299674779176712e-01
-1.739721798896789551e+01 9.626382350921630859e+00 -8.559918571263551712e-01
-1.621087765693664551e+01 9.660195827484130859e+00 -8.473248649388551712e-01
-1.489880490303039551e+01 9.671792507171630859e+00 -8.359265495091676712e-01
2.539660930633544922e-01 4.357085227966308594e-01 -2.078747916966676712e-01
6.388537883758544922e-01 9.048247337341308594e-01 -2.135358024388551712e-01
1.126951932907104492e+00 1.338662624359130859e+00 -2.171673942357301712e-01
2.258543729782104492e+00 1.544351100921630859e+00 -2.078747916966676712e-01
3.883299589157104492e+00 1.589150905609130859e+00 -1.890149284154176712e-01
5.797301054000854492e+00 1.562295436859130859e+00 -1.650128532201051712e-01
7.758848905563354492e+00 1.548745632171630859e+00 -1.407361198216676712e-01
9.767576932907104492e+00 1.551919460296630859e+00 -1.162457633763551712e-01
-6.030946016311645508e+00 3.894814968109130859e+00 -4.332318473607301712e-01
-5.015198945999145508e+00 4.095010280609130859e+00 -4.268994498997926712e-01
-3.410401582717895508e+00 4.095010280609130859e+00 -4.100079704076051712e-01
-1.798402070999145508e+00 4.121133327484130859e+00 -3.936047721654176712e-01
-1.215832233428955078e-01 4.149209499359130859e+00 -3.765607047826051712e-01
1.620054960250854492e+00 4.182900905609130859e+00 -3.589520622044801712e-01
-4.923717975616455078e-01 4.211953639984130859e+00 -3.841443229466676712e-01
1.104674100875854492e+00 4.298257350921630859e+00 -3.712353873997926712e-01
1.864755129814147949e+01 -6.099569797515869141e+00 3.431963752955198288e-01
1.872076296806335449e+01 -5.272665500640869141e+00 3.222460579127073288e-01
1.880044436454772949e+01 -4.455160617828369141e+00 3.016161751002073288e-01
1.914681887626647949e+01 -3.735556125640869141e+00 2.866320442408323288e-01
2.039465212821960449e+01 -3.337118625640869141e+00 2.904162239283323288e-01
2.261010622978210449e+01 -3.254599094390869141e+00 3.160052131861448288e-01
2.020349001884460449e+01 -2.755087375640869141e+00 2.559771370142698288e-01
-3.025958371162414551e+01 1.195145559310913086e+01 -4.499707389622926712e-01
-3.012609982490539551e+01 1.189920949935913086e+01 -2.125592399388551712e-01
-3.340979123115539551e+01 1.321036672592163086e+01 -5.040326286107301712e-01
-3.333117794990539551e+01 1.318045949935913086e+01 -2.648358512669801712e-01
-5.018222057819366455e+02 2.939180083274841309e+02 7.467220537364482880e-02
-5.481865856647491455e+02 3.056955962181091309e+02 -5.282635856419801712e-01
-5.480711071491241455e+02 3.057300200462341309e+02 -5.234875846654176712e-01
-5.017196667194366455e+02 2.938787016868591309e+02 3.300585579127073288e-01
-8.548182995319366455e+02 3.235416655540466309e+02 3.902544807642698288e-01
-8.547230846881866455e+02 3.236437163352966309e+02 3.951067756861448288e-01
-7.741088268756866455e+02 3.336085600852966309e+02 3.667338831350207329e+00
-7.749938366413116455e+02 3.336811919212341309e+02 3.556697351858019829e+00
-8.572029430866241455e+02 3.233779692649841309e+02 3.690600227564573288e-01
-8.571586315631866455e+02 3.234739165306091309e+02 3.716845344752073288e-01
-8.570380260944366455e+02 3.235779204368591309e+02 3.772387336939573288e-01
-8.547514050006866455e+02 3.239142241477966309e+02 4.663653206080198288e-01
-7.750454723834991455e+02 3.331516509056091309e+02 3.548137171193957329e+00
-7.742219860553741455e+02 3.340360503196716309e+02 3.590159876272082329e+00
-9.101740124225616455e+02 3.211341948509216309e+02 3.811602424830198288e-01
-9.110432751178741455e+02 3.211214995384216309e+02 4.054522346705198288e-01
-9.119970104694366455e+02 3.210044341087341309e+02 4.009508918970823288e-01
-9.119207165241241455e+02 3.211172270774841309e+02 4.054217170923948288e-01
-9.129299938678741455e+02 3.207923979759216309e+02 3.928332161158323288e-01
-9.128947155475616455e+02 3.209007964134216309e+02 3.955035042017698288e-01
-9.128439342975616455e+02 3.210113921165466309e+02 3.987078499048948288e-01
-9.127857067584991455e+02 3.211238188743591309e+02 4.025225471705198288e-01
-9.146710827350616455e+02 3.208325591087341309e+02 3.962359260767698288e-01
-9.146254284381866455e+02 3.209455962181091309e+02 3.990740608423948288e-01
-9.145330212116241455e+02 3.210642485618591309e+02 4.035601448267698288e-01
-8.356876842975616455e+02 3.304112944602966309e+02 3.157985193654894829e+00
-1.015813782930374146e+03 3.165503325462341309e+02 8.720965217798948288e-01
-1.016566224336624146e+03 3.181258940696716309e+02 8.841509651392698288e-01
