9.464331567287445068e+00 -5.379631429910659790e+00 1.399797964841127396e-01
9.524512231349945068e+00 -5.316276937723159790e+00 1.382860708981752396e-01
9.581152856349945068e+00 -5.250358968973159790e+00 1.364397574216127396e-01
9.638281762599945068e+00 -5.183952718973159790e+00 1.345781851559877396e-01
9.682654321193695068e+00 -5.110344320535659790e+00 1.330370474606752396e-01
9.721472680568695068e+00 -5.033073812723159790e+00 1.316332388669252396e-01
9.760107934474945068e+00 -4.956291586160659790e+00 1.302446890622377396e-01
9.794531762599945068e+00 -4.877190023660659790e+00 1.287035513669252396e-01
1.023844045400619507e+01 -5.864372640848159790e+00 1.720232535153627396e-01
1.030051320791244507e+01 -5.793205648660659790e+00 1.700701285153627396e-01
1.036258596181869507e+01 -5.721672445535659790e+00 1.681322623044252396e-01
1.042966359853744507e+01 -5.652458578348159790e+00 1.663622427731752396e-01
1.049216359853744507e+01 -5.580559164285659790e+00 1.643938589841127396e-01
1.055039113759994507e+01 -5.505363851785659790e+00 1.622423697263002396e-01
1.060965627431869507e+01 -5.431023031473159790e+00 1.603502798825502396e-01
1.065091603994369507e+01 -5.346550375223159790e+00 1.588244009763002396e-01
1.116007131338119507e+01 -6.441399008035659790e+00 2.103380728513002396e-01
1.122952932119369507e+01 -6.364250570535659790e+00 2.082781363278627396e-01
1.129917043447494507e+01 -6.286735922098159790e+00 2.062029410153627396e-01
1.136929982900619507e+01 -6.208732992410659790e+00 2.041277457028627396e-01
1.143949025869369507e+01 -6.130730062723159790e+00 2.020372916013002396e-01
1.151010793447494507e+01 -6.052116781473159790e+00 1.999315787106752396e-01
1.158072561025619507e+01 -5.973625570535659790e+00 1.978411246091127396e-01
1.165158742666244507e+01 -5.894890218973159790e+00 1.957354117184877396e-01
1.227255910634994507e+01 -7.137932211160659790e+00 2.566027212888002396e-01
1.235813039541244507e+01 -7.057854086160659790e+00 2.546801138669252396e-01
1.243741506338119507e+01 -6.973381429910659790e+00 2.524828482419252396e-01
1.251724904775619507e+01 -6.888298422098159790e+00 2.502550650388002396e-01
1.259714406728744507e+01 -6.803093343973159790e+00 2.480272818356752396e-01
1.267764943838119507e+01 -6.717277914285659790e+00 2.457994986325502396e-01
1.275809377431869507e+01 -6.631584554910659790e+00 2.435564566403627396e-01
1.283188527822494507e+01 -6.541618734598159790e+00 2.410387564450502396e-01
1.365793508291244507e+01 -8.005363851785659790e+00 3.142656851559877396e-01
1.374912160634994507e+01 -7.912834554910659790e+00 3.119310904294252396e-01
1.384067434072494507e+01 -7.819939047098159790e+00 3.095812369138002396e-01
1.393295949697494507e+01 -7.726311117410659790e+00 3.072161246091127396e-01
1.402530568838119507e+01 -7.632561117410659790e+00 3.048357535153627396e-01
1.411832326650619507e+01 -7.538078695535659790e+00 3.024553824216127396e-01
1.421140187978744507e+01 -7.443596273660659790e+00 3.000597525388002396e-01
1.430490773916244507e+01 -7.348747640848159790e+00 2.976641226559877396e-01
1.540653127431869507e+01 -9.100212484598159790e+00 3.872026968747377396e-01
1.552493947744369507e+01 -9.004387289285659790e+00 3.851580191403627396e-01
1.563321584463119507e+01 -8.901237875223159790e+00 3.826555777341127396e-01
1.574240773916244507e+01 -8.797356039285659790e+00 3.801378775388002396e-01
1.585080617666244507e+01 -8.692863851785659790e+00 3.776201773434877396e-01
1.595981496572494507e+01 -8.587273031473159790e+00 3.750719595700502396e-01
1.606894582509994507e+01 -8.481560140848159790e+00 3.725390005856752396e-01
1.616727346181869507e+01 -8.369133383035659790e+00 3.695330191403627396e-01
1.771277517080307007e+01 -1.054430428147315979e+01 4.835161734372377396e-01
1.784207814931869507e+01 -1.042858162522315979e+01 4.808916617184877396e-01
1.797141164541244507e+01 -1.031188240647315979e+01 4.782518912106752396e-01
1.810251516103744507e+01 -1.019445076584815979e+01 4.755816031247377396e-01
1.823383229970932007e+01 -1.007689705491065979e+01 4.729113150388002396e-01
1.836630910634994507e+01 -9.958244711160659790e+00 4.702257681638002396e-01
1.849903005361557007e+01 -9.839348226785659790e+00 4.675402212888002396e-01
1.863248342275619507e+01 -9.719841390848159790e+00 4.648241568356752396e-01
1.795508474111557007e+01 -1.069432869553565979e+01 5.784105826169252396e-01
1.854160207509994507e+01 -1.085704842209815979e+01 5.816149283200502396e-01
1.916303151845932007e+01 -1.102953377366065979e+01 5.855211783200502396e-01
1.982498830556869507e+01 -1.121312752366065979e+01 5.891527701169252396e-01
2.052655690908432007e+01 -1.140782967209815979e+01 5.929979849606752396e-01
2.126087087392807007e+01 -1.160704842209815979e+01 5.969194937497377396e-01
2.183548635244369507e+01 -1.170372810959815979e+01 5.982012320309877396e-01
2.200189870595932007e+01 -1.156603279709815979e+01 5.953630972653627396e-01
1.795108693838119507e+01 -1.068993416428565979e+01 6.720079947263002396e-01
1.853736013174057007e+01 -1.085253182053565979e+01 6.779131460934877396e-01
1.915851491689682007e+01 -1.102477303147315979e+01 6.841692496091127396e-01
1.982019704580307007e+01 -1.120824471116065979e+01 6.908373404294252396e-01
2.052146047353744507e+01 -1.140282478928565979e+01 6.979021597653627396e-01
2.125559133291244507e+01 -1.160179939866065979e+01 7.051958609372377396e-01
2.202402395009994507e+01 -1.180675545334815979e+01 7.127489615231752396e-01
2.284400075674057007e+01 -1.202550545334815979e+01 7.208056021481752396e-01
1.864484304189682007e+01 -1.112267342209815979e+01 7.814135123044252396e-01
1.930860036611557007e+01 -1.132482185959815979e+01 7.916063833981752396e-01
1.949207204580307007e+01 -1.122411385178565979e+01 7.905077505856752396e-01
1.981546682119369507e+01 -1.120336189866065979e+01 7.924913931638002396e-01
2.051639455556869507e+01 -1.139769783616065979e+01 8.027605582028627396e-01
2.125031179189682007e+01 -1.159655037522315979e+01 8.134111929684877396e-01
2.201840871572494507e+01 -1.180138435959815979e+01 8.244738150388002396e-01
2.283798879384994507e+01 -1.201989021897315979e+01 8.362841177731752396e-01
1.864304250478744507e+01 -1.111962166428565979e+01 8.788103628903627396e-01
2.005676931142807007e+01 -1.156285896897315979e+01 9.074816275388002396e-01
2.296671193838119507e+01 -1.232909432053565979e+01 9.625048208981752396e-01
1.864124196767807007e+01 -1.111644783616065979e+01 9.756731558591127396e-01
2.005481618642807007e+01 -1.155956307053565979e+01 1.010951476171612740e+00
2.296451467275619507e+01 -1.232543221116065979e+01 1.079265074804425240e+00
1.742862600088119507e+01 -1.035521736741065979e+01 1.024989562109112740e+00
1.800461477041244507e+01 -1.051720467209815979e+01 1.041484313085675240e+00
1.861383718252182007e+01 -1.068810310959815979e+01 1.058406310155987740e+00
1.925235646963119507e+01 -1.086376228928565979e+01 1.076564269140362740e+00
1.992487233877182007e+01 -1.104760017991065979e+01 1.095637755468487740e+00
2.064331716299057007e+01 -1.124401131272315979e+01 1.116023497655987740e+00
2.140924733877182007e+01 -1.145397225022315979e+01 1.138347106054425240e+00
2.220810598134994507e+01 -1.166747322678565979e+01 1.160869078710675240e+00
1.756183522939682007e+01 -1.043676033616065979e+01 1.121364073827862740e+00
1.814063161611557007e+01 -1.059899178147315979e+01 1.140590148046612740e+00
1.874603933095932007e+01 -1.076586189866065979e+01 1.160609679296612740e+00
1.937369436025619507e+01 -1.093358650803565979e+01 1.181178526952862740e+00
2.003699392080307007e+01 -1.111058846116065979e+01 1.202922301366925240e+00
2.074454396963119507e+01 -1.129943123459815979e+01 1.226100401952862740e+00
2.149561208486557007e+01 -1.149987068772315979e+01 1.250712828710675240e+00
2.227857106924057007e+01 -1.170372810959815979e+01 1.276179747655987740e+00
1.747763723134994507e+01 -1.038219490647315979e+01 1.208705382421612740e+00
1.807092946767807007e+01 -1.055419197678565979e+01 1.230876402929425240e+00
1.870304006338119507e+01 -1.073802986741065979e+01 1.255031066015362740e+00
1.936225026845932007e+01 -1.092479744553565979e+01 1.280040221288800240e+00
2.006055349111557007e+01 -1.112218514084815979e+01 1.306529479101300240e+00
2.079706472158432007e+01 -1.132714119553565979e+01 1.334346251562237740e+00
2.156461232900619507e+01 -1.153624764084815979e+01 1.363154845312237740e+00
2.236304372549057007e+01 -1.174755135178565979e+01 1.393519835546612740e+00
1.754535573720932007e+01 -1.042284432053565979e+01 1.303157286718487740e+00
1.810010427236557007e+01 -1.057030525803565979e+01 1.326396422460675240e+00
1.866532033681869507e+01 -1.071324959397315979e+01 1.349803404882550240e+00
1.929773610830307007e+01 -1.088451424241065979e+01 1.376429991796612740e+00
1.994074147939682007e+01 -1.105052986741065979e+01 1.403178649023175240e+00
2.062537282705307007e+01 -1.122728767991065979e+01 1.431666808202862740e+00
2.140058034658432007e+01 -1.144237557053565979e+01 1.464503722265362740e+00
2.225571340322494507e+01 -1.168639412522315979e+01 1.500987486913800240e+00
1.756717580556869507e+01 -1.043468514084815979e+01 1.396022276952862740e+00
1.819312185049057007e+01 -1.062548103928565979e+01 1.425639586523175240e+00
2.004511159658432007e+01 -1.154320564866065979e+01 1.529307799413800240e+00
2.295346730947494507e+01 -1.230712166428565979e+01 1.664119200780987740e+00
1.863040822744369507e+01 -1.109801521897315979e+01 1.558207945898175240e+00
2.004318898916244507e+01 -1.153990975022315979e+01 1.633265929296612740e+00
2.151142019033432007e+01 -1.195775642991065979e+01 1.709483580663800240e+00
2.295127004384994507e+01 -1.230345955491065979e+01 1.781428771093487740e+00
1.862860769033432007e+01 -1.109484139084815979e+01 1.655513243749737740e+00
1.919873708486557007e+01 -1.102880135178565979e+01 1.677257018163800240e+00
1.961734670400619507e+01 -1.106749764084815979e+01 1.696696715429425240e+00
2.030231374502182007e+01 -1.125402107834815979e+01 1.735026793554425240e+00
2.103403371572494507e+01 -1.145323982834815979e+01 1.776545958593487740e+00
2.180542653799057007e+01 -1.166149178147315979e+01 1.819652037695050240e+00
2.261371511220932007e+01 -1.187535896897315979e+01 1.864619689062237740e+00
1.777237600088119507e+01 -1.055748787522315979e+01 1.686442809179425240e+00
1.835956472158432007e+01 -1.072191658616065979e+01 1.721751647070050240e+00
1.897653859853744507e+01 -1.089293709397315979e+01 1.759273009374737740e+00
1.962384694814682007e+01 -1.106920662522315979e+01 1.798503356054425240e+00
2.030930227041244507e+01 -1.125585213303565979e+01 1.840022521093487740e+00
2.104151052236557007e+01 -1.145531502366065979e+01 1.884395079687237740e+00
2.181326955556869507e+01 -1.166356697678565979e+01 1.931056456640362740e+00
9.794653832912445068e+00 -4.876945883035659790e+00 1.287035513669252396e-01
9.833777368068695068e+00 -4.800529867410659790e+00 1.273302603513002396e-01
9.868750512599945068e+00 -4.721916586160659790e+00 1.258196402341127396e-01
9.903784692287445068e+00 -4.643181234598159790e+00 1.242937613278627396e-01
9.938635766506195068e+00 -4.564690023660659790e+00 1.227831412106752396e-01
9.973608911037445068e+00 -4.486076742410659790e+00 1.212725210934877396e-01
1.000845998525619507e+01 -4.407707601785659790e+00 1.197619009763002396e-01
1.003891652822494507e+01 -4.327507406473159790e+00 1.181139517575502396e-01
1.065103811025619507e+01 -5.346184164285659790e+00 1.588091421872377396e-01
1.068839162588119507e+01 -5.259636312723159790e+00 1.571459341794252396e-01
1.072574514150619507e+01 -5.173210531473159790e+00 1.554827261716127396e-01
1.076822561025619507e+01 -5.089226156473159790e+00 1.539873648434877396e-01
1.080551809072494507e+01 -5.002922445535659790e+00 1.523394156247377396e-01
1.083774465322494507e+01 -4.913933187723159790e+00 1.505083609372377396e-01
1.087497609853744507e+01 -4.827873617410659790e+00 1.488451529294252396e-01
1.091208547353744507e+01 -4.741814047098159790e+00 1.471972037106752396e-01
1.165195363759994507e+01 -5.894646078348159790e+00 1.957201529294252396e-01
1.171890920400619507e+01 -5.813225179910659790e+00 1.934618521481752396e-01
1.176889699697494507e+01 -5.722526937723159790e+00 1.914629507809877396e-01
1.180960744619369507e+01 -5.626579672098159790e+00 1.896013785153627396e-01
1.185013478994369507e+01 -5.530998617410659790e+00 1.877550650388002396e-01
1.189072316884994507e+01 -5.435173422098159790e+00 1.858934927731752396e-01
1.193112844228744507e+01 -5.339836508035659790e+00 1.840471792966127396e-01
1.197153371572494507e+01 -5.244621664285659790e+00 1.822008658200502396e-01
1.283225148916244507e+01 -6.541374593973159790e+00 2.410234976559877396e-01
1.291623586416244507e+01 -6.456413656473159790e+00 2.388872671872377396e-01
1.299356740713119507e+01 -6.367302328348159790e+00 2.364611197263002396e-01
1.307144826650619507e+01 -6.277580648660659790e+00 2.340197134763002396e-01
1.314401906728744507e+01 -6.185051351785659790e+00 2.316240835934877396e-01
1.318845266103744507e+01 -6.077751547098159790e+00 2.295183707028627396e-01
1.323270314931869507e+01 -5.970817953348159790e+00 2.274279166013002396e-01
1.326914113759994507e+01 -5.860466390848159790e+00 2.250933218747377396e-01
1.430533498525619507e+01 -7.348381429910659790e+00 2.976488638669252396e-01
1.439487355947494507e+01 -7.250725179910659790e+00 2.950701285153627396e-01
1.448404592275619507e+01 -7.152092367410659790e+00 2.924913931638002396e-01
1.457376760244369507e+01 -7.052605062723159790e+00 2.898821402341127396e-01
1.466355031728744507e+01 -6.953117758035659790e+00 2.872728873044252396e-01
1.475406545400619507e+01 -6.852775961160659790e+00 2.846483755856752396e-01
1.484464162588119507e+01 -6.752312093973159790e+00 2.820086050778627396e-01
1.491159719228744507e+01 -6.640007406473159790e+00 2.795061636716127396e-01
1.616770070791244507e+01 -8.368767172098159790e+00 3.695330191403627396e-01
1.628464406728744507e+01 -8.265739828348159790e+00 3.672136832028627396e-01
1.639072316884994507e+01 -8.155998617410659790e+00 3.644518423825502396e-01
1.649771779775619507e+01 -8.045280843973159790e+00 3.616747427731752396e-01
1.660489553213119507e+01 -7.934318929910659790e+00 3.588823843747377396e-01
1.671298879384994507e+01 -7.822502523660659790e+00 3.560595083981752396e-01
1.682126516103744507e+01 -7.710441976785659790e+00 3.532366324216127396e-01
1.691794484853744507e+01 -7.592155843973159790e+00 3.499865103513002396e-01
1.863306325674057007e+01 -9.719597250223159790e+00 4.648088980466127396e-01
1.876245778799057007e+01 -9.596794515848159790e+00 4.619097281247377396e-01
1.889258474111557007e+01 -9.473259359598159790e+00 4.589800406247377396e-01
1.902393239736557007e+01 -9.348503500223159790e+00 4.560198355466127396e-01
1.915543264150619507e+01 -9.223503500223159790e+00 4.530596304684877396e-01
1.928653615713119507e+01 -9.096428304910659790e+00 4.500536490231752396e-01
1.941791433095932007e+01 -8.969108968973159790e+00 4.470476675778627396e-01
1.955005544424057007e+01 -8.841179281473159790e+00 4.440264273434877396e-01
2.200266164541244507e+01 -1.156566658616065979e+01 5.953630972653627396e-01
2.216416066884994507e+01 -1.142394295334815979e+01 5.922960806638002396e-01
2.234821218252182007e+01 -1.129259529709815979e+01 5.900530386716127396e-01
2.251227468252182007e+01 -1.114818611741065979e+01 5.869402457028627396e-01
2.267685598134994507e+01 -1.100341072678565979e+01 5.838274527341127396e-01
2.284308522939682007e+01 -1.085704842209815979e+01 5.806841421872377396e-01
2.298700612783432007e+01 -1.069921150803565979e+01 5.766863394528627396e-01
2.315463918447494507e+01 -1.055162850022315979e+01 5.735125113278627396e-01
2.284900563955307007e+01 -1.202745857834815979e+01 7.208666373044252396e-01
2.372666066884994507e+01 -1.226158943772315979e+01 7.294115591794252396e-01
2.466834157705307007e+01 -1.251293221116065979e+01 7.385820914059877396e-01
2.565058034658432007e+01 -1.276635017991065979e+01 7.479509878903627396e-01
2.669769948720932007e+01 -1.303514900803565979e+01 7.578997183591127396e-01
2.783063405752182007e+01 -1.332592049241065979e+01 7.686571646481752396e-01
2.827100270986557007e+01 -1.326061287522315979e+01 7.687334585934877396e-01
2.849793142080307007e+01 -1.308715096116065979e+01 7.655443716794252396e-01
2.284305471181869507e+01 -1.202184334397315979e+01 8.363756705075502396e-01
2.372034353017807007e+01 -1.225573006272315979e+01 8.489794302731752396e-01
2.466156667470932007e+01 -1.250670662522315979e+01 8.624987173825502396e-01
2.564353078603744507e+01 -1.276000252366065979e+01 8.763994742184877396e-01
2.669003957509994507e+01 -1.302843514084815979e+01 8.911699820309877396e-01
2.782236379384994507e+01 -1.331884041428565979e+01 9.071459341794252396e-01
2.903238576650619507e+01 -1.362694588303565979e+01 9.241747427731752396e-01
3.029709523916244507e+01 -1.393846932053565979e+01 9.417070914059877396e-01
2.445581716299057007e+01 -1.264843025803565979e+01 9.887194205075502396e-01
2.740430349111557007e+01 -1.338683357834815979e+01 1.043528990820050240e+00
2.880075734853744507e+01 -1.380040779709815979e+01 1.071238951757550240e+00
3.028989309072494507e+01 -1.423363533616065979e+01 1.100566344335675240e+00
3.134741872549057007e+01 -1.443395271897315979e+01 1.118480162695050240e+00
2.445923513174057007e+01 -1.264769783616065979e+01 1.112330870702862740e+00
2.879801076650619507e+01 -1.379601326584815979e+01 1.214808898046612740e+00
2.221338552236557007e+01 -1.166954842209815979e+01 1.161036925390362740e+00
2.306375783681869507e+01 -1.189550057053565979e+01 1.185115294530987740e+00
2.397348684072494507e+01 -1.213658943772315979e+01 1.210216002538800240e+00
2.494910329580307007e+01 -1.239354744553565979e+01 1.237742858007550240e+00
2.597400563955307007e+01 -1.265795174241065979e+01 1.266490416601300240e+00
2.708356374502182007e+01 -1.294420662522315979e+01 1.297603087499737740e+00
2.825434011220932007e+01 -1.324034920334815979e+01 1.331004576757550240e+00
2.950852102041244507e+01 -1.355455818772315979e+01 1.365916686132550240e+00
2.228372853994369507e+01 -1.170580330491065979e+01 1.276378111913800240e+00
2.311676687002182007e+01 -1.192150154709815979e+01 1.303645567968487740e+00
2.400873464345932007e+01 -1.215258064866065979e+01 1.332835631445050240e+00
2.496121877431869507e+01 -1.239720955491065979e+01 1.363948302343487740e+00
2.596079152822494507e+01 -1.264855232834815979e+01 1.396403746679425240e+00
2.704062551259994507e+01 -1.292003670334815979e+01 1.431483702734112740e+00
2.817789357900619507e+01 -1.320031014084815979e+01 1.468226866796612740e+00
2.941849416494369507e+01 -1.350865975022315979e+01 1.508387999609112740e+00
2.236832326650619507e+01 -1.174974861741065979e+01 1.393733458593487740e+00
2.322193044424057007e+01 -1.197557869553565979e+01 1.425197081640362740e+00
2.413742727041244507e+01 -1.221776619553565979e+01 1.459575133398175240e+00
2.511160939931869507e+01 -1.247203865647315979e+01 1.496043639257550240e+00
2.611621755361557007e+01 -1.272423592209815979e+01 1.533290343359112740e+00
2.718384450674057007e+01 -1.298802986741065979e+01 1.572719054296612740e+00
2.830261892080307007e+01 -1.325780525803565979e+01 1.613795714452862740e+00
2.949918264150619507e+01 -1.354381600022315979e+01 1.658442931249737740e+00
2.226138967275619507e+01 -1.168883553147315979e+01 1.501262145116925240e+00
2.317737478017807007e+01 -1.194921150803565979e+01 1.540614562109112740e+00
2.416580861806869507e+01 -1.223009529709815979e+01 1.583079772070050240e+00
2.878702443838119507e+01 -1.377831307053565979e+01 1.790477233007550240e+00
3.025525563955307007e+01 -1.420067635178565979e+01 1.853755431249737740e+00
2.446448415517807007e+01 -1.263756600022315979e+01 1.731807189062237740e+00
2.878427785634994507e+01 -1.377391853928565979e+01 1.933986144140362740e+00
3.025238698720932007e+01 -1.419603767991065979e+01 2.004130797460675240e+00
2.997647756338119507e+01 -1.376378670334815979e+01 1.977687316015362740e+00
2.347486013174057007e+01 -1.210387459397315979e+01 1.793818907812237740e+00
2.440183156728744507e+01 -1.234911385178565979e+01 1.841578917577862740e+00
2.537985891103744507e+01 -1.260228767991065979e+01 1.891749816015362740e+00
2.642090505361557007e+01 -1.286974373459815979e+01 1.945064024999737740e+00
2.754215139150619507e+01 -1.315648689866065979e+01 2.002421813085675240e+00
2.871814626455307007e+01 -1.344994392991065979e+01 2.062282042577862740e+00
2.999075978994369507e+01 -1.376732674241065979e+01 2.127055602148175240e+00
2.261908620595932007e+01 -1.187743416428565979e+01 1.864955382421612740e+00
2.348404592275619507e+01 -1.210631600022315979e+01 1.913569884374737740e+00
2.441178029775619507e+01 -1.235179939866065979e+01 1.965709166601300240e+00
2.539029592275619507e+01 -1.260497322678565979e+01 2.019771056249737740e+00
1.003903859853744507e+01 -4.327263265848159790e+00 1.181139517575502396e-01
1.007443898916244507e+01 -4.249260336160659790e+00 1.166185904294252396e-01
1.010550588369369507e+01 -4.169426351785659790e+00 1.150011587888002396e-01
1.013663381338119507e+01 -4.089348226785659790e+00 1.133684683591127396e-01
1.016763967275619507e+01 -4.009636312723159790e+00 1.117357779294252396e-01
1.019870656728744507e+01 -3.929680258035659790e+00 1.101183462888002396e-01
1.022965139150619507e+01 -3.849968343973159790e+00 1.084856558591127396e-01
1.025620168447494507e+01 -3.768669515848159790e+00 1.067308951169252396e-01
1.091220754384994507e+01 -4.741569906473159790e+00 1.471972037106752396e-01
1.094565480947494507e+01 -4.653923422098159790e+00 1.453966666013002396e-01
1.097922414541244507e+01 -4.566521078348159790e+00 1.436113882809877396e-01
1.101798146963119507e+01 -4.481071859598159790e+00 1.419939566403627396e-01
1.105155080556869507e+01 -4.393669515848159790e+00 1.402086783200502396e-01
1.107999318838119507e+01 -4.303825765848159790e+00 1.382402945309877396e-01
1.111344045400619507e+01 -4.216667562723159790e+00 1.364702749997377396e-01
1.114688771963119507e+01 -4.129509359598159790e+00 1.346849966794252396e-01
1.197159475088119507e+01 -5.244255453348159790e+00 1.822008658200502396e-01
1.200772756338119507e+01 -5.147209554910659790e+00 1.802172232419252396e-01
1.204379934072494507e+01 -5.050163656473159790e+00 1.782335806638002396e-01
1.207993215322494507e+01 -4.952873617410659790e+00 1.762499380856752396e-01
1.211594289541244507e+01 -4.856071859598159790e+00 1.742662955075502396e-01
1.215201467275619507e+01 -4.759025961160659790e+00 1.722979117184877396e-01
1.218796437978744507e+01 -4.662346273660659790e+00 1.703142691403627396e-01
1.222385305166244507e+01 -4.565788656473159790e+00 1.683458853513002396e-01
1.326926320791244507e+01 -5.860100179910659790e+00 2.250780630856752396e-01
1.331662648916244507e+01 -5.755119711160659790e+00 2.230944205075502396e-01
1.335617727041244507e+01 -5.646477133035659790e+00 2.208666373044252396e-01
1.339578908681869507e+01 -5.537590414285659790e+00 2.186235953122377396e-01
1.343521779775619507e+01 -5.429314047098159790e+00 2.163958121091127396e-01
1.347476857900619507e+01 -5.320671468973159790e+00 2.141680289059877396e-01
1.351413625478744507e+01 -5.212517172098159790e+00 2.119402457028627396e-01
1.354556936025619507e+01 -5.101311117410659790e+00 2.094683218747377396e-01
1.491171926259994507e+01 -6.639519125223159790e+00 2.795061636716127396e-01
1.495542043447494507e+01 -6.516228109598159790e+00 2.769426871091127396e-01
1.499906057119369507e+01 -6.392937093973159790e+00 2.743792105466127396e-01
1.504282277822494507e+01 -6.269524008035659790e+00 2.718157339841127396e-01
1.508634084463119507e+01 -6.146599203348159790e+00 2.692675162106752396e-01
1.512998098134994507e+01 -6.023430258035659790e+00 2.667040396481752396e-01
1.517343801259994507e+01 -5.900871664285659790e+00 2.641710806638002396e-01
1.521683400869369507e+01 -5.778435140848159790e+00 2.616228628903627396e-01
1.691849416494369507e+01 -7.591789633035659790e+00 3.499712515622377396e-01
1.703501027822494507e+01 -7.481926351785659790e+00 3.473772574216127396e-01
1.713992971181869507e+01 -7.365715414285659790e+00 3.443407583981752396e-01
1.719266408681869507e+01 -7.224846273660659790e+00 3.413347769528627396e-01
1.724124807119369507e+01 -7.082756429910659790e+00 3.383440542966127396e-01
1.728989309072494507e+01 -6.940544515848159790e+00 3.353533316403627396e-01
1.733707326650619507e+01 -6.798332601785659790e+00 3.323931265622377396e-01
1.737103933095932007e+01 -6.651115804910659790e+00 3.290056753903627396e-01
1.955069631338119507e+01 -8.840813070535659790e+00 4.440111685544252396e-01
1.967847341299057007e+01 -8.709465414285659790e+00 4.407915640622377396e-01
1.980704396963119507e+01 -8.577507406473159790e+00 4.375414419919252396e-01
1.993683522939682007e+01 -8.444084554910659790e+00 4.342760611325502396e-01
2.006702321767807007e+01 -8.310417562723159790e+00 4.309801626950502396e-01
2.018414968252182007e+01 -8.169304281473159790e+00 4.276232291013002396e-01
2.023697561025619507e+01 -8.001335531473159790e+00 4.240374136716127396e-01
2.028967946767807007e+01 -7.833610922098159790e+00 4.204668570309877396e-01
2.315534108877182007e+01 -1.055114021897315979e+01 5.734972525388002396e-01
2.331915944814682007e+01 -1.040013924241065979e+01 5.701098013669252396e-01
2.350839895009994507e+01 -1.025902596116065979e+01 5.675310660153627396e-01
2.367627614736557007e+01 -1.010558357834815979e+01 5.640978384763002396e-01
2.384482473134994507e+01 -9.951530843973159790e+00 5.606493521481752396e-01
2.401520437002182007e+01 -9.795769125223159790e+00 5.571550894528627396e-01
2.416178029775619507e+01 -9.629265218973159790e+00 5.528215933591127396e-01
2.433383840322494507e+01 -9.471916586160659790e+00 5.492968130856752396e-01
2.849909108877182007e+01 -1.308678475022315979e+01 7.655443716794252396e-01
2.872202199697494507e+01 -1.290905037522315979e+01 7.621416617184877396e-01
2.894495290517807007e+01 -1.272899666428565979e+01 7.586779166013002396e-01
2.916974538564682007e+01 -1.254637947678565979e+01 7.551836539059877396e-01
2.939517873525619507e+01 -1.236266365647315979e+01 7.516436148434877396e-01
2.962329763174057007e+01 -1.217662850022315979e+01 7.480730582028627396e-01
2.985260671377182007e+01 -1.198973885178565979e+01 7.444719839841127396e-01
3.008386892080307007e+01 -1.180114021897315979e+01 7.408556509763002396e-01
3.030567067861557007e+01 -1.394152107834815979e+01 9.418444205075502396e-01
3.167777150869369507e+01 -1.427953377366065979e+01 9.608263541013002396e-01
3.315473073720932007e+01 -1.463988533616065979e+01 9.811663199216127396e-01
3.471243947744369507e+01 -1.500780525803565979e+01 1.002315001562237740e+00
3.640708059072494507e+01 -1.540795174241065979e+01 1.025309996679425240e+00
3.819907277822494507e+01 -1.581713142991065979e+01 1.049281554296612740e+00
3.902924245595932007e+01 -1.579589119553565979e+01 1.055064635351300240e+00
3.937442678213119507e+01 -1.556456795334815979e+01 1.051845030859112740e+00
3.134940236806869507e+01 -1.443383064866065979e+01 1.118495421484112740e+00
3.170789235830307007e+01 -1.429015389084815979e+01 1.118846373632550240e+00
3.314441579580307007e+01 -1.463170662522315979e+01 1.145091490820050240e+00
3.470233815908432007e+01 -1.499962654709815979e+01 1.173503356054425240e+00
3.639804738759994507e+01 -1.540001717209815979e+01 1.204417662695050240e+00
3.818799489736557007e+01 -1.580834236741065979e+01 1.236674742773175240e+00
4.012097829580307007e+01 -1.624474373459815979e+01 1.271373229101300240e+00
4.217484182119369507e+01 -1.669542732834815979e+01 1.307887511327862740e+00
3.757135671377182007e+01 -1.590599861741065979e+01 1.416331725195050240e+00
3.907544606924057007e+01 -1.618114510178565979e+01 1.448420958593487740e+00
4.344605153799057007e+01 -1.720592537522315979e+01 1.548152403905987740e+00
2.951706594228744507e+01 -1.355760994553565979e+01 1.366191344335675240e+00
3.086759084463119507e+01 -1.389318123459815979e+01 1.403880553320050240e+00
3.229898732900619507e+01 -1.424047127366065979e+01 1.442714171484112740e+00
3.384879201650619507e+01 -1.461290779709815979e+01 1.485545592382550240e+00
3.550260061025619507e+01 -1.500316658616065979e+01 1.531032042577862740e+00
3.728638356924057007e+01 -1.541735115647315979e+01 1.579875426366925240e+00
3.922901052236557007e+01 -1.586608162522315979e+01 1.634013609960675240e+00
4.124713796377182007e+01 -1.631041756272315979e+01 1.688579039648175240e+00
2.942719167470932007e+01 -1.351183357834815979e+01 1.508708434179425240e+00
3.080679982900619507e+01 -1.386156502366065979e+01 1.553874449804425240e+00
3.227271169424057007e+01 -1.422509041428565979e+01 1.601588683202862740e+00
3.385883229970932007e+01 -1.461376228928565979e+01 1.653071837499737740e+00
3.555417531728744507e+01 -1.502172127366065979e+01 1.707850890234112740e+00
3.738345998525619507e+01 -1.545446053147315979e+01 1.766719298437237740e+00
3.933530324697494507e+01 -1.590599861741065979e+01 1.829188780859112740e+00
4.137036794424057007e+01 -1.635594978928565979e+01 1.893657164648175240e+00
2.950733083486557007e+01 -1.354662361741065979e+01 1.658763365820050240e+00
3.079773610830307007e+01 -1.385411873459815979e+01 1.705577330663800240e+00
3.225394338369369507e+01 -1.421312752366065979e+01 1.759684996679425240e+00
3.390265554189682007e+01 -1.462950935959815979e+01 1.821299986913800240e+00
3.567105764150619507e+01 -1.506871834397315979e+01 1.887126402929425240e+00
4.343381398916244507e+01 -1.718688240647315979e+01 2.183803038671612740e+00
3.610282033681869507e+01 -1.560277596116065979e+01 2.096599059179425240e+00
3.755713552236557007e+01 -1.588353767991065979e+01 2.154628233984112740e+00
3.969379323720932007e+01 -1.604601326584815979e+01 2.230784850195050240e+00
4.175022023916244507e+01 -1.650072517991065979e+01 2.314937071874737740e+00
2.998517507314682007e+01 -1.376683846116065979e+01 1.978129820898175240e+00
3.133655446767807007e+01 -1.409752693772315979e+01 2.040080504491925240e+00
3.278967946767807007e+01 -1.444933357834815979e+01 2.107417540624737740e+00
3.434101003408432007e+01 -1.481676521897315979e+01 2.178981261327862740e+00
3.601395314931869507e+01 -1.520983162522315979e+01 2.256038146093487740e+00
3.779898732900619507e+01 -1.561864510178565979e+01 2.337855773046612740e+00
2.999942678213119507e+01 -1.377037850022315979e+01 2.127528624609112740e+00
3.135178273916244507e+01 -1.410118904709815979e+01 2.196650939062237740e+00
1.025626271963119507e+01 -3.768425375223159790e+00 1.067308951169252396e-01
1.028781789541244507e+01 -3.689079672098159790e+00 1.051287222653627396e-01
1.031491750478744507e+01 -3.608147054910659790e+00 1.034044791013002396e-01
1.034213918447494507e+01 -3.526848226785659790e+00 1.016649771481752396e-01
1.036929982900619507e+01 -3.445915609598159790e+00 9.992547519505023956e-02
1.039646047353744507e+01 -3.364860922098159790e+00 9.818597324192523956e-02
1.042356008291244507e+01 -3.284050375223159790e+00 9.646173007786273956e-02
1.044620412588119507e+01 -3.201774984598159790e+00 9.460015781223773956e-02
1.114694875478744507e+01 -4.129265218973159790e+00 1.346849966794252396e-01
1.117636770009994507e+01 -4.040520101785659790e+00 1.327776480466127396e-01
1.120578664541244507e+01 -3.951897054910659790e+00 1.308702994138002396e-01
1.124051564931869507e+01 -3.864982992410659790e+00 1.291155386716127396e-01
1.126987355947494507e+01 -3.776359945535659790e+00 1.272234488278627396e-01
1.129410451650619507e+01 -3.685661703348159790e+00 1.251482535153627396e-01
1.132346242666244507e+01 -3.597282797098159790e+00 1.232561636716127396e-01
1.135275930166244507e+01 -3.508903890848159790e+00 1.213640738278627396e-01
1.222397512197494507e+01 -4.565544515848159790e+00 1.683458853513002396e-01
1.225553029775619507e+01 -4.467277914285659790e+00 1.662401724606752396e-01
1.228708547353744507e+01 -4.369133383035659790e+00 1.641344595700502396e-01
1.231870168447494507e+01 -4.270744711160659790e+00 1.620287466794252396e-01
1.235025686025619507e+01 -4.172844320535659790e+00 1.599230337888002396e-01
1.238181203603744507e+01 -4.074577718973159790e+00 1.578325796872377396e-01
1.241379445791244507e+01 -3.976921468973159790e+00 1.557268667966127396e-01
1.244577687978744507e+01 -3.879265218973159790e+00 1.536211539059877396e-01
1.354575246572494507e+01 -5.100944906473159790e+00 2.094683218747377396e-01
1.358829396963119507e+01 -4.994377523660659790e+00 2.073473501950502396e-01
1.362290090322494507e+01 -4.884636312723159790e+00 2.049822378903627396e-01
1.365762990713119507e+01 -4.774650961160659790e+00 2.026171255856752396e-01
1.369217580556869507e+01 -4.665153890848159790e+00 2.002672720700502396e-01
1.372684377431869507e+01 -4.555412679910659790e+00 1.979021597653627396e-01
1.376132863759994507e+01 -4.446037679910659790e+00 1.955370474606752396e-01
1.378781789541244507e+01 -4.334099203348159790e+00 1.929583121091127396e-01
1.521695607900619507e+01 -5.777946859598159790e+00 2.616228628903627396e-01
1.525534719228744507e+01 -5.653679281473159790e+00 2.589220572263002396e-01
1.529361623525619507e+01 -5.529411703348159790e+00 2.562365103513002396e-01
1.533206838369369507e+01 -5.404899984598159790e+00 2.535357046872377396e-01
1.537027639150619507e+01 -5.280876547098159790e+00 2.508348990231752396e-01
1.540860646963119507e+01 -5.156608968973159790e+00 2.481493521481752396e-01
1.544681447744369507e+01 -5.032829672098159790e+00 2.454638052731752396e-01
1.548490041494369507e+01 -4.909294515848159790e+00 2.427935171872377396e-01
1.737116140127182007e+01 -6.650627523660659790e+00 3.289904166013002396e-01
1.742603200674057007e+01 -6.512077718973159790e+00 3.262743521481752396e-01
1.746768850088119507e+01 -6.368400961160659790e+00 3.231463003903627396e-01
1.750940603017807007e+01 -6.224357992410659790e+00 3.200182486325502396e-01
1.755097097158432007e+01 -6.081047445535659790e+00 3.168901968747377396e-01
1.759259694814682007e+01 -5.937370687723159790e+00 3.137621451169252396e-01
1.763403981924057007e+01 -5.794426351785659790e+00 3.106493521481752396e-01
1.766208547353744507e+01 -5.647087484598159790e+00 3.071550894528627396e-01
2.028977102041244507e+01 -7.832878500223159790e+00 4.204668570309877396e-01
2.033661550283432007e+01 -7.663078695535659790e+00 4.167131949216127396e-01
2.038339895009994507e+01 -7.493523031473159790e+00 4.129747916013002396e-01
2.043030446767807007e+01 -7.323723226785659790e+00 4.092363882809877396e-01
2.047696584463119507e+01 -7.154655843973159790e+00 4.054979849606752396e-01
2.052362722158432007e+01 -6.985222250223159790e+00 4.017748404294252396e-01
2.056857961416244507e+01 -6.816032797098159790e+00 3.980516958981752396e-01
2.061340993642807007e+01 -6.647209554910659790e+00 3.943285513669252396e-01
2.433493703603744507e+01 -9.471550375223159790e+00 5.492815542966127396e-01
2.446893972158432007e+01 -9.297356039285659790e+00 5.452837515622377396e-01
2.454419606924057007e+01 -9.099235922098159790e+00 5.414385367184877396e-01
2.459268850088119507e+01 -8.890251547098159790e+00 5.367540884763002396e-01
2.464093679189682007e+01 -8.682365804910659790e+00 5.320848990231752396e-01
2.468921560049057007e+01 -8.474357992410659790e+00 5.274309683591127396e-01
2.471027272939682007e+01 -8.257927328348159790e+00 5.219835806638002396e-01
2.475815480947494507e+01 -8.051750570535659790e+00 5.173601675778627396e-01
3.008518117666244507e+01 -1.180077400803565979e+01 7.408556509763002396e-01
3.031345266103744507e+01 -1.160839119553565979e+01 7.370256949216127396e-01
3.054379934072494507e+01 -1.141429939866065979e+01 7.331499624997377396e-01
3.077713674306869507e+01 -1.121776619553565979e+01 7.292437124997377396e-01
3.100318044424057007e+01 -1.101683846116065979e+01 7.252001333981752396e-01
3.104804128408432007e+01 -1.074755135178565979e+01 7.189440298825502396e-01
3.109259694814682007e+01 -1.047997322678565979e+01 7.127337027341127396e-01
3.113700002431869507e+01 -1.021337166428565979e+01 7.065233755856752396e-01
3.937637990713119507e+01 -1.556407967209815979e+01 1.051860289648175240e+00
3.972202199697494507e+01 -1.532885017991065979e+01 1.048488097265362740e+00
4.006915944814682007e+01 -1.508971443772315979e+01 1.045054869726300240e+00
4.041586965322494507e+01 -1.484496346116065979e+01 1.041453795507550240e+00
4.076532644033432007e+01 -1.459825935959815979e+01 1.037837462499737740e+00
4.112000173330307007e+01 -1.434789314866065979e+01 1.034160094335675240e+00
4.147812551259994507e+01 -1.409557381272315979e+01 1.030467467382550240e+00
4.184043020009994507e+01 -1.384044685959815979e+01 1.026729064062237740e+00
4.218915456533432007e+01 -1.669982185959815979e+01 1.308177428320050240e+00
4.440973562002182007e+01 -1.717919197678565979e+01 1.347499327734112740e+00
4.675632375478744507e+01 -1.766735115647315979e+01 1.388560729101300240e+00
4.930911916494369507e+01 -1.818932381272315979e+01 1.432979064062237740e+00
5.199439138174057007e+01 -1.871605721116065979e+01 1.479091124609112740e+00
5.486765187978744507e+01 -1.926061287522315979e+01 1.527934508398175240e+00
5.793146413564682007e+01 -1.982262459397315979e+01 1.579493956640362740e+00
6.119650930166244507e+01 -2.039904060959815979e+01 1.633845763280987740e+00
4.344614309072494507e+01 -1.720458260178565979e+01 1.548121886327862740e+00
4.789304250478744507e+01 -1.810094490647315979e+01 1.645701842382550240e+00
5.082901662588119507e+01 -1.875621834397315979e+01 1.711940245702862740e+00
6.267081350088119507e+01 -2.089208260178565979e+01 1.964610533788800240e+00
4.126132863759994507e+01 -1.631481209397315979e+01 1.689006285741925240e+00
4.346427053213119507e+01 -1.679576912522315979e+01 1.748698668554425240e+00
4.582724660634994507e+01 -1.729857674241065979e+01 1.811152892187237740e+00
4.839163869619369507e+01 -1.783336678147315979e+01 1.879817442968487740e+00
5.111392873525619507e+01 -1.838170662522315979e+01 1.952113585546612740e+00
5.401709645986557007e+01 -1.894457283616065979e+01 2.028575377538800240e+00
5.709439748525619507e+01 -1.951854744553565979e+01 2.110377745702862740e+00
6.032291311025619507e+01 -2.008959236741065979e+01 2.193812804296612740e+00
4.138452810049057007e+01 -1.636034432053565979e+01 1.894145445898175240e+00
4.357590383291244507e+01 -1.683519783616065979e+01 1.963603453710675240e+00
4.593271535634994507e+01 -1.733434334397315979e+01 2.037929015234112740e+00
4.845880788564682007e+01 -1.785338631272315979e+01 2.117091612890362740e+00
5.108182424306869507e+01 -1.836437264084815979e+01 2.198405699804425240e+00
5.387848562002182007e+01 -1.888915291428565979e+01 2.284465270116925240e+00
5.683615773916244507e+01 -1.942235603928565979e+01 2.374782042577862740e+00
2.868109792470932007e+01 -9.364616781473159790e+00 1.356593566015362740e+00
4.343387502431869507e+01 -1.718541756272315979e+01 2.183757262304425240e+00
4.787961477041244507e+01 -1.808019295334815979e+01 2.341899352148175240e+00
5.081476491689682007e+01 -1.873424568772315979e+01 2.449168639257550240e+00
5.770905202627182007e+01 -1.971984139084815979e+01 2.682750182226300240e+00
6.076108449697494507e+01 -2.022472420334815979e+01 2.790004210546612740e+00
4.176456350088119507e+01 -1.650511971116065979e+01 2.315577941015362740e+00
4.396448415517807007e+01 -1.697924080491065979e+01 2.405711608007550240e+00
4.633127492666244507e+01 -1.747802010178565979e+01 2.502299742773175240e+00
4.888764089345932007e+01 -1.800402107834815979e+01 2.606181578710675240e+00
5.160163015127182007e+01 -1.854369392991065979e+01 2.715800719335675240e+00
1.044632619619369507e+01 -3.201408773660659790e+00 9.460015781223773956e-02
1.047397512197494507e+01 -3.120964437723159790e+00 9.289117343723773956e-02
1.049729055166244507e+01 -3.038933187723159790e+00 9.104485996067523956e-02
1.052060598134994507e+01 -2.956657797098159790e+00 8.919854648411273956e-02
1.054386037588119507e+01 -2.874748617410659790e+00 8.736749179661273956e-02
1.056717580556869507e+01 -2.792595297098159790e+00 8.552117832005023956e-02
1.059036916494369507e+01 -2.710686117410659790e+00 8.367486484348773956e-02
1.060910695791244507e+01 -2.627556234598159790e+00 8.172173984348773956e-02
1.135282033681869507e+01 -3.508659750223159790e+00 1.213488150388002396e-01
1.137808889150619507e+01 -3.418938070535659790e+00 1.193346548825502396e-01
1.140329641103744507e+01 -3.329216390848159790e+00 1.173204947263002396e-01
1.143393605947494507e+01 -3.240959554910659790e+00 1.154436636716127396e-01
1.145914357900619507e+01 -3.151359945535659790e+00 1.134295035153627396e-01
1.147916311025619507e+01 -3.059929281473159790e+00 1.112627554684877396e-01
1.150437062978744507e+01 -2.970329672098159790e+00 1.092485953122377396e-01
1.152951711416244507e+01 -2.880852133035659790e+00 1.072344351559877396e-01
1.244583791494369507e+01 -3.879021078348159790e+00 1.536058951169252396e-01
1.247342580556869507e+01 -3.780022054910659790e+00 1.513781119138002396e-01
1.250101369619369507e+01 -3.681023031473159790e+00 1.491503287106752396e-01
1.252872365713119507e+01 -3.581779867410659790e+00 1.469072867184877396e-01
1.255625051259994507e+01 -3.482902914285659790e+00 1.446795035153627396e-01
1.258389943838119507e+01 -3.383781820535659790e+00 1.424517203122377396e-01
1.261148732900619507e+01 -3.284904867410659790e+00 1.402239371091127396e-01
1.263901418447494507e+01 -3.186149984598159790e+00 1.379961539059877396e-01
1.378787893056869507e+01 -4.333732992410659790e+00 1.929430533200502396e-01
1.382559865713119507e+01 -4.225700765848159790e+00 1.907000113278627396e-01
1.385532277822494507e+01 -4.114982992410659790e+00 1.882128287106752396e-01
1.388510793447494507e+01 -4.004021078348159790e+00 1.857103873044252396e-01
1.391483205556869507e+01 -3.893425375223159790e+00 1.832232046872377396e-01
1.394461721181869507e+01 -3.782585531473159790e+00 1.807360220700502396e-01
1.397428029775619507e+01 -3.672233968973159790e+00 1.782640982419252396e-01
1.399576467275619507e+01 -3.559563070535659790e+00 1.755632925778627396e-01
1.548490041494369507e+01 -4.908806234598159790e+00 2.427782583981752396e-01
1.551792043447494507e+01 -4.783562093973159790e+00 2.399553824216127396e-01
1.555094045400619507e+01 -4.658317953348159790e+00 2.371325064450502396e-01
1.558402150869369507e+01 -4.532829672098159790e+00 2.342943716794252396e-01
1.561691945791244507e+01 -4.407829672098159790e+00 2.314714957028627396e-01
1.564908498525619507e+01 -4.282219320535659790e+00 2.286486197263002396e-01
1.568106740713119507e+01 -4.157219320535659790e+00 2.258410025388002396e-01
1.571311086416244507e+01 -4.032219320535659790e+00 2.230333853513002396e-01
1.766211599111557007e+01 -5.646477133035659790e+00 3.071398306638002396e-01
1.771137136220932007e+01 -5.506584554910659790e+00 3.042711783200502396e-01
1.774729055166244507e+01 -5.362175375223159790e+00 3.010057974606752396e-01
1.778327077627182007e+01 -5.217399984598159790e+00 2.977251578122377396e-01
1.781909841299057007e+01 -5.073357015848159790e+00 2.944750357419252396e-01
1.785501760244369507e+01 -4.928825765848159790e+00 2.912096548825502396e-01
1.789078420400619507e+01 -4.785026937723159790e+00 2.879595328122377396e-01
1.791300100088119507e+01 -4.637566000223159790e+00 2.843279410153627396e-01
2.061356252431869507e+01 -6.646599203348159790e+00 3.943132925778627396e-01
2.065256398916244507e+01 -6.476066976785659790e+00 3.904375601559877396e-01
2.069150441884994507e+01 -6.305656820535659790e+00 3.865618277341127396e-01
2.073056691884994507e+01 -6.134880453348159790e+00 3.826860953122377396e-01
2.076941579580307007e+01 -5.964958578348159790e+00 3.788103628903627396e-01
2.080835622549057007e+01 -5.794548422098159790e+00 3.749346304684877396e-01
2.084711354970932007e+01 -5.624992758035659790e+00 3.710741568356752396e-01
2.088584035634994507e+01 -5.455681234598159790e+00 3.672289419919252396e-01
2.475806325674057007e+01 -8.050896078348159790e+00 5.173449087888002396e-01
2.479975026845932007e+01 -7.843010336160659790e+00 5.125383902341127396e-01
2.486841481924057007e+01 -7.644157797098159790e+00 5.085405874997377396e-01
2.491016286611557007e+01 -7.435905843973159790e+00 5.037340689450502396e-01
2.495169728994369507e+01 -7.228752523660659790e+00 4.989580679684877396e-01
2.499326223134994507e+01 -7.021355062723159790e+00 4.941820669919252396e-01
2.500980275869369507e+01 -6.807854086160659790e+00 4.886736441403627396e-01
2.505350393056869507e+01 -6.602653890848159790e+00 4.839281607419252396e-01
3.113672536611557007e+01 -1.021227303147315979e+01 7.065081167966127396e-01
2.899213308095932007e+01 -9.223991781473159790e+00 6.758989859372377396e-01
3.121613210439682007e+01 -9.678215414285659790e+00 6.938433218747377396e-01
3.125867360830307007e+01 -9.412102133035659790e+00 6.875567007809877396e-01
3.130094045400619507e+01 -9.147575765848159790e+00 6.813005972653627396e-01
3.134329885244369507e+01 -8.882683187723159790e+00 6.750292349606752396e-01
3.138538259267807007e+01 -8.619377523660659790e+00 6.688036490231752396e-01
2.921021169424057007e+01 -7.745598226785659790e+00 6.408648062497377396e-01
4.184247487783432007e+01 -1.383983650803565979e+01 1.026729064062237740e+00
2.917920583486557007e+01 -9.282585531473159790e+00 8.153032828122377396e-01
3.179495900869369507e+01 -9.860466390848159790e+00 8.496965933591127396e-01
4.216779226064682007e+01 -1.280797615647315979e+01 1.002849059179425240e+00
4.218753713369369507e+01 -1.243749275803565979e+01 9.935564566403627396e-01
4.220725148916244507e+01 -1.206725350022315979e+01 9.842638541013002396e-01
4.222681325674057007e+01 -1.169982185959815979e+01 9.750322867184877396e-01
2.909445852041244507e+01 -7.710564047098159790e+00 7.745623160153627396e-01
6.121890920400619507e+01 -2.040465584397315979e+01 1.634257750585675240e+00
2.916028493642807007e+01 -9.273186117410659790e+00 9.529680777341127396e-01
2.893567556142807007e+01 -8.940178304910659790e+00 9.413408804684877396e-01
2.872046560049057007e+01 -8.614738851785659790e+00 9.300341177731752396e-01
2.877994436025619507e+01 -8.378410726785659790e+00 9.244036246091127396e-01
2.956629079580307007e+01 -8.354607015848159790e+00 9.331316519528627396e-01
2.917883962392807007e+01 -7.985100179910659790e+00 9.185900259763002396e-01
2.894666188955307007e+01 -7.666618734598159790e+00 9.072680044919252396e-01
6.267084401845932007e+01 -2.089012947678565979e+01 1.964549498632550240e+00
2.837326711416244507e+01 -9.010490804910659790e+00 1.070064024999737740e+00
2.836817067861557007e+01 -8.755119711160659790e+00 1.062785582616925240e+00
2.840531057119369507e+01 -8.513420492410659790e+00 1.056575255468487740e+00
2.845822805166244507e+01 -8.277946859598159790e+00 1.050792174413800240e+00
2.852298635244369507e+01 -8.045524984598159790e+00 1.045283751562237740e+00
2.862323659658432007e+01 -7.823967367410659790e+00 1.040675597265362740e+00
2.881803029775619507e+01 -7.628044515848159790e+00 1.038325743749737740e+00
2.865671437978744507e+01 -9.358513265848159790e+00 1.220500426366925240e+00
2.841513723134994507e+01 -9.021232992410659790e+00 1.205516295507550240e+00
2.840781301259994507e+01 -8.764763265848159790e+00 1.197078185155987740e+00
2.844251149892807007e+01 -8.521965414285659790e+00 1.190608458593487740e+00
2.849381154775619507e+01 -8.285637289285659790e+00 1.184688048437237740e+00
2.856110280752182007e+01 -8.053581625223159790e+00 1.179225401952862740e+00
2.865900319814682007e+01 -7.831047445535659790e+00 1.175380187109112740e+00
2.884088796377182007e+01 -7.631218343973159790e+00 1.173243956640362740e+00
2.867465871572494507e+01 -9.361565023660659790e+00 1.356334166601300240e+00
2.843280690908432007e+01 -9.024040609598159790e+00 1.339824156835675240e+00
2.842038625478744507e+01 -8.765739828348159790e+00 1.331523375585675240e+00
2.844977468252182007e+01 -8.521110922098159790e+00 1.324702696874737740e+00
2.849912160634994507e+01 -8.284172445535659790e+00 1.318614440038800240e+00
2.856696218252182007e+01 -8.052116781473159790e+00 1.313151793554425240e+00
2.866147512197494507e+01 -7.828606039285659790e+00 1.308619933202862740e+00
2.886240285634994507e+01 -7.633903890848159790e+00 1.307643370702862740e+00
6.078317922353744507e+01 -2.023033943772315979e+01 2.790828185155987740e+00
2.844351857900619507e+01 -9.024406820535659790e+00 1.474040465429425240e+00
2.845755666494369507e+01 -8.774528890848159790e+00 1.466380553320050240e+00
2.850018972158432007e+01 -8.533684164285659790e+00 1.459880309179425240e+00
2.855271047353744507e+01 -8.297233968973159790e+00 1.453792052343487740e+00
2.861478322744369507e+01 -8.063103109598159790e+00 1.448070006445050240e+00
2.869690603017807007e+01 -7.835564047098159790e+00 1.443156676366925240e+00
2.889917653799057007e+01 -7.640861898660659790e+00 1.443553404882550240e+00
2.850324147939682007e+01 -9.041008383035659790e+00 1.611278014257550240e+00
2.847504323720932007e+01 -8.777092367410659790e+00 1.601451354101300240e+00
2.850366872549057007e+01 -8.531731039285659790e+00 1.594172911718487740e+00
2.855249685049057007e+01 -8.294060140848159790e+00 1.587840514257550240e+00
2.861890310049057007e+01 -8.061149984598159790e+00 1.582255797460675240e+00
2.871979421377182007e+01 -7.838982015848159790e+00 1.578212218359112740e+00
2.907770437002182007e+01 -7.686882406473159790e+00 1.585231261327862740e+00
2.872281545400619507e+01 -9.110222250223159790e+00 1.756358580663800240e+00
2.996448415517807007e+01 -8.982658773660659790e+00 1.799434142187237740e+00
2.929547780752182007e+01 -8.515129476785659790e+00 1.757472472265362740e+00
2.932694143056869507e+01 -8.265251547098159790e+00 1.749949889257550240e+00
2.889279836416244507e+01 -7.884880453348159790e+00 1.720027403905987740e+00
3.030292409658432007e+01 -8.020256429910659790e+00 1.779506163671612740e+00
3.058353322744369507e+01 -9.445305258035659790e+00 1.984034972265362740e+00
2.907544606924057007e+01 -7.933464437723159790e+00 1.864726500585675240e+00
2.904172414541244507e+01 -8.948967367410659790e+00 2.037425475195050240e+00
2.895520681142807007e+01 -8.662590414285659790e+00 2.021846251562237740e+00
2.898142141103744507e+01 -8.414055258035659790e+00 2.013713316991925240e+00
2.905188649892807007e+01 -8.178337484598159790e+00 2.008876280859112740e+00
2.926788991689682007e+01 -7.984856039285659790e+00 2.011760191991925240e+00
1.060916799306869507e+01 -2.627312093973159790e+00 8.172173984348773956e-02
1.063303273916244507e+01 -2.545647054910659790e+00 7.989068515598773956e-02
1.065238088369369507e+01 -2.462761312723159790e+00 7.795281894505023956e-02
1.067179006338119507e+01 -2.379631429910659790e+00 7.599969394505023956e-02
1.069113820791244507e+01 -2.296745687723159790e+00 7.406182773411273956e-02
1.071054738759994507e+01 -2.213615804910659790e+00 7.212396152317523956e-02
1.072983449697494507e+01 -2.130852133035659790e+00 7.017083652317523956e-02
1.074454396963119507e+01 -2.047111898660659790e+00 6.812615878880023956e-02
1.152963918447494507e+01 -2.880607992410659790e+00 1.072344351559877396e-01
1.155069631338119507e+01 -2.790031820535659790e+00 1.051134634763002396e-01
1.157175344228744507e+01 -2.699455648660659790e+00 1.029772330075502396e-01
1.159830373525619507e+01 -2.609856039285659790e+00 1.009935904294252396e-01
1.161936086416244507e+01 -2.519279867410659790e+00 9.887261874973773956e-02
1.163510793447494507e+01 -2.427238851785659790e+00 9.659905917942523956e-02
1.165610402822494507e+01 -2.336662679910659790e+00 9.447808749973773956e-02
1.167716115713119507e+01 -2.246208578348159790e+00 9.235711582005023956e-02
1.263919728994369507e+01 -3.185905843973159790e+00 1.379961539059877396e-01
1.266232961416244507e+01 -3.085930258035659790e+00 1.356463003903627396e-01
1.268540090322494507e+01 -2.986076742410659790e+00 1.332964468747377396e-01
1.270859426259994507e+01 -2.885857015848159790e+00 1.309465933591127396e-01
1.273172658681869507e+01 -2.786003500223159790e+00 1.285967398434877396e-01
1.275485891103744507e+01 -2.685783773660659790e+00 1.262468863278627396e-01
1.277793020009994507e+01 -2.585930258035659790e+00 1.238970328122377396e-01
1.280148977041244507e+01 -2.486320883035659790e+00 1.215471792966127396e-01
1.399606984853744507e+01 -3.559318929910659790e+00 1.755480337888002396e-01
1.402908986806869507e+01 -3.449943929910659790e+00 1.731676626950502396e-01
1.405393117666244507e+01 -3.338371664285659790e+00 1.705584097653627396e-01
1.407962697744369507e+01 -3.226555258035659790e+00 1.679186392575502396e-01
1.410520070791244507e+01 -3.115227133035659790e+00 1.653093863278627396e-01
1.413083547353744507e+01 -3.003532797098159790e+00 1.626848746091127396e-01
1.415640920400619507e+01 -2.892326742410659790e+00 1.600603628903627396e-01
1.421286672353744507e+01 -2.787712484598159790e+00 1.566423941403627396e-01
1.571347707509994507e+01 -4.031853109598159790e+00 2.230333853513002396e-01
1.574033254384994507e+01 -3.905510336160659790e+00 2.200884390622377396e-01
1.576718801259994507e+01 -3.779289633035659790e+00 2.171434927731752396e-01
1.579416555166244507e+01 -3.652702718973159790e+00 2.141832876950502396e-01
1.582102102041244507e+01 -3.526604086160659790e+00 2.112383414059877396e-01
1.584793752431869507e+01 -3.400139242410659790e+00 2.082933951169252396e-01
1.591904348134994507e+01 -3.284050375223159790e+00 2.048906851559877396e-01
1.599747365713119507e+01 -3.168816000223159790e+00 2.014116812497377396e-01
1.791330617666244507e+01 -4.637199789285659790e+00 2.843279410153627396e-01
1.795703786611557007e+01 -4.495720297098159790e+00 2.812914419919252396e-01
1.798721975088119507e+01 -4.350700765848159790e+00 2.779039908200502396e-01
1.801749318838119507e+01 -4.205315023660659790e+00 2.744860220700502396e-01
1.804764455556869507e+01 -4.060417562723159790e+00 2.710985708981752396e-01
1.812473195791244507e+01 -3.926018148660659790e+00 2.674364615231752396e-01
1.822052663564682007e+01 -3.795524984598159790e+00 2.636675406247377396e-01
1.830280202627182007e+01 -3.661125570535659790e+00 2.595171499997377396e-01
2.088614553213119507e+01 -5.455192953348159790e+00 3.672136832028627396e-01
2.091895192861557007e+01 -5.284416586160659790e+00 3.632006216794252396e-01
2.095175832509994507e+01 -5.113762289285659790e+00 3.591875601559877396e-01
2.098462575674057007e+01 -4.942741781473159790e+00 3.551744986325502396e-01
2.105234426259994507e+01 -4.780754476785659790e+00 3.511614371091127396e-01
2.117780202627182007e+01 -4.631096273660659790e+00 3.470720816403627396e-01
2.130075734853744507e+01 -4.480095297098159790e+00 3.429674673825502396e-01
2.142349904775619507e+01 -4.327507406473159790e+00 3.388323355466127396e-01
2.505408376455307007e+01 -6.602043539285659790e+00 4.839281607419252396e-01
2.509162038564682007e+01 -6.395378500223159790e+00 4.790300894528627396e-01
2.515610402822494507e+01 -6.195915609598159790e+00 4.748644400388002396e-01
2.519373220205307007e+01 -5.988762289285659790e+00 4.699511099606752396e-01
2.534924978017807007e+01 -5.810905843973159790e+00 4.655565787106752396e-01
2.551395314931869507e+01 -5.632561117410659790e+00 4.611467886716127396e-01
2.565116018056869507e+01 -5.446892172098159790e+00 4.559740591794252396e-01
2.586206716299057007e+01 -5.275383383035659790e+00 4.516405630856752396e-01
2.921039479970932007e+01 -7.744743734598159790e+00 6.408495474606752396e-01
3.146362966299057007e+01 -8.092033773660659790e+00 6.561998892575502396e-01
3.149967092275619507e+01 -7.828728109598159790e+00 6.498522330075502396e-01
3.155765432119369507e+01 -7.570427328348159790e+00 6.436876822263002396e-01
3.179532521963119507e+01 -7.356193929910659790e+00 6.391405630856752396e-01
3.203443044424057007e+01 -7.138420492410659790e+00 6.345171499997377396e-01
3.231803029775619507e+01 -6.928337484598159790e+00 6.302294302731752396e-01
3.278961843252182007e+01 -6.754753500223159790e+00 6.273912955075502396e-01
2.909461110830307007e+01 -7.709709554910659790e+00 7.745470572263002396e-01
3.219962209463119507e+01 -8.284782797098159790e+00 8.125261832028627396e-01
4.227814382314682007e+01 -1.060289803147315979e+01 9.473528433591127396e-01
4.229389089345932007e+01 -1.023864021897315979e+01 9.381365347653627396e-01
4.254913991689682007e+01 -9.934196859598159790e+00 9.322313833981752396e-01
4.292764943838119507e+01 -9.654045492410659790e+00 9.278826285153627396e-01
4.349066823720932007e+01 -9.411125570535659790e+00 9.258684683591127396e-01
4.427493947744369507e+01 -9.207268148660659790e+00 9.265093374997377396e-01
2.894821828603744507e+01 -7.666130453348159790e+00 9.072832632809877396e-01
3.204975026845932007e+01 -8.241325765848159790e+00 9.597429800778627396e-01
6.603974050283432007e+01 -1.671910896897315979e+01 1.592906432226300240e+00
6.588831228017807007e+01 -1.610265389084815979e+01 1.574611144140362740e+00
6.574442189931869507e+01 -1.549486580491065979e+01 1.556651549413800240e+00
6.560123342275619507e+01 -1.489025154709815979e+01 1.538768248632550240e+00
6.587363332509994507e+01 -1.438475838303565979e+01 1.528514342382550240e+00
6.662991994619369507e+01 -1.398033943772315979e+01 1.526744322851300240e+00
2.882022756338119507e+01 -7.627800375223159790e+00 1.038356261327862740e+00
3.199085134267807007e+01 -8.222038656473159790e+00 1.106944518163800240e+00
2.884274953603744507e+01 -7.630852133035659790e+00 1.173274474218487740e+00
3.207276052236557007e+01 -8.240349203348159790e+00 1.258403258398175240e+00
2.886432546377182007e+01 -7.633659750223159790e+00 1.307689147070050240e+00
3.178262990713119507e+01 -8.159660726785659790e+00 1.397456603124737740e+00
2.890164846181869507e+01 -7.640739828348159790e+00 1.443629698827862740e+00
2.909082692861557007e+01 -7.689567953348159790e+00 1.585765318945050240e+00
3.124008840322494507e+01 -8.008415609598159790e+00 1.669734435155987740e+00
3.030405324697494507e+01 -8.019646078348159790e+00 1.779521422460675240e+00
1.348642629384994507e+01 -3.006340414285659790e+00 1.239299254491925240e+00
1.131546682119369507e+01 -2.631096273660659790e+00 1.327098326757550240e+00
1.169492238759994507e+01 -2.752434164285659790e+00 1.516444640234112740e+00
9.993811547756195068e+00 -2.282341390848159790e+00 9.557146597653627396e-01
1.026724904775619507e+01 -2.048576742410659790e+00 9.558214712888002396e-01
1.070432180166244507e+01 -2.515861898660659790e+00 1.155711608007550240e+00
1.066501516103744507e+01 -2.495720297098159790e+00 1.500438170507550240e+00
9.017554223537445068e+00 -2.031242758035659790e+00 9.350237417966127396e-01
9.251685082912445068e+00 -1.782219320535659790e+00 9.334673453122377396e-01
9.718176782131195068e+00 -2.264519125223159790e+00 1.136332945898175240e+00
9.651526391506195068e+00 -1.910026937723159790e+00 1.123317198827862740e+00
1.050626271963119507e+01 -2.527214437723159790e+00 1.349589781835675240e+00
9.852393090724945068e+00 -2.302727133035659790e+00 1.493464903905987740e+00
8.211218774318695068e+00 -1.506706625223159790e+00 5.637163687497377396e-01
8.068335473537445068e+00 -1.785515218973159790e+00 7.414049673825502396e-01
8.237463891506195068e+00 -1.511955648660659790e+00 7.377275992184877396e-01
8.062781274318695068e+00 -1.780022054910659790e+00 9.150347281247377396e-01
8.247412621974945068e+00 -1.511711508035659790e+00 9.113878775388002396e-01
8.764075219631195068e+00 -2.016472250223159790e+00 1.118220763280987740e+00
8.476416528224945068e+00 -1.584343343973159790e+00 1.095485167577862740e+00
8.993384301662445068e+00 -2.087639242410659790e+00 1.483928160741925240e+00
7.812720239162445068e+00 -1.757683187723159790e+00 1.099345641210675240e+00
7.483191430568695068e+00 -1.306389242410659790e+00 1.074534850195050240e+00
7.789526879787445068e+00 -1.405876547098159790e+00 1.265254454687237740e+00
8.207190454006195068e+00 -1.886711508035659790e+00 1.477473692968487740e+00
2.887793481349945068e+00 1.369701325893402100e-01 9.885363150388002396e-01
2.869421899318695068e+00 -2.090992033481597900e-01 1.186442809179425240e+00
3.531042993068695068e+00 -8.629646897315979004e-02 1.205134825780987740e+00
1.527014672756195068e+00 2.590404450893402100e-01 7.834887076169252396e-01
1.770483911037445068e+00 5.289379060268402100e-01 7.804827261716127396e-01
2.228613793849945068e+00 6.721109151840209961e-03 1.000102477148175240e+00
2.088538110256195068e+00 4.198070466518402100e-01 9.817003775388002396e-01
1.902014672756195068e+00 1.303783357143402100e-01 1.174113707616925240e+00
-8.265619874000549316e-01 1.147468179464340210e+00 1.115718321874737740e+00
1.798932546377182007e+01 -2.042595297098159790e+00 1.718554068356752396e-01
-2.126122534275054932e+00 1.628669351339340210e+00 8.358331210911273956e-02
3.971318602561950684e-01 1.079352945089340210e+00 1.330217886716127396e-01
-2.122399389743804932e+00 1.631843179464340210e+00 2.775377798825502396e-01
-1.087885499000549316e-01 1.268806070089340210e+00 3.241686392575502396e-01
-2.087060034275054932e+00 1.623176187276840210e+00 4.715838003903627396e-01
3.711308836936950684e-01 1.098640054464340210e+00 5.423998404294252396e-01
-2.065026342868804932e+00 1.619514077901840210e+00 6.664995718747377396e-01
4.247807860374450684e-01 1.083869546651840210e+00 7.489428091794252396e-01
-1.849999487400054932e+00 1.543708413839340210e+00 8.690447378903627396e-01
-1.663598120212554932e+00 1.478644937276840210e+00 1.073359923437237740e+00
4.175830739736557007e+01 -9.348869711160659790e+00 8.950304556638002396e-01
-3.022667944431304932e+00 1.994147866964340210e+00 2.109789419919252396e-01
-1.950922608375549316e-01 1.333503335714340210e+00 2.783007193356752396e-01
-2.981896460056304932e+00 1.983405679464340210e+00 4.069933462888002396e-01
-1.742792725563049316e-01 1.330695718526840210e+00 4.868883658200502396e-01
-2.956078588962554932e+00 1.978278726339340210e+00 6.038927603513002396e-01
-2.707787573337554932e+00 1.889655679464340210e+00 8.095354605466127396e-01
-1.525292456150054932e+00 1.450446695089340210e+00 1.063182311132550240e+00
-4.468599802255630493e+01 1.874280509352684021e+01 -1.533466858789324760e+00
-4.463820749521255493e+01 1.883826407790184021e+01 -1.535618348047137260e+00
-4.459053903818130493e+01 1.893360099196434021e+01 -1.537769837304949760e+00
-4.454256540536880493e+01 1.902942618727684021e+01 -1.539936585351824760e+00
-4.446144968271255493e+01 1.911389884352684021e+01 -1.542652649804949760e+00
-4.437545114755630493e+01 1.919763907790184021e+01 -1.545445008203387260e+00
-4.326082712411880493e+01 1.795655021071434021e+01 -1.487705750390887260e+00
-4.320565134286880493e+01 1.806275138258934021e+01 -1.490070862695574760e+00
-4.314101511240005493e+01 1.816577872633934021e+01 -1.492207093164324760e+00
-4.308535104990005493e+01 1.827295646071434021e+01 -1.494587464258074760e+00
-4.302114206552505493e+01 1.837696036696434021e+01 -1.497074646875262260e+00
-4.291762644052505493e+01 1.846826896071434021e+01 -1.500034851953387260e+00
-4.282570749521255493e+01 1.856421622633934021e+01 -1.503208680078387260e+00
-4.272316843271255493e+01 1.865760001540184021e+01 -1.506184143945574760e+00
-4.128829294443130493e+01 1.718238028883934021e+01 -1.433628601953387260e+00
-4.122438913583755493e+01 1.730408439040184021e+01 -1.436268372461199760e+00
-4.116030222177505493e+01 1.742615470290184021e+01 -1.438908142969012260e+00
-4.107235056161880493e+01 1.754029044508934021e+01 -1.441731018945574760e+00
-4.094527536630630493e+01 1.764087638258934021e+01 -1.444798035547137260e+00
-4.081728464365005493e+01 1.774304923415184021e+01 -1.447910828515887260e+00
-4.068990427255630493e+01 1.784656485915184021e+01 -1.451038880273699760e+00
-4.056380563974380493e+01 1.795178946852684021e+01 -1.454182190820574760e+00
-3.867086130380630493e+01 1.615515860915184021e+01 -1.361240906640887260e+00
-3.859261423349380493e+01 1.629639396071434021e+01 -1.364231629297137260e+00
-3.847335153818130493e+01 1.642273673415184021e+01 -1.367298645898699760e+00
-3.831350046396255493e+01 1.653614005446434021e+01 -1.370441956445574760e+00
-3.815236765146255493e+01 1.665039786696434021e+01 -1.373631043359637260e+00
-3.798891550302505493e+01 1.676648673415184021e+01 -1.376865906640887260e+00
-3.782650095224380493e+01 1.688428458571434021e+01 -1.380116028711199760e+00
-3.756673532724380493e+01 1.697229728102684021e+01 -1.383610291406512260e+00
-3.499862009286880493e+01 1.471387442946434021e+01 -1.258564515039324760e+00
-3.484670358896255493e+01 1.486194571852684021e+01 -1.261814637109637260e+00
-3.463478952646255493e+01 1.498926505446434021e+01 -1.264881653711199760e+00
-3.441774851083755493e+01 1.511804923415184021e+01 -1.268009705469012260e+00
-3.420058542490005493e+01 1.524903067946434021e+01 -1.271168274804949760e+00
-3.389077097177505493e+01 1.535144767165184021e+01 -1.274113221094012260e+00
-3.352327829599380493e+01 1.543823966383934021e+01 -1.276981873437762260e+00
-3.314589792490005493e+01 1.552735099196434021e+01 -1.279926819726824760e+00
-2.956868845224380493e+01 1.258301505446434021e+01 -1.104893250390887260e+00
-2.926143747568130493e+01 1.272327384352684021e+01 -1.107426209375262260e+00
-2.895620065927505493e+01 1.286865958571434021e+01 -1.110065979883074760e+00
-2.864534860849380493e+01 1.301709708571434021e+01 -1.112766785547137260e+00
-2.812288767099380493e+01 1.309375724196434021e+01 -1.113834900781512260e+00
-2.758187204599380493e+01 1.317310294508934021e+01 -1.114964051172137260e+00
-2.702523142099380493e+01 1.325476798415184021e+01 -1.116108460351824760e+00
-2.645870310068130493e+01 1.334180411696434021e+01 -1.117359681054949760e+00
-2.074593454599380493e+01 9.120490640401840210e+00 -8.505902718752622604e-01
-2.028322702646255493e+01 9.285529702901840210e+00 -8.517346810549497604e-01
-1.987807565927505493e+01 9.478644937276840210e+00 -8.547559212893247604e-01
-1.910225778818130493e+01 9.543586343526840210e+00 -8.521314095705747604e-01
-1.829116159677505493e+01 9.607429116964340210e+00 -8.493085335940122604e-01
-1.744643503427505493e+01 9.673713296651840210e+00 -8.463635873049497604e-01
-1.649929147958755493e+01 9.718024820089340210e+00 -8.413739632815122604e-01
-1.558742624521255493e+01 9.789069741964340210e+00 -8.381543587893247604e-01
-5.146569311618804932e+00 2.999030679464340210e+00 -3.842816781252622604e-01
-4.673974096775054932e+00 3.309089273214340210e+00 -3.869367074221372604e-01
-3.908471167087554932e+00 3.515754312276840210e+00 -3.844342660158872604e-01
-2.767052710056304932e+00 3.598762124776840210e+00 -3.754773568361997604e-01
-1.398217260837554932e+00 3.617683023214340210e+00 -3.628888558596372604e-01
4.675805568695068359e-03 3.649299234151840210e+00 -3.502698373049497604e-01
1.436926782131195068e+00 3.692145913839340210e+00 -3.376355599611997604e-01
2.904944360256195068e+00 3.746467202901840210e+00 -3.249249886721372604e-01
2.973654836416244507e+01 -1.068907967209815979e+01 6.909594107419252396e-01
2.968619436025619507e+01 -9.845817953348159790e+00 6.672319937497377396e-01
2.993289846181869507e+01 -9.119499593973159790e+00 6.527514029294252396e-01
3.018018239736557007e+01 -8.390861898660659790e+00 6.382250357419252396e-01
3.042658132314682007e+01 -7.664787679910659790e+00 6.237444449216127396e-01
3.134003347158432007e+01 -7.166740804910659790e+00 6.241106558591127396e-01
3.313883107900619507e+01 -6.956779867410659790e+00 6.438097525388002396e-01
3.580939382314682007e+01 -7.003410726785659790e+00 6.842760611325502396e-01
-3.792507272958755493e+01 1.628186759352684021e+01 -1.355427308008074760e+00
-3.772567087411880493e+01 1.639771232008934021e+01 -1.358265442773699760e+00
-3.752462106943130493e+01 1.651489982008934021e+01 -1.361149353906512260e+00
-3.732430368661880493e+01 1.663562735915184021e+01 -1.364079041406512260e+00
-3.702456003427505493e+01 1.672461661696434021e+01 -1.367008728906512260e+00
-3.669295603036880493e+01 1.680738028883934021e+01 -1.369999451562762260e+00
-3.378853708505630493e+01 1.426795157790184021e+01 -1.225163025781512260e+00
-3.354287058115005493e+01 1.440332755446434021e+01 -1.227695984765887260e+00
-3.329750925302505493e+01 1.454212149977684021e+01 -1.230930848047137260e+00
-3.302401071786880493e+01 1.467456778883934021e+01 -1.233448548242449760e+00
-3.268349558115005493e+01 1.478601798415184021e+01 -1.235645813867449760e+00
-3.222011667490005493e+01 1.486060294508934021e+01 -1.237293763086199760e+00
-3.170894724130630493e+01 1.492530021071434021e+01 -1.238117737695574760e+00
-3.121975046396255493e+01 1.500525626540184021e+01 -1.239872498437762260e+00
-2.694320017099380493e+01 1.156409415602684021e+01 -1.030674500390887260e+00
-2.654476267099380493e+01 1.170593985915184021e+01 -1.031940979883074760e+00
-2.614241892099380493e+01 1.185218009352684021e+01 -1.033268494531512260e+00
-2.558260446786880493e+01 1.194739493727684021e+01 -1.033070130273699760e+00
-2.489370065927505493e+01 1.200427970290184021e+01 -1.031681580469012260e+00
-2.417672067880630493e+01 1.206348380446434021e+01 -1.030247254297137260e+00
-2.344606882333755493e+01 1.212842521071434021e+01 -1.028858704492449760e+00
-2.269301706552505493e+01 1.219763907790184021e+01 -1.027470154687762260e+00
-1.546907907724380493e+01 7.031989663839340210e+00 -6.935468148440122604e-01
-1.491219431161880493e+01 7.222541421651840210e+00 -6.941724251955747604e-01
-1.425966745615005493e+01 7.385139077901840210e+00 -6.923718880861997604e-01
-1.317311960458755493e+01 7.399909585714340210e+00 -6.840863656252622604e-01
-1.205178171396255493e+01 7.418708413839340210e+00 -6.756329964846372604e-01
-1.090535837411880493e+01 7.448737710714340210e+00 -6.671948861330747604e-01
-9.719018042087554932e+00 7.482551187276840210e+00 -6.585278939455747604e-01
-8.406945288181304932e+00 7.494147866964340210e+00 -6.471295785158872604e-01
6.745825707912445068e+00 -1.741936117410659790e+00 -1.907782070338726044e-02
7.130713403224945068e+00 -1.272819906473159790e+00 -2.473883144557476044e-02
7.618811547756195068e+00 -8.389820158481597900e-01 -2.837042324244976044e-02
8.750403344631195068e+00 -6.332935392856597900e-01 -1.907782070338726044e-02
1.037515920400619507e+01 -5.884937345981597900e-01 -2.179574221372604370e-04
1.228916066884994507e+01 -6.153492033481597900e-01 2.378411777317523956e-02
1.425070852041244507e+01 -6.288990080356597900e-01 4.806085117161273956e-02
1.625943654775619507e+01 -6.257251799106597900e-01 7.255120761692523956e-02
4.609135985374450684e-01 1.717170327901840210e+00 -2.444348763674497604e-01
1.476660668849945068e+00 1.917365640401840210e+00 -2.381024789065122604e-01
3.081458032131195068e+00 1.917365640401840210e+00 -2.212109994143247604e-01
4.693457543849945068e+00 1.943488687276840210e+00 -2.048078011721372604e-01
6.370276391506195068e+00 1.971564859151840210e+00 -1.877637337893247604e-01
8.111914575099945068e+00 2.005256265401840210e+00 -1.701550912111997604e-01
5.999487817287445068e+00 2.034308999776840210e+00 -1.953473519533872604e-01
7.596533715724945068e+00 2.120612710714340210e+00 -1.824384164065122604e-01
2.513941091299057007e+01 -8.277214437723159790e+00 5.319933462888002396e-01
2.521262258291244507e+01 -7.450310140848159790e+00 5.110430289059877396e-01
2.529230397939682007e+01 -6.632805258035659790e+00 4.904131460934877396e-01
2.563867849111557007e+01 -5.913200765848159790e+00 4.754290152341127396e-01
2.688651174306869507e+01 -5.514763265848159790e+00 4.792131949216127396e-01
2.910196584463119507e+01 -5.432243734598159790e+00 5.048021841794252396e-01
2.669534963369369507e+01 -4.932732015848159790e+00 4.447741080075502396e-01
-2.376772409677505493e+01 9.773810952901840210e+00 -2.611737679690122604e-01
-2.363424021005630493e+01 9.721564859151840210e+00 -2.376226894557476044e-02
-2.691793161630630493e+01 1.103272208571434021e+01 -3.152356576174497604e-01
-2.683931833505630493e+01 1.100281485915184021e+01 -7.603888027369976044e-02
-4.953303461670875549e+02 2.917403636872768402e+02 2.634691763669252396e-01
-5.416947260499000549e+02 3.035179515779018402e+02 -3.394666146486997604e-01
-5.415792475342750549e+02 3.035523754060268402e+02 -3.346906136721372604e-01
-4.952278071045875549e+02 2.917010570466518402e+02 5.188555289059877396e-01
-8.483264399170875549e+02 3.213640209138393402e+02 5.790514517575502396e-01
-8.482312250733375549e+02 3.214660716950893402e+02 5.839037466794252396e-01
-7.676169672608375549e+02 3.314309154450893402e+02 3.856135802343487740e+00
-7.685019770264625549e+02 3.315035472810268402e+02 3.745494322851300240e+00
-8.507110834717750549e+02 3.212003246247768402e+02 5.578569937497377396e-01
-8.506667719483375549e+02 3.212962718904018402e+02 5.604815054684877396e-01
-8.505461664795875549e+02 3.214002757966518402e+02 5.660357046872377396e-01
-8.482595453858375549e+02 3.217365795075893402e+02 6.551622916013002396e-01
-7.685536127686500549e+02 3.309740062654018402e+02 3.736934142187237740e+00
-7.677301264405250549e+02 3.318584056794643402e+02 3.778956847265362740e+00
-9.036821528077125549e+02 3.189565502107143402e+02 5.699572134763002396e-01
-9.045514155030250549e+02 3.189438548982143402e+02 5.942492056638002396e-01
-9.055051508545875549e+02 3.188267894685268402e+02 5.897478628903627396e-01
-9.054288569092750549e+02 3.189395824372768402e+02 5.942186880856752396e-01
-9.064381342530250549e+02 3.186147533357143402e+02 5.816301871091127396e-01
-9.064028559327125549e+02 3.187231517732143402e+02 5.843004751950502396e-01
-9.063520746827125549e+02 3.188337474763393402e+02 5.875048208981752396e-01
-9.062938471436500549e+02 3.189461742341518402e+02 5.913195181638002396e-01
-9.081792231202125549e+02 3.186549144685268402e+02 5.850328970700502396e-01
-9.081335688233375549e+02 3.187679515779018402e+02 5.878710318356752396e-01
-9.080411615967750549e+02 3.188866039216518402e+02 5.923571158200502396e-01
-8.291958246827125549e+02 3.282336498200893402e+02 3.346782164648175240e+00
-1.009321923315525055e+03 3.143726879060268402e+02 1.060893492773175240e+00
-1.010074364721775055e+03 3.159482494294643402e+02 1.072947936132550240e+00
