8.853307604789733887e+00 -5.148111075162887573e+00 1.226690914481878281e-01
8.912816882133483887e+00 -5.083902090787887573e+00 1.209753658622503281e-01
8.968725085258483887e+00 -5.017251700162887573e+00 1.191290523856878281e-01
9.024999499320983887e+00 -4.950113028287887573e+00 1.172674801200628281e-01
9.080907702445983887e+00 -4.882852286100387573e+00 1.154211666435003281e-01
9.123998522758483887e+00 -4.807656973600387573e+00 1.138952877372503281e-01
9.162084460258483887e+00 -4.730142325162887573e+00 1.124914791435003281e-01
9.195897936820983887e+00 -4.650308340787887573e+00 1.109503414481878281e-01
9.632665514945983887e+00 -5.632852286100387573e+00 1.549414303153753281e-01
9.694555163383483887e+00 -5.561197012662887573e+00 1.529883053153753281e-01
9.756566882133483887e+00 -5.489297598600387573e+00 1.510351803153753281e-01
9.823644518852233887e+00 -5.419717520475387573e+00 1.492346432060003281e-01
9.886144518852233887e+00 -5.347329825162887573e+00 1.472662594169378281e-01
9.944372057914733887e+00 -5.271768301725387573e+00 1.450995113700628281e-01
1.000717723369598389e+01 -5.199014395475387573e+00 1.431006100028753281e-01
1.006271922588348389e+01 -5.121988028287887573e+00 1.412695553153753281e-01
1.056326854228973389e+01 -6.211709707975387573e+00 1.935309078544378281e-01
1.063266551494598389e+01 -6.133950918912887573e+00 1.914557125419378281e-01
1.070230662822723389e+01 -6.055947989225387573e+00 1.893652584403753281e-01
1.077243602275848389e+01 -5.977456778287887573e+00 1.872595455497503281e-01
1.084250438213348389e+01 -5.898965567350387573e+00 1.851538326591253281e-01
1.091299998760223389e+01 -5.819864004850387573e+00 1.830481197685003281e-01
1.098294627666473389e+01 -5.740518301725387573e+00 1.809424068778753281e-01
1.105319774150848389e+01 -5.660806387662887573e+00 1.788214351981878281e-01
1.168631541728973389e+01 -6.910196036100387573e+00 2.401770260185003281e-01
1.177194774150848389e+01 -6.829507559537887573e+00 2.382391598075628281e-01
1.185056102275848389e+01 -6.743936270475387573e+00 2.360113766044378281e-01
1.192966258525848389e+01 -6.657876700162887573e+00 2.337835934013128281e-01
1.200876414775848389e+01 -6.571695059537887573e+00 2.315405514091253281e-01
1.208847606182098389e+01 -6.484903067350387573e+00 2.292975094169378281e-01
1.216818797588348389e+01 -6.398111075162887573e+00 2.270392086356878281e-01
1.224112498760223389e+01 -6.307168692350387573e+00 2.245215084403753281e-01
1.308450877666473389e+01 -7.779824942350387573e+00 2.983587887138128281e-01
1.317502391338348389e+01 -7.686074942350387573e+00 2.960089351981878281e-01
1.326584422588348389e+01 -7.591958731412887573e+00 2.936438228935003281e-01
1.335739696025848389e+01 -7.497232168912887573e+00 2.912481930106878281e-01
1.344894969463348389e+01 -7.402383536100387573e+00 2.888678219169378281e-01
1.354123485088348389e+01 -7.306802481412887573e+00 2.864569332450628281e-01
1.363358104228973389e+01 -7.211099356412887573e+00 2.840460445731878281e-01
1.372629344463348389e+01 -7.115152090787887573e+00 2.816351559013128281e-01
1.485211741924285889e+01 -8.879190176725387573e+00 3.720282223075628281e-01
1.496973216533660889e+01 -8.781778067350387573e+00 3.699682857841253281e-01
1.507706248760223389e+01 -8.677285879850387573e+00 3.674505855888128281e-01
1.518527781963348389e+01 -8.571939200162887573e+00 3.649023678153753281e-01
1.529364573955535889e+01 -8.466348379850387573e+00 3.623541500419378281e-01
1.540283763408660889e+01 -8.360025137662887573e+00 3.597906734794378281e-01
1.551218211650848389e+01 -8.253457754850387573e+00 3.572119381278753281e-01
1.561057078838348389e+01 -8.140298575162887573e+00 3.541906978935003281e-01
1.705252635478973389e+01 -1.024772045016288757e+01 4.684485103935003281e-01
1.731955516338348389e+01 -1.021647045016288757e+01 4.668158199638128281e-01
1.744891917705535889e+01 -1.009842845797538757e+01 4.641302730888128281e-01
1.757996165752410889e+01 -9.979776114225387573e+00 4.614447262138128281e-01
1.771027171611785889e+01 -9.860269278287887573e+00 4.587439205497503281e-01
1.784119212627410889e+01 -9.739541739225387573e+00 4.560125973075628281e-01
1.797226512432098389e+01 -9.618447989225387573e+00 4.532660152763128281e-01
1.810400950908660889e+01 -9.496865957975387573e+00 4.505194332450628281e-01
1.704849803447723389e+01 -1.024332591891288757e+01 5.600317623466253281e-01
1.762955272197723389e+01 -1.040397045016288757e+01 5.633276607841253281e-01
1.822775828838348389e+01 -1.056363841891288757e+01 5.670965816825628281e-01
1.886398875713348389e+01 -1.073343822360038757e+01 5.705908443778753281e-01
1.953717601299285889e+01 -1.091312572360038757e+01 5.742682125419378281e-01
2.025568187236785889e+01 -1.110489818453788757e+01 5.782049801200628281e-01
2.101886546611785889e+01 -1.130863353610038757e+01 5.818060543388128281e-01
2.152551829814910889e+01 -1.135819408297538757e+01 5.827978756278753281e-01
1.704446971416473389e+01 -1.023893138766288757e+01 6.520880367606878281e-01
1.762537181377410889e+01 -1.039957591891288757e+01 6.580542232841253281e-01
1.822336375713348389e+01 -1.055899974703788757e+01 6.640661861747503281e-01
1.885938060283660889e+01 -1.072867748141288757e+01 6.704443600028753281e-01
1.953232371807098389e+01 -1.090824291110038757e+01 6.772192623466253281e-01
2.025052440166473389e+01 -1.109977123141288757e+01 6.844366695731878281e-01
2.101337230205535889e+01 -1.130326244235038757e+01 6.920965816825628281e-01
2.181845653057098389e+01 -1.151542064547538757e+01 7.001379635185003281e-01
1.829947459697723389e+01 -1.080936595797538757e+01 7.680395748466253281e-01
1.907422435283660889e+01 -1.106717845797538757e+01 7.806738521903753281e-01
1.926062572002410889e+01 -1.096268627047538757e+01 7.795141842216253281e-01
1.952737987041473389e+01 -1.090323802828788757e+01 7.801092769950628281e-01
2.024533641338348389e+01 -1.109464427828788757e+01 7.906225826591253281e-01
2.100790965557098389e+01 -1.129801341891288757e+01 8.017614986747503281e-01
2.181278026103973389e+01 -1.150992748141288757e+01 8.134649898856878281e-01
1.829764354228973389e+01 -1.080631420016288757e+01 8.664282467216253281e-01
1.971762645244598389e+01 -1.122940990328788757e+01 8.949621822685003281e-01
2.119232738018035889e+01 -1.162845775485038757e+01 9.234808590263128281e-01
2.263681590557098389e+01 -1.195609447360038757e+01 9.496649410575628281e-01
1.829581248760223389e+01 -1.080314037203788757e+01 9.642828609794378281e-01
1.971567332744598389e+01 -1.122611400485038757e+01 9.994085934013128281e-01
2.119025218486785889e+01 -1.162491771578788757e+01 1.034686913713812828e+00
2.263458812236785889e+01 -1.195243236422538757e+01 1.067355981096625328e+00
1.652890574932098389e+01 -9.910806387662887573e+00 9.990423824638128281e-01
1.708826243877410889e+01 -1.006388255953788757e+01 1.015064110979437828e+00
1.767932689189910889e+01 -1.022513744235038757e+01 1.031467309221625328e+00
1.831052196025848389e+01 -1.039774486422538757e+01 1.049518456682562828e+00
1.896320140361785889e+01 -1.057145091891288757e+01 1.068042626604437828e+00
1.965909373760223389e+01 -1.075638744235038757e+01 1.087772240862250328e+00
2.040015208721160889e+01 -1.095389720797538757e+01 1.109378686174750328e+00
2.118936717510223389e+01 -1.116361400485038757e+01 1.131778588518500328e+00
1.664847362041473389e+01 -9.983438223600387573e+00 1.093326440081000328e+00
1.720480906963348389e+01 -1.013321849703788757e+01 1.111728539690375328e+00
1.778928172588348389e+01 -1.028910228610038757e+01 1.131015649065375328e+00
1.841098582744598389e+01 -1.045487377047538757e+01 1.151523461565375328e+00
1.905142772197723389e+01 -1.062027904391288757e+01 1.172473778948187828e+00
1.973547923564910889e+01 -1.079740306735038757e+01 1.194858422502875328e+00
2.046082103252410889e+01 -1.098526927828788757e+01 1.218601098284125328e+00
2.123398387432098389e+01 -1.118558666110038757e+01 1.243915429338812828e+00
1.656812083721160889e+01 -9.931680411100387573e+00 1.179248681291937828e+00
1.714371287822723389e+01 -1.009403392672538757e+01 1.200733056291937828e+00
1.775638377666473389e+01 -1.026737377047538757e+01 1.224124779924750328e+00
1.831973826885223389e+01 -1.039920970797538757e+01 1.244617333635687828e+00
1.908460032939910889e+01 -1.063724681735038757e+01 1.274616112932562828e+00
1.979511058330535889e+01 -1.082901927828788757e+01 1.301395287737250328e+00
2.053680980205535889e+01 -1.102518627047538757e+01 1.329212060198187828e+00
2.122189891338348389e+01 -1.117667552828788757e+01 1.354389062151312828e+00
1.663373363018035889e+01 -9.970620840787887573e+00 1.272037377581000328e+00
1.717206370830535889e+01 -1.010941478610038757e+01 1.294559350237250328e+00
1.774078929424285889e+01 -1.025614330172538757e+01 1.318363061174750328e+00
1.831793773174285889e+01 -1.039615795016288757e+01 1.342166772112250328e+00
1.896780955791473389e+01 -1.056791087985038757e+01 1.369510522112250328e+00
1.963040721416473389e+01 -1.073368236422538757e+01 1.397037377581000328e+00
2.036643016338348389e+01 -1.092850658297538757e+01 1.428027978166937828e+00
2.121106517314910889e+01 -1.116849681735038757e+01 1.464237084612250328e+00
1.664456737041473389e+01 -9.975503653287887573e+00 1.362644067034125328e+00
1.725101268291473389e+01 -1.015580150485038757e+01 1.391300072893500328e+00
1.970581614971160889e+01 -1.120951244235038757e+01 1.522647729143500328e+00
2.117975413799285889e+01 -1.160746166110038757e+01 1.591785302385687828e+00
2.262341868877410889e+01 -1.193387767672538757e+01 1.657504906877875328e+00
1.828482615947723389e+01 -1.078446361422538757e+01 1.552799096331000328e+00
1.970386302471160889e+01 -1.120621654391288757e+01 1.627597680315375328e+00
2.117764842510223389e+01 -1.160392162203788757e+01 1.703525414690375328e+00
2.262119090557098389e+01 -1.193021556735038757e+01 1.775119652971625328e+00
1.828299510478973389e+01 -1.078141185641288757e+01 1.651111474260687828e+00
1.865711009502410889e+01 -1.058939525485038757e+01 1.658069482073187828e+00
1.932044017314910889e+01 -1.076481029391288757e+01 1.695133080706000328e+00
2.002829539775848389e+01 -1.095206615328788757e+01 1.735248437151312828e+00
2.077991282939910889e+01 -1.115091869235038757e+01 1.777255883440375328e+00
2.157742869853973389e+01 -1.136051341891288757e+01 1.821765771135687828e+00
1.685608470439910889e+01 -1.010148021578788757e+01 1.648685326799750328e+00
1.742566478252410889e+01 -1.025663158297538757e+01 1.682865014299750328e+00
1.802918040752410889e+01 -1.042093822360038757e+01 1.719577660784125328e+00
1.866342723369598389e+01 -1.059098216891288757e+01 1.758045068010687828e+00
1.932724559307098389e+01 -1.076664134860038757e+01 1.798190942034125328e+00
2.003558909893035889e+01 -1.095401927828788757e+01 1.841022362932562828e+00
2.078775584697723389e+01 -1.115299388766288757e+01 1.886508813127875328e+00
9.196020007133483887e+00 -4.650064200162887573e+00 1.109350826591253281e-01
9.234655261039733887e+00 -4.572915762662887573e+00 1.095617916435003281e-01
9.269018054008483887e+00 -4.493692129850387573e+00 1.080511715263128281e-01
9.303441882133483887e+00 -4.414224356412887573e+00 1.065252926200628281e-01
9.337743639945983887e+00 -4.335122793912887573e+00 1.049994137138128281e-01
9.372106432914733887e+00 -4.255777090787887573e+00 1.034735348075628281e-01
9.406347155570983887e+00 -4.176797598600387573e+00 1.019629146903753281e-01
9.436254382133483887e+00 -4.095864981412887573e+00 1.002997066825628281e-01
1.006284129619598389e+01 -5.121621817350387573e+00 1.412542965263128281e-01
1.010001170635223389e+01 -5.034585684537887573e+00 1.395758297294378281e-01
1.013712108135223389e+01 -4.947549551725387573e+00 1.378973629325628281e-01
1.017941844463348389e+01 -4.862832754850387573e+00 1.363867428153753281e-01
1.021652781963348389e+01 -4.776040762662887573e+00 1.347082760185003281e-01
1.024851024150848389e+01 -4.686441153287887573e+00 1.328467037528753281e-01
1.028549754619598389e+01 -4.599771231412887573e+00 1.311682369560003281e-01
1.032242381572723389e+01 -4.513223379850387573e+00 1.295050289481878281e-01
1.105344188213348389e+01 -5.660562247037887573e+00 1.788214351981878281e-01
1.112003123760223389e+01 -5.578530997037887573e+00 1.765478756278753281e-01
1.118662059307098389e+01 -5.496133536100387573e+00 1.742743160575628281e-01
1.123117625713348389e+01 -5.401529043912887573e+00 1.723211910575628281e-01
1.127139842510223389e+01 -5.305337637662887573e+00 1.704443600028753281e-01
1.131174266338348389e+01 -5.208780020475387573e+00 1.685675289481878281e-01
1.135190379619598389e+01 -5.112832754850387573e+00 1.667059566825628281e-01
1.139200389385223389e+01 -5.016885489225387573e+00 1.648291256278753281e-01
1.224149119853973389e+01 -6.306924551725387573e+00 2.245062496513128281e-01
1.232468211650848389e+01 -6.220987051725387573e+00 2.223547603935003281e-01
1.240115916728973389e+01 -6.130899161100387573e+00 2.199133541435003281e-01
1.247818553447723389e+01 -6.040200918912887573e+00 2.174566891044378281e-01
1.255527293682098389e+01 -5.949502676725387573e+00 2.150000240653753281e-01
1.262180125713348389e+01 -5.852578848600387573e+00 2.126349117606878281e-01
1.266574656963348389e+01 -5.744912832975387573e+00 2.105291988700628281e-01
1.270175731182098389e+01 -5.633706778287887573e+00 2.081488277763128281e-01
1.372665965557098389e+01 -7.114785879850387573e+00 2.816198971122503281e-01
1.381534373760223389e+01 -7.016030997037887573e+00 2.790259029716253281e-01
1.390445506572723389e+01 -6.916665762662887573e+00 2.764166500419378281e-01
1.399423778057098389e+01 -6.816690176725387573e+00 2.737921383231878281e-01
1.408411204814910889e+01 -6.716470450162887573e+00 2.711523678153753281e-01
1.417471873760223389e+01 -6.615518301725387573e+00 2.684973385185003281e-01
1.426538646221160889e+01 -6.514444082975387573e+00 2.658423092216253281e-01
1.435651195049285889e+01 -6.413003653287887573e+00 2.631872799247503281e-01
1.561108958721160889e+01 -8.139932364225387573e+00 3.541754391044378281e-01
1.572827708721160889e+01 -8.036172598600387573e+00 3.518561031669378281e-01
1.583374583721160889e+01 -7.925088614225387573e+00 3.490637447685003281e-01
1.593961131572723389e+01 -7.812905997037887573e+00 3.462408687919378281e-01
1.604562938213348389e+01 -7.700601309537887573e+00 3.434332516044378281e-01
1.615256297588348389e+01 -7.587320059537887573e+00 3.405951168388128281e-01
1.625961863994598389e+01 -7.473794668912887573e+00 3.377417232841253281e-01
1.635501658916473389e+01 -7.354043692350387573e+00 3.344458248466253281e-01
1.810465037822723389e+01 -9.496499747037887573e+00 4.505194332450628281e-01
1.823227488994598389e+01 -9.371499747037887573e+00 4.475592281669378281e-01
1.836057078838348389e+01 -9.245889395475387573e+00 4.445837642997503281e-01
1.849005687236785889e+01 -9.119058340787887573e+00 4.415930416435003281e-01
1.861984813213348389e+01 -8.991983145475387573e+00 4.385870601981878281e-01
1.875079905986785889e+01 -8.863809317350387573e+00 4.355505611747503281e-01
1.888202464580535889e+01 -8.735269278287887573e+00 4.325140621513128281e-01
1.901401317119598389e+01 -8.606118887662887573e+00 4.294623043388128281e-01
2.152631175518035889e+01 -1.135794994235038757e+01 5.827978756278753281e-01
2.168897044658660889e+01 -1.121500560641288757e+01 5.797156002372503281e-01
2.187363231182098389e+01 -1.108207103610038757e+01 5.774267818778753281e-01
2.203787791728973389e+01 -1.093607494235038757e+01 5.742834713310003281e-01
2.220261180400848389e+01 -1.078946849703788757e+01 5.711249019950628281e-01
2.236902415752410889e+01 -1.064151927828788757e+01 5.679358150810003281e-01
2.251282298564910889e+01 -1.048185130953788757e+01 5.638922359794378281e-01
2.268060863018035889e+01 -1.033255931735038757e+01 5.606726314872503281e-01
2.182349193096160889e+01 -1.151737377047538757e+01 7.001989986747503281e-01
2.266391551494598389e+01 -1.173307201266288757e+01 7.083624508231878281e-01
2.356390941143035889e+01 -1.196402904391288757e+01 7.171057369560003281e-01
2.453348338603973389e+01 -1.221280834078788757e+01 7.265356685966253281e-01
2.557269847393035889e+01 -1.247940990328788757e+01 7.366217281669378281e-01
2.665268504619598389e+01 -1.274564525485038757e+01 7.468756344169378281e-01
2.781381785869598389e+01 -1.303190013766288757e+01 7.578772213310003281e-01
2.810291087627410889e+01 -1.288578197360038757e+01 7.555578853935003281e-01
2.181787669658660889e+01 -1.151188060641288757e+01 8.135565426200628281e-01
2.265790355205535889e+01 -1.172733470797538757e+01 8.256109859794378281e-01
2.355743968486785889e+01 -1.195804759860038757e+01 8.385046627372503281e-01
2.452646434307098389e+01 -1.220658275485038757e+01 8.523901607841253281e-01
2.556534373760223389e+01 -1.247281810641288757e+01 8.672827389091253281e-01
2.664478099346160889e+01 -1.273880931735038757e+01 8.824804928153753281e-01
2.780524241924285889e+01 -1.302469798922538757e+01 8.988226559013128281e-01
2.906076610088348389e+01 -1.333402416110038757e+01 9.164923336356878281e-01
2.263684642314910889e+01 -1.195523998141288757e+01 9.496496822685003281e-01
2.554535472393035889e+01 -1.272586986422538757e+01 1.005542626604437828e+00
2.850961863994598389e+01 -1.336063548922538757e+01 1.058368554338812828e+00
2.996368968486785889e+01 -1.375614330172538757e+01 1.086597314104437828e+00
2.263461863994598389e+01 -1.195157787203788757e+01 1.067340722307562828e+00
2.554285228252410889e+01 -1.272184154391288757e+01 1.136707177385687828e+00
2.996079051494598389e+01 -1.375150462985038757e+01 1.237949242815375328e+00
2.119464671611785889e+01 -1.116568920016288757e+01 1.131961693987250328e+00
2.202304637432098389e+01 -1.138126537203788757e+01 1.155460229143500328e+00
2.290183055400848389e+01 -1.160758373141288757e+01 1.179691186174750328e+00
2.385153758525848389e+01 -1.185282298922538757e+01 1.206546654924750328e+00
2.484857738018035889e+01 -1.210489818453788757e+01 1.234577050432562828e+00
2.591797435283660889e+01 -1.237296459078788757e+01 1.264575829729437828e+00
2.707279002666473389e+01 -1.266312572360038757e+01 1.297717919573187828e+00
2.828531444072723389e+01 -1.295926830172538757e+01 1.331516137346625328e+00
2.123914134502410889e+01 -1.118753978610038757e+01 1.244098534807562828e+00
2.204800975322723389e+01 -1.139225170016288757e+01 1.270603051409125328e+00
2.290790355205535889e+01 -1.160831615328788757e+01 1.298724999651312828e+00
2.383292186260223389e+01 -1.184073802828788757e+01 1.328983178362250328e+00
2.480435740947723389e+01 -1.207987377047538757e+01 1.360584130510687828e+00
2.584277904033660889e+01 -1.233316966891288757e+01 1.394290795549750328e+00
2.695834910869598389e+01 -1.260514232516288757e+01 1.430499901995062828e+00
2.818259227275848389e+01 -1.290787670016288757e+01 1.470371117815375328e+00
2.122192943096160889e+01 -1.117594310641288757e+01 1.354373803362250328e+00
2.216043651103973389e+01 -1.144974681735038757e+01 1.390155663713812828e+00
2.304355418682098389e+01 -1.167667552828788757e+01 1.423297753557562828e+00
2.399521434307098389e+01 -1.192118236422538757e+01 1.459003319963812828e+00
2.496719920635223389e+01 -1.215885326266288757e+01 1.495044579729437828e+00
2.599463450908660889e+01 -1.240482494235038757e+01 1.532962670549750328e+00
2.704767405986785889e+01 -1.264518138766288757e+01 1.571384301409125328e+00
2.825140941143035889e+01 -1.293705150485038757e+01 1.616702904924750328e+00
2.121674144268035889e+01 -1.117069408297538757e+01 1.464511742815375328e+00
2.210635936260223389e+01 -1.141849681735038757e+01 1.502750268206000328e+00
2.305884349346160889e+01 -1.168204662203788757e+01 1.543643822893500328e+00
2.553284251689910889e+01 -1.270548412203788757e+01 1.662647118791937828e+00
2.994916331768035889e+01 -1.373294994235038757e+01 1.844852318987250328e+00
2.262344920635223389e+01 -1.193314525485038757e+01 1.657474389299750328e+00
2.553037059307098389e+01 -1.270145580172538757e+01 1.793765893206000328e+00
2.871768748760223389e+01 -1.315018627047538757e+01 1.928943505510687828e+00
2.262122142314910889e+01 -1.192936107516288757e+01 1.775089135393500328e+00
2.259024608135223389e+01 -1.167142650485038757e+01 1.763004174456000328e+00
2.330331981182098389e+01 -1.180472728610038757e+01 1.797595849260687828e+00
2.426270091533660889e+01 -1.205008861422538757e+01 1.846912255510687828e+00
2.526590526103973389e+01 -1.230033275485038757e+01 1.898227563127875328e+00
2.635022532939910889e+01 -1.257084056735038757e+01 1.953678002581000328e+00
2.750800120830535889e+01 -1.285746166110038757e+01 2.012805810198187828e+00
2.873151195049285889e+01 -1.315360423922538757e+01 2.075000634416937828e+00
2.158261668682098389e+01 -1.136258861422538757e+01 1.822086205706000328e+00
2.241803538799285889e+01 -1.157718822360038757e+01 1.868961205706000328e+00
2.331299388408660889e+01 -1.180716869235038757e+01 1.919177880510687828e+00
2.427283275127410889e+01 -1.205265209078788757e+01 1.972324242815375328e+00
2.527689158916473389e+01 -1.230314037203788757e+01 2.028308739885687828e+00
9.436437487602233887e+00 -4.095620840787887573e+00 1.002997066825628281e-01
9.471166491508483887e+00 -4.017129629850387573e+00 9.880434535443782806e-02
9.501623034477233887e+00 -3.936685293912887573e+00 9.717165492475032806e-02
9.532140612602233887e+00 -3.855874747037887573e+00 9.553896449506282806e-02
9.562536120414733887e+00 -3.775552481412887573e+00 9.390627406537532806e-02
9.592992663383483887e+00 -3.694986075162887573e+00 9.227358363568782806e-02
9.623266100883483887e+00 -3.614785879850387573e+00 9.064089320600032806e-02
9.649206042289733887e+00 -3.532876700162887573e+00 8.887087367475032806e-02
1.032260692119598389e+01 -4.512979239225387573e+00 1.294897701591253281e-01
1.035556590557098389e+01 -4.424600332975387573e+00 1.276892330497503281e-01
1.038846385478973389e+01 -4.336343497037887573e+00 1.258886959403753281e-01
1.042661082744598389e+01 -4.250161856412887573e+00 1.242560055106878281e-01
1.045944774150848389e+01 -4.162027090787887573e+00 1.224554684013128281e-01
1.048715770244598389e+01 -4.071572989225387573e+00 1.204870846122503281e-01
1.051993358135223389e+01 -3.983560293912887573e+00 1.186865475028753281e-01
1.055264842510223389e+01 -3.895791739225387573e+00 1.169012691825628281e-01
1.139218699932098389e+01 -5.016641348600387573e+00 1.648291256278753281e-01
1.142801463603973389e+01 -4.918863028287887573e+00 1.628149654716253281e-01
1.146378123760223389e+01 -4.821084707975387573e+00 1.608160641044378281e-01
1.149960887432098389e+01 -4.723184317350387573e+00 1.588019039481878281e-01
1.153531444072723389e+01 -4.625650137662887573e+00 1.568030025810003281e-01
1.157108104228973389e+01 -4.527871817350387573e+00 1.547888424247503281e-01
1.160666453838348389e+01 -4.430581778287887573e+00 1.527899410575628281e-01
1.164224803447723389e+01 -4.333413809537887573e+00 1.507910396903753281e-01
1.270200145244598389e+01 -5.633340567350387573e+00 2.081488277763128281e-01
1.274899852275848389e+01 -5.527505606412887573e+00 2.061346676200628281e-01
1.278818309307098389e+01 -5.418130606412887573e+00 2.038763668388128281e-01
1.282742869853973389e+01 -5.308511465787887573e+00 2.016028072685003281e-01
1.286655223369598389e+01 -5.199258536100387573e+00 1.993445064872503281e-01
1.290567576885223389e+01 -5.089883536100387573e+00 1.970862057060003281e-01
1.294467723369598389e+01 -4.980996817350387573e+00 1.948279049247503281e-01
1.297568309307098389e+01 -4.868936270475387573e+00 1.923254635185003281e-01
1.435700023174285889e+01 -6.412759512662887573e+00 2.631720211356878281e-01
1.440735423564910889e+01 -6.291665762662887573e+00 2.605322506278753281e-01
1.444965159893035889e+01 -6.167031973600387573e+00 2.579535152763128281e-01
1.449204051494598389e+01 -6.042154043912887573e+00 2.553595211356878281e-01
1.453424632549285889e+01 -5.917886465787887573e+00 2.527655269950628281e-01
1.457651317119598389e+01 -5.793374747037887573e+00 2.501867916435003281e-01
1.461859691143035889e+01 -5.669473379850387573e+00 2.476080562919378281e-01
1.466058909893035889e+01 -5.545694082975387573e+00 2.450445797294378281e-01
1.635565745830535889e+01 -7.353799551725387573e+00 3.344458248466253281e-01
1.647101390361785889e+01 -7.242593497037887573e+00 3.318213131278753281e-01
1.657474315166473389e+01 -7.124917715787887573e+00 3.287542965263128281e-01
1.666888988018035889e+01 -7.001748770475387573e+00 3.256720211356878281e-01
1.671573436260223389e+01 -6.857949942350387573e+00 3.226507809013128281e-01
1.676263988018035889e+01 -6.713906973600387573e+00 3.196142818778753281e-01
1.680930125713348389e+01 -6.570596426725387573e+00 3.165930416435003281e-01
1.684247386455535889e+01 -6.422036856412887573e+00 3.131598141044378281e-01
1.901471507549285889e+01 -8.605752676725387573e+00 4.294623043388128281e-01
1.914230906963348389e+01 -8.473306387662887573e+00 4.261969234794378281e-01
1.927066600322723389e+01 -8.340005606412887573e+00 4.229162838310003281e-01
1.940024363994598389e+01 -8.205484122037887573e+00 4.196051266044378281e-01
1.953018748760223389e+01 -8.070596426725387573e+00 4.162939693778753281e-01
1.966138255596160889e+01 -7.934365957975387573e+00 4.129370357841253281e-01
1.975314891338348389e+01 -7.781411856412887573e+00 4.094427730888128281e-01
1.980194652080535889e+01 -7.610757559537887573e+00 4.057959225028753281e-01
2.268155467510223389e+01 -1.033219310641288757e+01 5.606726314872503281e-01
2.284518992900848389e+01 -1.017936107516288757e+01 5.572394039481878281e-01
2.303384959697723389e+01 -1.003617259860038757e+01 5.546148922294378281e-01
2.320068919658660889e+01 -9.880532950162887573e+00 5.511206295341253281e-01
2.336789500713348389e+01 -9.724160879850387573e+00 5.475958492606878281e-01
2.353445994853973389e+01 -9.564981192350387573e+00 5.440405514091253281e-01
2.367685496807098389e+01 -9.395181387662887573e+00 5.396155025810003281e-01
2.384491527080535889e+01 -9.234536856412887573e+00 5.360144283622503281e-01
2.810404002666473389e+01 -1.288529369235038757e+01 7.555578853935003281e-01
2.832578074932098389e+01 -1.270450755953788757e+01 7.520788814872503281e-01
2.854804027080535889e+01 -1.252152416110038757e+01 7.485541012138128281e-01
2.877295482158660889e+01 -1.233634349703788757e+01 7.449835445731878281e-01
2.899899852275848389e+01 -1.215030834078788757e+01 7.413977291435003281e-01
2.922772777080535889e+01 -1.196195384860038757e+01 7.377661373466253281e-01
2.945761668682098389e+01 -1.177262279391288757e+01 7.341192867606878281e-01
2.968951976299285889e+01 -1.158170482516288757e+01 7.304419185966253281e-01
2.906989085674285889e+01 -1.333732005953788757e+01 9.166601803153753281e-01
3.039450633525848389e+01 -1.365519115328788757e+01 9.350470211356878281e-01
3.180927073955535889e+01 -1.398941966891288757e+01 9.545630123466253281e-01
3.335507762432098389e+01 -1.435428783297538757e+01 9.758795406669378281e-01
3.496802318096160889e+01 -1.472086498141288757e+01 9.977606441825628281e-01
3.672775828838348389e+01 -1.511893627047538757e+01 1.021594872698187828e+00
3.859753978252410889e+01 -1.553153392672538757e+01 1.046649804338812828e+00
3.919531810283660889e+01 -1.539933177828788757e+01 1.047931542620062828e+00
2.996372020244598389e+01 -1.375516673922538757e+01 1.086566796526312828e+00
3.139908397197723389e+01 -1.411503002047538757e+01 1.113620629534125328e+00
3.195328319072723389e+01 -1.405082103610038757e+01 1.118518700823187828e+00
3.334695994853973389e+01 -1.434696361422538757e+01 1.143344750627875328e+00
3.495886790752410889e+01 -1.471305248141288757e+01 1.172687401995062828e+00
3.671518504619598389e+01 -1.510953685641288757e+01 1.204608788713812828e+00
3.858398997783660889e+01 -1.552164623141288757e+01 1.238300194963812828e+00
4.058603465557098389e+01 -1.595377513766288757e+01 1.274127831682562828e+00
2.996085155010223389e+01 -1.375052806735038757e+01 1.237918725237250328e+00
3.139603221416473389e+01 -1.411014720797538757e+01 1.271671166643500328e+00
3.288159739971160889e+01 -1.446586009860038757e+01 1.306110253557562828e+00
3.432938182353973389e+01 -1.477640697360038757e+01 1.338626733049750328e+00
3.582626903057098389e+01 -1.508304759860038757e+01 1.371829858049750328e+00
4.169745433330535889e+01 -1.639579173922538757e+01 1.505267968401312828e+00
2.829352366924285889e+01 -1.296219798922538757e+01 1.331775536760687828e+00
2.960526072978973389e+01 -1.328153392672538757e+01 1.368472924456000328e+00
3.099429881572723389e+01 -1.361148998141288757e+01 1.406253686174750328e+00
3.250430858135223389e+01 -1.396830150485038757e+01 1.448139062151312828e+00
3.411273753643035889e+01 -1.434086009860038757e+01 1.492511620745062828e+00
3.585953319072723389e+01 -1.474112865328788757e+01 1.540576806291937828e+00
3.770834910869598389e+01 -1.515299388766288757e+01 1.592075219377875328e+00
3.970798289775848389e+01 -1.559220287203788757e+01 1.646549096331000328e+00
2.819098460674285889e+01 -1.291080638766288757e+01 1.470676293596625328e+00
2.952747142314910889e+01 -1.324247142672538757e+01 1.514499535784125328e+00
3.095139110088348389e+01 -1.358878490328788757e+01 1.560947289690375328e+00
3.249558055400848389e+01 -1.396085521578788757e+01 1.611209740862250328e+00
3.414307200908660889e+01 -1.435013744235038757e+01 1.664600243791937828e+00
3.582199656963348389e+01 -1.472135326266288757e+01 1.718158593401312828e+00
3.779685008525848389e+01 -1.518522045016288757e+01 1.782047143206000328e+00
3.978488719463348389e+01 -1.561869212985038757e+01 1.845264306291937828e+00
2.825922191143035889e+01 -1.293985912203788757e+01 1.617023339495062828e+00
2.950763499736785889e+01 -1.323014232516288757e+01 1.662341943010687828e+00
3.091373240947723389e+01 -1.356839916110038757e+01 1.714633813127875328e+00
3.251892650127410889e+01 -1.396756908297538757e+01 1.774768700823187828e+00
3.423465526103973389e+01 -1.438578197360038757e+01 1.838764062151312828e+00
4.168555247783660889e+01 -1.637723705172538757e+01 2.123844018206000328e+00
2.994922435283660889e+01 -1.373185130953788757e+01 1.844821801409125328e+00
3.138388621807098389e+01 -1.409073802828788757e+01 1.905368676409125328e+00
3.286890208721160889e+01 -1.444559642672538757e+01 1.967456689104437828e+00
3.431619822978973389e+01 -1.475541087985038757e+01 2.026645531877875328e+00
3.816782176494598389e+01 -1.532926341891288757e+01 2.175006737932562828e+00
4.015707957744598389e+01 -1.575919505953788757e+01 2.256503930315375328e+00
2.872601878643035889e+01 -1.315311595797538757e+01 1.929370751604437828e+00
3.005161082744598389e+01 -1.347391673922538757e+01 1.990314355120062828e+00
3.144507396221160889e+01 -1.380082103610038757e+01 2.054813256487250328e+00
3.297061717510223389e+01 -1.415921947360038757e+01 2.125430932268500328e+00
3.457846629619598389e+01 -1.452616283297538757e+01 2.199466576799750328e+00
3.632275950908660889e+01 -1.492008373141288757e+01 2.279605736956000328e+00
3.818338572978973389e+01 -1.533146068453788757e+01 2.364765038713812828e+00
2.873984324932098389e+01 -1.315653392672538757e+01 2.075458398088812828e+00
3.006433665752410889e+01 -1.347648021578788757e+01 2.143314233049750328e+00
9.649206042289733887e+00 -3.532510489225387573e+00 8.887087367475032806e-02
9.680089831352233887e+00 -3.452676504850387573e+00 8.726870082318782806e-02
9.706579089164733887e+00 -3.371133536100387573e+00 8.552919887006282806e-02
9.733129382133483887e+00 -3.289346426725387573e+00 8.377443812787532806e-02
9.759557604789733887e+00 -3.207925528287887573e+00 8.203493617475032806e-02
9.786107897758483887e+00 -3.126260489225387573e+00 8.029543422162532806e-02
9.812536120414733887e+00 -3.044839590787887573e+00 7.855593226850032806e-02
9.834447741508483887e+00 -2.962075918912887573e+00 7.669436000287532806e-02
1.055264842510223389e+01 -3.895425528287887573e+00 1.169012691825628281e-01
1.058133494853973389e+01 -3.805947989225387573e+00 1.149786617606878281e-01
1.060996043682098389e+01 -3.716714590787887573e+00 1.130713131278753281e-01
1.064395701885223389e+01 -3.629068106412887573e+00 1.113012935966253281e-01
1.067258250713348389e+01 -3.539834707975387573e+00 1.093939449638128281e-01
1.069595897197723389e+01 -3.448404043912887573e+00 1.073187496513128281e-01
1.072452342510223389e+01 -3.359292715787887573e+00 1.054114010185003281e-01
1.075308787822723389e+01 -3.270303457975387573e+00 1.035040523856878281e-01
1.164224803447723389e+01 -4.333047598600387573e+00 1.507910396903753281e-01
1.167343699932098389e+01 -4.234170645475387573e+00 1.486700680106878281e-01
1.170462596416473389e+01 -4.135293692350387573e+00 1.465338375419378281e-01
1.173587596416473389e+01 -4.036294668912887573e+00 1.444128658622503281e-01
1.176706492900848389e+01 -3.937661856412887573e+00 1.422766353935003281e-01
1.179825389385223389e+01 -3.838784903287887573e+00 1.401556637138128281e-01
1.182932078838348389e+01 -3.740274161100387573e+00 1.380346920341253281e-01
1.186038768291473389e+01 -3.641885489225387573e+00 1.359137203544378281e-01
1.297568309307098389e+01 -4.868570059537887573e+00 1.923254635185003281e-01
1.301785838603973389e+01 -4.761148184537887573e+00 1.901739742606878281e-01
1.305203807353973389e+01 -4.650674551725387573e+00 1.877936031669378281e-01
1.308633983135223389e+01 -4.539956778287887573e+00 1.853979732841253281e-01
1.312039744853973389e+01 -4.429605215787887573e+00 1.830023434013128281e-01
1.315390574932098389e+01 -4.318887442350387573e+00 1.806219723075628281e-01
1.318723094463348389e+01 -4.208535879850387573e+00 1.782416012138128281e-01
1.321249949932098389e+01 -4.095620840787887573e+00 1.756323482841253281e-01
1.466055858135223389e+01 -5.545205801725387573e+00 2.450293209403753281e-01
1.469748485088348389e+01 -5.419595450162887573e+00 2.423132564872503281e-01
1.473438060283660889e+01 -5.294107168912887573e+00 2.395819332450628281e-01
1.477136790752410889e+01 -5.168374747037887573e+00 2.368658687919378281e-01
1.480817210674285889e+01 -5.043130606412887573e+00 2.341498043388128281e-01
1.484506785869598389e+01 -4.917764395475387573e+00 2.314184810966253281e-01
1.488178050518035889e+01 -4.792764395475387573e+00 2.287176754325628281e-01
1.491846263408660889e+01 -4.668008536100387573e+00 2.260168697685003281e-01
1.684250438213348389e+01 -6.421548575162887573e+00 3.131598141044378281e-01
1.689700877666473389e+01 -6.281900137662887573e+00 3.103979732841253281e-01
1.693802440166473389e+01 -6.137002676725387573e+00 3.072241451591253281e-01
1.697913157939910889e+01 -5.991739004850387573e+00 3.040350582450628281e-01
1.702005565166473389e+01 -5.847207754850387573e+00 3.008764889091253281e-01
1.706104075908660889e+01 -5.702432364225387573e+00 2.977026607841253281e-01
1.710135447978973389e+01 -5.558145254850387573e+00 2.945440914481878281e-01
1.712741649150848389e+01 -5.409219473600387573e+00 2.909887935966253281e-01
1.980200755596160889e+01 -7.610147207975387573e+00 4.057959225028753281e-01
1.984485423564910889e+01 -7.437417715787887573e+00 4.019812252372503281e-01
1.988757884502410889e+01 -7.265054434537887573e+00 3.981665279716253281e-01
1.993039500713348389e+01 -7.092447012662887573e+00 3.943518307060003281e-01
1.997299754619598389e+01 -6.920694082975387573e+00 3.905523922294378281e-01
2.001566112041473389e+01 -6.748697012662887573e+00 3.867529537528753281e-01
2.005933177471160889e+01 -6.578042715787887573e+00 3.829840328544378281e-01
2.010327708721160889e+01 -6.407754629850387573e+00 3.792151119560003281e-01
2.384561717510223389e+01 -9.234048575162887573e+00 5.359991695731878281e-01
2.400925242900848389e+01 -9.069986075162887573e+00 5.321844723075628281e-01
2.413168895244598389e+01 -8.888345450162887573e+00 5.286444332450628281e-01
2.417893016338348389e+01 -8.676919668912887573e+00 5.238684322685003281e-01
2.422589671611785889e+01 -8.466714590787887573e+00 5.191076900810003281e-01
2.427292430400848389e+01 -8.256265372037887573e+00 5.143622066825628281e-01
2.429224193096160889e+01 -8.037515372037887573e+00 5.088080074638128281e-01
2.433887279033660889e+01 -7.829019278287887573e+00 5.040930416435003281e-01
2.969070994853973389e+01 -1.158133861422538757e+01 7.304419185966253281e-01
2.991937816143035889e+01 -1.138651439547538757e+01 7.265509273856878281e-01
3.014951121807098389e+01 -1.118973705172538757e+01 7.226294185966253281e-01
3.038049876689910889e+01 -1.098966380953788757e+01 7.186163570731878281e-01
3.061282908916473389e+01 -1.078849193453788757e+01 7.145880367606878281e-01
3.077219188213348389e+01 -1.055777904391288757e+01 7.095984127372503281e-01
3.081076610088348389e+01 -1.028519603610038757e+01 7.031897213310003281e-01
3.085294139385223389e+01 -1.001481029391288757e+01 6.968573238700628281e-01
3.919669139385223389e+01 -1.539859935641288757e+01 1.047931542620062828e+00
3.954114329814910889e+01 -1.515799877047538757e+01 1.044437279924750328e+00
3.988925731182098389e+01 -1.491446849703788757e+01 1.040897240862250328e+00
4.024265086650848389e+01 -1.466739818453788757e+01 1.037311425432562828e+00
4.059406077861785889e+01 -1.441654369235038757e+01 1.033618798479437828e+00
4.094803416728973389e+01 -1.416092845797538757e+01 1.029819360002875328e+00
4.130478465557098389e+01 -1.390336009860038757e+01 1.025989403948187828e+00
4.166562449932098389e+01 -1.364273998141288757e+01 1.022113671526312828e+00
4.059958446025848389e+01 -1.595792552828788757e+01 1.274417748674750328e+00
4.274448192119598389e+01 -1.640995189547538757e+01 1.312564721331000328e+00
4.505106151103973389e+01 -1.688529369235038757e+01 1.353290429338812828e+00
4.750568187236785889e+01 -1.737308666110038757e+01 1.396137109026312828e+00
5.014682567119598389e+01 -1.788639232516288757e+01 1.441943993791937828e+00
5.294956004619598389e+01 -1.840860912203788757e+01 1.489932885393500328e+00
5.592313182353973389e+01 -1.894193431735038757e+01 1.540271630510687828e+00
5.909930980205535889e+01 -1.949125072360038757e+01 1.593509545549750328e+00
4.169751536846160889e+01 -1.639457103610038757e+01 1.505222192034125328e+00
4.609763133525848389e+01 -1.728067943453788757e+01 1.602710595354437828e+00
4.903415477275848389e+01 -1.793790599703788757e+01 1.669666161760687828e+00
3.972159373760223389e+01 -1.559635326266288757e+01 1.646961083635687828e+00
4.188562572002410889e+01 -1.606388255953788757e+01 1.705936303362250328e+00
4.418176829814910889e+01 -1.654288646578788757e+01 1.766818871721625328e+00
4.666803538799285889e+01 -1.705008861422538757e+01 1.833606591448187828e+00
4.929892528057098389e+01 -1.756705638766288757e+01 1.903659692034125328e+00
5.210642039775848389e+01 -1.809830638766288757e+01 1.977802148088812828e+00
5.508524119853973389e+01 -1.864066478610038757e+01 2.057254662737250328e+00
5.824097239971160889e+01 -1.919010326266288757e+01 2.139224877581000328e+00
3.979843699932098389e+01 -1.562284252047538757e+01 1.845737328752875328e+00
4.169754588603973389e+01 -1.598551341891288757e+01 1.904804101213812828e+00
4.423615062236785889e+01 -1.655875560641288757e+01 1.986560693010687828e+00
4.666098582744598389e+01 -1.704227611422538757e+01 2.062625756487250328e+00
4.920267283916473389e+01 -1.752665111422538757e+01 2.141620507463812828e+00
5.191995799541473389e+01 -1.802640697360038757e+01 2.225513329729437828e+00
5.480161082744598389e+01 -1.853678295016288757e+01 2.313846459612250328e+00
5.805853831768035889e+01 -1.912247630953788757e+01 2.413959374651312828e+00
4.168561351299285889e+01 -1.637589427828788757e+01 2.123813500627875328e+00
4.609738719463348389e+01 -1.726517650485038757e+01 2.281803002581000328e+00
4.902020823955535889e+01 -1.791642162203788757e+01 2.389285912737250328e+00
5.587546336650848389e+01 -1.890067455172538757e+01 2.623157372698187828e+00
5.868659007549285889e+01 -1.932657787203788757e+01 2.721332421526312828e+00
4.017075145244598389e+01 -1.576346752047538757e+01 2.257114281877875328e+00
4.232129466533660889e+01 -1.622049877047538757e+01 2.345508446916937828e+00
4.464160716533660889e+01 -1.670377513766288757e+01 2.440524926409125328e+00
4.711691844463348389e+01 -1.720182201266288757e+01 2.541263451799750328e+00
4.975156199932098389e+01 -1.771500560641288757e+01 2.647891869768500328e+00
9.834508776664733887e+00 -2.961831778287887573e+00 7.669436000287532806e-02
9.861547350883483887e+00 -2.880777090787887573e+00 7.497011683881282806e-02
9.884069323539733887e+00 -2.798257559537887573e+00 7.312380336225032806e-02
9.906652331352233887e+00 -2.715493887662887573e+00 7.127748988568782806e-02
9.929174304008483887e+00 -2.633096426725387573e+00 6.943117640912532806e-02
9.952123522758483887e+00 -2.550576895475387573e+00 6.756960414350032806e-02
9.975011706352233887e+00 -2.468301504850387573e+00 6.572329066693782806e-02
9.993383288383483887e+00 -2.384927481412887573e+00 6.373964808881282806e-02
1.075314891338348389e+01 -3.270059317350387573e+00 1.034887935966253281e-01
1.077756297588348389e+01 -3.179727286100387573e+00 1.014746334403753281e-01
1.080197703838348389e+01 -3.089395254850387573e+00 9.944521449506282806e-02
1.083182322978973389e+01 -3.000528067350387573e+00 9.756838344037532806e-02
1.085623729228973389e+01 -2.910196036100387573e+00 9.553896449506282806e-02
1.087528026103973389e+01 -2.818155020475387573e+00 9.335695765912532806e-02
1.089963328838348389e+01 -2.728067129850387573e+00 9.134279750287532806e-02
1.092398631572723389e+01 -2.637979239225387573e+00 8.931337855756282806e-02
1.186050975322723389e+01 -3.641519278287887573e+00 1.359137203544378281e-01
1.188712108135223389e+01 -3.541787832975387573e+00 1.336554195731878281e-01
1.191373240947723389e+01 -3.441934317350387573e+00 1.314123775810003281e-01
1.194046580791473389e+01 -3.341958731412887573e+00 1.291693355888128281e-01
1.196701610088348389e+01 -3.242349356412887573e+00 1.269262935966253281e-01
1.199368846416473389e+01 -3.142373770475387573e+00 1.246832516044378281e-01
1.202023875713348389e+01 -3.042886465787887573e+00 1.224402096122503281e-01
1.204678905010223389e+01 -2.943399161100387573e+00 1.201971676200628281e-01
1.321268260478973389e+01 -4.095254629850387573e+00 1.756323482841253281e-01
1.324930369853973389e+01 -3.986245840787887573e+00 1.733587887138128281e-01
1.327780711650848389e+01 -3.874551504850387573e+00 1.708563473075628281e-01
1.330643260478973389e+01 -3.762735098600387573e+00 1.683386471122503281e-01
1.333493602275848389e+01 -3.651284903287887573e+00 1.658362057060003281e-01
1.336350047588348389e+01 -3.539468497037887573e+00 1.633185055106878281e-01
1.339200389385223389e+01 -3.428262442350387573e+00 1.608313228935003281e-01
1.341226756572723389e+01 -3.314737051725387573e+00 1.580999996513128281e-01
1.491864573955535889e+01 -4.667642325162887573e+00 2.260016109794378281e-01
1.495017039775848389e+01 -4.541299551725387573e+00 2.231482174247503281e-01
1.498166453838348389e+01 -4.414956778287887573e+00 2.202948238700628281e-01
1.501325023174285889e+01 -4.288369864225387573e+00 2.174414303153753281e-01
1.504471385478973389e+01 -4.162393301725387573e+00 2.145880367606878281e-01
1.507623851299285889e+01 -4.036050528287887573e+00 2.117346432060003281e-01
1.510767161846160889e+01 -3.910196036100387573e+00 2.088965084403753281e-01
1.513904368877410889e+01 -3.784463614225387573e+00 2.060583736747503281e-01
1.712750804424285889e+01 -5.408731192350387573e+00 2.909887935966253281e-01
1.717502391338348389e+01 -5.267251700162887573e+00 2.880743648856878281e-01
1.720902049541473389e+01 -5.121377676725387573e+00 2.847632076591253281e-01
1.724307811260223389e+01 -4.975259512662887573e+00 2.814520504325628281e-01
1.727698314189910889e+01 -4.829629629850387573e+00 2.781561519950628281e-01
1.731097972393035889e+01 -4.683755606412887573e+00 2.748602535575628281e-01
1.734482371807098389e+01 -4.538614004850387573e+00 2.715643551200628281e-01
1.736496531963348389e+01 -4.389810293912887573e+00 2.679022457450628281e-01
2.010336863994598389e+01 -6.407144278287887573e+00 3.791998531669378281e-01
2.014139354228973389e+01 -6.235147207975387573e+00 3.752478267997503281e-01
2.017935740947723389e+01 -6.063394278287887573e+00 3.713263180106878281e-01
2.021741282939910889e+01 -5.891275137662887573e+00 3.673742916435003281e-01
2.025528514385223389e+01 -5.720010489225387573e+00 3.634527828544378281e-01
2.029324901103973389e+01 -5.548379629850387573e+00 3.595160152763128281e-01
2.033102977275848389e+01 -5.377481192350387573e+00 3.556097652763128281e-01
2.036874949932098389e+01 -5.206826895475387573e+00 3.517035152763128281e-01
2.433893382549285889e+01 -7.828286856412887573e+00 5.040777828544378281e-01
2.437927806377410889e+01 -7.618081778287887573e+00 4.991949703544378281e-01
2.444705760478973389e+01 -7.416909903287887573e+00 4.951208736747503281e-01
2.448740184307098389e+01 -7.206460684537887573e+00 4.902228023856878281e-01
2.452680003643035889e+01 -6.996988028287887573e+00 4.853552486747503281e-01
2.456476390361785889e+01 -6.786538809537887573e+00 4.804724361747503281e-01
2.457520091533660889e+01 -6.569741934537887573e+00 4.748419430106878281e-01
2.461285960674285889e+01 -6.361123770475387573e+00 4.699896480888128281e-01
3.085284984111785889e+01 -1.001383373141288757e+01 6.968268062919378281e-01
2.742456614971160889e+01 -8.610269278287887573e+00 6.512945797294378281e-01
3.012131297588348389e+01 -9.216226309537887573e+00 6.749762203544378281e-01
3.096195018291473389e+01 -9.200723379850387573e+00 6.773718502372503281e-01
3.099808299541473389e+01 -8.931436270475387573e+00 6.709326412528753281e-01
3.103421580791473389e+01 -8.662027090787887573e+00 6.644781734794378281e-01
3.107016551494598389e+01 -8.394204825162887573e+00 6.580847408622503281e-01
3.110599315166473389e+01 -8.127114981412887573e+00 6.516913082450628281e-01
4.166776072978973389e+01 -1.364225170016288757e+01 1.022113671526312828e+00
2.733237254619598389e+01 -8.577188223600387573e+00 7.816809322685003281e-01
2.996860301494598389e+01 -9.164346426725387573e+00 8.170508053153753281e-01
4.221915233135223389e+01 -1.266800853610038757e+01 1.001315942034125328e+00
4.222574412822723389e+01 -1.228788158297538757e+01 9.915960934013128281e-01
4.223230540752410889e+01 -1.190812084078788757e+01 9.818762447685003281e-01
4.223880565166473389e+01 -1.153153392672538757e+01 9.722479488700628281e-01
4.224530589580535889e+01 -1.115677806735038757e+01 9.626654293388128281e-01
5.912097728252410889e+01 -1.949674388766288757e+01 1.593906274065375328e+00
2.709445750713348389e+01 -8.496377676725387573e+00 9.088476803153753281e-01
2.709964549541473389e+01 -8.250528067350387573e+00 9.022558834403753281e-01
2.725183665752410889e+01 -8.050332754850387573e+00 8.986853267997503281e-01
2.730356395244598389e+01 -7.819375723600387573e+00 8.930700924247503281e-01
2.735806834697723389e+01 -7.588662832975387573e+00 8.874853756278753281e-01
2.771188914775848389e+01 -7.443155020475387573e+00 8.878363277763128281e-01
2.785434520244598389e+01 -7.235147207975387573e+00 8.839300777763128281e-01
2.698654735088348389e+01 -8.458169668912887573e+00 1.036365380510687828e+00
2.695200145244598389e+01 -8.200723379850387573e+00 1.028491845354437828e+00
2.697919261455535889e+01 -7.963296622037887573e+00 1.022205224260687828e+00
2.701849925518035889e+01 -7.730996817350387573e+00 1.016254296526312828e+00
2.707431590557098389e+01 -7.503335684537887573e+00 1.010715356096625328e+00
2.713898265361785889e+01 -7.279092520475387573e+00 1.005420556291937828e+00
2.725671947002410889e+01 -7.069375723600387573e+00 1.001407494768500328e+00
5.826276195049285889e+01 -1.919559642672538757e+01 2.139835229143500328e+00
2.703986155986785889e+01 -8.472573965787887573e+00 1.168491235002875328e+00
2.698920238018035889e+01 -8.209512442350387573e+00 1.158923974260687828e+00
2.700955760478973389e+01 -7.969644278287887573e+00 1.152210107073187828e+00
2.705075633525848389e+01 -7.737710684537887573e+00 1.146182885393500328e+00
2.710635936260223389e+01 -7.509561270475387573e+00 1.140567651018500328e+00
2.717883861064910889e+01 -7.287271231412887573e+00 1.136173119768500328e+00
2.729538524150848389e+01 -7.076822012662887573e+00 1.132343163713812828e+00
5.808136546611785889e+01 -1.912833568453788757e+01 2.414707055315375328e+00
2.705423533916473389e+01 -8.474282950162887573e+00 1.299060693010687828e+00
2.700607860088348389e+01 -8.211831778287887573e+00 1.289691796526312828e+00
2.702182567119598389e+01 -7.970376700162887573e+00 1.282596459612250328e+00
2.705899608135223389e+01 -7.737100332975387573e+00 1.276294579729437828e+00
2.711328685283660889e+01 -7.508462637662887573e+00 1.270557275041937828e+00
2.718634593486785889e+01 -7.286294668912887573e+00 1.265506615862250328e+00
2.730331981182098389e+01 -7.075845450162887573e+00 1.261936059221625328e+00
5.870856273174285889e+01 -1.933207103610038757e+01 2.722141137346625328e+00
2.707700145244598389e+01 -8.478677481412887573e+00 1.430118432268500328e+00
2.703592479228973389e+01 -8.218301504850387573e+00 1.420474877581000328e+00
2.706650340557098389e+01 -7.981118887662887573e+00 1.413699975237250328e+00
2.711069285869598389e+01 -7.749551504850387573e+00 1.407504906877875328e+00
2.716431224346160889e+01 -7.520303457975387573e+00 1.401676049456000328e+00
2.722754466533660889e+01 -7.294839590787887573e+00 1.396243920549750328e+00
2.731973826885223389e+01 -7.077310293912887573e+00 1.392627587541937828e+00
2.721463572978973389e+01 -8.520425528287887573e+00 1.567294945940375328e+00
2.705795848369598389e+01 -8.222207754850387573e+00 1.551883568987250328e+00
2.706870067119598389e+01 -7.978677481412887573e+00 1.544040551409125328e+00
2.710590159893035889e+01 -7.745034903287887573e+00 1.537433495745062828e+00
2.715955150127410889e+01 -7.515786856412887573e+00 1.531528344377875328e+00
2.723547923564910889e+01 -7.293985098600387573e+00 1.526630273088812828e+00
2.738263499736785889e+01 -7.091348379850387573e+00 1.524814477190375328e+00
2.861014354228973389e+01 -8.710733145475387573e+00 1.758731713518500328e+00
2.777695262432098389e+01 -8.193521231412887573e+00 1.708515038713812828e+00
2.786227977275848389e+01 -7.967691153287887573e+00 1.703891625627875328e+00
2.792935740947723389e+01 -7.485513418912887573e+00 1.689563622698187828e+00
2.754474437236785889e+01 -7.132241934537887573e+00 1.663059106096625328e+00
2.741446483135223389e+01 -8.329019278287887573e+00 1.831714501604437828e+00
2.948331248760223389e+01 -8.182046622037887573e+00 1.915134301409125328e+00
2.870624339580535889e+01 -7.700113028287887573e+00 1.864246239885687828e+00
2.773892772197723389e+01 -7.181802481412887573e+00 1.803867211565375328e+00
2.761511790752410889e+01 -8.389444082975387573e+00 1.975910058245062828e+00
2.743005931377410889e+01 -8.080728262662887573e+00 1.954791894182562828e+00
2.745111644268035889e+01 -7.838906973600387573e+00 1.946658959612250328e+00
2.750461375713348389e+01 -7.606485098600387573e+00 1.941120019182562828e+00
2.758664500713348389e+01 -7.383218497037887573e+00 1.936572900041937828e+00
2.846060740947723389e+01 -7.374551504850387573e+00 1.977603783831000328e+00
9.993444323539733887e+00 -2.384561270475387573e+00 6.373964808881282806e-02
1.001694285869598389e+01 -2.302652090787887573e+00 6.189333461225032806e-02
1.003592479228973389e+01 -2.219400137662887573e+00 5.994020961225032806e-02
1.005496776103973389e+01 -2.135904043912887573e+00 5.797182582318782806e-02
1.007394969463348389e+01 -2.052774161100387573e+00 5.601870082318782806e-02
1.009299266338348389e+01 -1.969278067350387573e+00 5.405031703412532806e-02
1.011197459697723389e+01 -1.886148184537887573e+00 5.209719203412532806e-02
1.012637889385223389e+01 -1.802041739225387573e+00 5.002199672162532806e-02
1.092404735088348389e+01 -2.637735098600387573e+00 8.931337855756282806e-02
1.094418895244598389e+01 -2.546548575162887573e+00 8.717714808881282806e-02
1.096433055400848389e+01 -2.455362051725387573e+00 8.504091762006282806e-02
1.099002635478973389e+01 -2.365396231412887573e+00 8.304201625287532806e-02
1.101016795635223389e+01 -2.274209707975387573e+00 8.092104457318782806e-02
1.102487742900848389e+01 -2.181558340787887573e+00 7.863222621381282806e-02
1.104532420635223389e+01 -2.090615957975387573e+00 7.649599574506282806e-02
1.106595408916473389e+01 -1.999795645475387573e+00 7.435976527631282806e-02
1.204691112041473389e+01 -2.943032950162887573e+00 1.201971676200628281e-01
1.206882274150848389e+01 -2.842447012662887573e+00 1.178320553153753281e-01
1.209030711650848389e+01 -2.741616934537887573e+00 1.154822017997503281e-01
1.211185252666473389e+01 -2.640664786100387573e+00 1.131323482841253281e-01
1.213333690166473389e+01 -2.539956778287887573e+00 1.107824947685003281e-01
1.215488231182098389e+01 -2.439004629850387573e+00 1.084326412528753281e-01
1.217636668682098389e+01 -2.338418692350387573e+00 1.060827877372503281e-01
1.219779002666473389e+01 -2.237954825162887573e+00 1.037329342216253281e-01
1.341238963603973389e+01 -3.314370840787887573e+00 1.580847408622503281e-01
1.344412791728973389e+01 -3.204141348600387573e+00 1.556891109794378281e-01
1.346774852275848389e+01 -3.091836661100387573e+00 1.530645992606878281e-01
1.349143016338348389e+01 -2.979165762662887573e+00 1.504248287528753281e-01
1.351505076885223389e+01 -2.866861075162887573e+00 1.478003170341253281e-01
1.353873240947723389e+01 -2.754190176725387573e+00 1.451758053153753281e-01
1.356229197978973389e+01 -2.642129629850387573e+00 1.425512935966253281e-01
1.358987987041473389e+01 -2.530801504850387573e+00 1.395300533622503281e-01
1.513910472393035889e+01 -3.783975332975387573e+00 2.060431148856878281e-01
1.516531932353973389e+01 -3.657022207975387573e+00 2.030676510185003281e-01
1.519150340557098389e+01 -3.529947012662887573e+00 2.000921871513128281e-01
1.521774852275848389e+01 -3.402627676725387573e+00 1.971014644950628281e-01
1.524390208721160889e+01 -3.275796622037887573e+00 1.941260006278753281e-01
1.527014720439910889e+01 -3.148599356412887573e+00 1.911352779716253281e-01
1.530954539775848389e+01 -3.024942129850387573e+00 1.880377437919378281e-01
1.538605296611785889e+01 -2.908853262662887573e+00 1.845282223075628281e-01
1.736505687236785889e+01 -4.389322012662887573e+00 2.678869869560003281e-01
1.740689647197723389e+01 -4.246621817350387573e+00 2.648199703544378281e-01
1.743509471416473389e+01 -4.100381582975387573e+00 2.613867428153753281e-01
1.746335399150848389e+01 -3.953653067350387573e+00 2.579382564872503281e-01
1.749152171611785889e+01 -3.807534903287887573e+00 2.545202877372503281e-01
1.752496898174285889e+01 -3.662271231412887573e+00 2.510412838310003281e-01
1.762125194072723389e+01 -3.531411856412887573e+00 2.472418453544378281e-01
1.770392405986785889e+01 -3.396524161100387573e+00 2.430609371513128281e-01
2.036887156963348389e+01 -5.206216543912887573e+00 3.516882564872503281e-01
2.040064036846160889e+01 -5.034219473600387573e+00 3.476141598075628281e-01
2.043237864971160889e+01 -4.862222403287887573e+00 3.435400631278753281e-01
2.046417796611785889e+01 -4.689859122037887573e+00 3.394659664481878281e-01
2.049585521221160889e+01 -4.518350332975387573e+00 3.354071285575628281e-01
2.060114085674285889e+01 -4.363076895475387573e+00 3.313025142997503281e-01
2.072394359111785889e+01 -4.211221426725387573e+00 3.271673824638128281e-01
2.084619700908660889e+01 -4.057779043912887573e+00 3.229864742606878281e-01
2.461298167705535889e+01 -6.360391348600387573e+00 4.699743892997503281e-01
2.464441478252410889e+01 -6.150552481412887573e+00 4.649695064872503281e-01
2.470316112041473389e+01 -5.947915762662887573e+00 4.607275631278753281e-01
2.473462474346160889e+01 -5.737710684537887573e+00 4.557074215263128281e-01
2.481299388408660889e+01 -5.539590567350387573e+00 4.509161617606878281e-01
2.497818553447723389e+01 -5.360147207975387573e+00 4.464605953544378281e-01
2.511475169658660889e+01 -5.173135489225387573e+00 4.412268307060003281e-01
2.527701365947723389e+01 -4.990030020475387573e+00 4.366797115653753281e-01
3.110602366924285889e+01 -8.126138418912887573e+00 6.516607906669378281e-01
2.777994334697723389e+01 -6.973916739225387573e+00 6.125067379325628281e-01
3.116562449932098389e+01 -7.590738028287887573e+00 6.385992672294378281e-01
3.119544017314910889e+01 -7.322915762662887573e+00 6.320685055106878281e-01
3.134509837627410889e+01 -7.085000723600387573e+00 6.266516353935003281e-01
3.158225047588348389e+01 -6.864541739225387573e+00 6.219519283622503281e-01
3.181885325908660889e+01 -6.641885489225387573e+00 6.172064449638128281e-01
3.221994578838348389e+01 -6.450967520475387573e+00 6.137579586356878281e-01
4.224518382549285889e+01 -1.115543529391288757e+01 9.626349117606878281e-01
2.768634593486785889e+01 -6.946206778287887573e+00 7.424658443778753281e-01
4.225067698955535889e+01 -1.040848705172538757e+01 9.433783199638128281e-01
4.225772655010223389e+01 -1.003702709078788757e+01 9.338415767997503281e-01
4.231351268291473389e+01 -9.679727286100387573e+00 9.250372555106878281e-01
4.269119822978973389e+01 -9.395059317350387573e+00 9.205816891044378281e-01
4.307141673564910889e+01 -9.107095450162887573e+00 9.160498287528753281e-01
4.384262645244598389e+01 -8.896402090787887573e+00 9.165075924247503281e-01
2.785379588603973389e+01 -7.234048575162887573e+00 8.838995601981878281e-01
2.766177928447723389e+01 -6.936563223600387573e+00 8.735541012138128281e-01
6.760754954814910889e+01 -1.685465404391288757e+01 1.625308861956000328e+00
6.740283763408660889e+01 -1.620682689547538757e+01 1.605396142229437828e+00
6.720084178447723389e+01 -1.556754466891288757e+01 1.585742821916937828e+00
6.700021922588348389e+01 -1.493253490328788757e+01 1.566211571916937828e+00
6.680310618877410889e+01 -1.430619212985038757e+01 1.546954980120062828e+00
6.739978587627410889e+01 -1.385270091891288757e+01 1.541995873674750328e+00
2.725757396221160889e+01 -7.068765372037887573e+00 1.001407494768500328e+00
2.756015574932098389e+01 -6.906655997037887573e+00 1.001895776018500328e+00
2.729611766338348389e+01 -7.076211661100387573e+00 1.132343163713812828e+00
2.755930125713348389e+01 -6.903360098600387573e+00 1.132861962541937828e+00
9.541824901103973389e+01 -2.390836498141288757e+01 3.055255761370062828e+00
2.730411326885223389e+01 -7.075357168912887573e+00 1.261936059221625328e+00
2.758899486064910889e+01 -6.908120840787887573e+00 1.264163842424750328e+00
2.732028758525848389e+01 -7.076577872037887573e+00 1.392627587541937828e+00
2.767163646221160889e+01 -6.926675528287887573e+00 1.397785058245062828e+00
2.738361155986785889e+01 -7.090738028287887573e+00 1.524829735979437828e+00
2.754678905010223389e+01 -7.131997793912887573e+00 1.663135400041937828e+00
2.774344432353973389e+01 -7.182168692350387573e+00 1.804080834612250328e+00
2.849423778057098389e+01 -7.382730215787887573e+00 1.979511132463812828e+00
7.257787585258483887e+00 -1.428262442350387573e+00 1.254917016252875328e+00
6.603917956352233887e+00 -1.203775137662887573e+00 1.398792138323187828e+00
4.962743639945983887e+00 -4.077546298503875732e-01 4.690436031669378281e-01
4.819860339164733887e+00 -6.865632236003875732e-01 6.467322017997503281e-01
4.988988757133483887e+00 -4.130036532878875732e-01 6.430548336356878281e-01
4.814306139945983887e+00 -6.810700595378875732e-01 8.203619625419378281e-01
4.998937487602233887e+00 -4.127595126628875732e-01 8.167151119560003281e-01
5.515600085258483887e+00 -9.175202548503875732e-01 1.023547997698187828e+00
5.227941393852233887e+00 -4.853913486003875732e-01 1.000812401995062828e+00
5.744909167289733887e+00 -9.886872470378875732e-01 1.389255395159125328e+00
4.564245104789733887e+00 -6.587311923503875732e-01 1.004672875627875328e+00
4.234716296195983887e+00 -2.074372470378875732e-01 9.798620846122503281e-01
4.541051745414733887e+00 -3.069245517253875732e-01 1.170581689104437828e+00
4.958715319633483887e+00 -7.877595126628875732e-01 1.382800927385687828e+00
-3.606816530227661133e-01 1.235922127962112427e+00 8.938635494560003281e-01
-3.790532350540161133e-01 8.898527920246124268e-01 1.091770043596625328e+00
2.825678586959838867e-01 1.012655526399612427e+00 1.110462060198187828e+00
-1.721460461616516113e+00 1.357992440462112427e+00 6.888159420341253281e-01
-1.477991223335266113e+00 1.627889901399612427e+00 6.858099605888128281e-01
-1.019861340522766113e+00 1.105673104524612427e+00 9.054297115653753281e-01
-1.159937024116516113e+00 1.518759042024612427e+00 8.870276119560003281e-01
-1.346460461616516113e+00 1.229330331087112427e+00 1.079440942034125328e+00
-4.075037121772766113e+00 2.246420174837112427e+00 1.021045556291937828e+00
1.474085032939910889e+01 -9.436433017253875732e-01 7.718264125287532806e-02
-5.374597668647766113e+00 2.727621346712112427e+00 -1.108945347368717194e-02
-2.851343274116516113e+00 2.178304940462112427e+00 3.834902308881282806e-02
-5.370874524116516113e+00 2.730795174837112427e+00 1.828650142997503281e-01
-3.357263684272766113e+00 2.367758065462112427e+00 2.294958736747503281e-01
-5.335535168647766113e+00 2.722128182649612427e+00 3.769110348075628281e-01
-2.877344250679016113e+00 2.197592049837112427e+00 4.477270748466253281e-01
-5.313501477241516113e+00 2.718466073274612427e+00 5.718268062919378281e-01
-2.823694348335266113e+00 2.182821542024612427e+00 6.542700435966253281e-01
-5.098474621772766113e+00 2.642660409212112427e+00 7.743719723075628281e-01
-4.912073254585266113e+00 2.577596932649612427e+00 9.786871578544378281e-01
3.850983226299285889e+01 -8.249917715787887573e+00 8.003576900810003281e-01
-6.271143078804016113e+00 3.093099862337112427e+00 1.163061764091253281e-01
-3.443567395210266113e+00 2.432455331087112427e+00 1.836279537528753281e-01
-6.230371594429016113e+00 3.082357674837112427e+00 3.123205807060003281e-01
-3.422754406929016113e+00 2.429647713899612427e+00 3.922156002372503281e-01
-6.204553723335266113e+00 3.077230721712112427e+00 5.092199947685003281e-01
-5.956262707710266113e+00 2.988607674837112427e+00 7.148626949638128281e-01
-4.773767590522766113e+00 2.549398690462112427e+00 9.685095455497503281e-01
-4.793447315692901611e+01 1.984175708889961243e+01 -1.628139624372124672e+00
-4.788668262958526611e+01 1.993721607327461243e+01 -1.630291113629937172e+00
-4.783901417255401611e+01 2.003255298733711243e+01 -1.632442602887749672e+00
-4.779104053974151611e+01 2.012837818264961243e+01 -1.634609350934624672e+00
-4.770992481708526611e+01 2.021285083889961243e+01 -1.637325415387749672e+00
-4.762392628192901611e+01 2.029659107327461243e+01 -1.640117773786187172e+00
-4.650930225849151611e+01 1.905550220608711243e+01 -1.582378515973687172e+00
-4.645412647724151611e+01 1.916170337796211243e+01 -1.584743628278374672e+00
-4.638949024677276611e+01 1.926473072171211243e+01 -1.586879858747124672e+00
-4.633382618427276611e+01 1.937190845608711243e+01 -1.589260229840874672e+00
-4.626961719989776611e+01 1.947591236233711243e+01 -1.591747412458062172e+00
-4.616610157489776611e+01 1.956722095608711243e+01 -1.594707617536187172e+00
-4.607418262958526611e+01 1.966316822171211243e+01 -1.597881445661187172e+00
-4.597164356708526611e+01 1.975655201077461243e+01 -1.600856909528374672e+00
-4.453676807880401611e+01 1.828133228421211243e+01 -1.528301367536187172e+00
-4.447286427021026611e+01 1.840303638577461243e+01 -1.530941138043999672e+00
-4.440877735614776611e+01 1.852510669827461243e+01 -1.533580908551812172e+00
-4.432082569599151611e+01 1.863924244046211243e+01 -1.536403784528374672e+00
-4.419375050067901611e+01 1.873982837796211243e+01 -1.539470801129937172e+00
-4.406575977802276611e+01 1.884200122952461243e+01 -1.542583594098687172e+00
-4.393837940692901611e+01 1.894551685452461243e+01 -1.545711645856499672e+00
-4.381228077411651611e+01 1.905074146389961243e+01 -1.548854956403374672e+00
-4.191933643817901611e+01 1.725411060452461243e+01 -1.455913672223687172e+00
-4.184108936786651611e+01 1.739534595608711243e+01 -1.458904394879937172e+00
-4.172182667255401611e+01 1.752168872952461243e+01 -1.461971411481499672e+00
-4.156197559833526611e+01 1.763509204983711243e+01 -1.465114722028374672e+00
-4.140084278583526611e+01 1.774934986233711243e+01 -1.468303808942437172e+00
-4.123739063739776611e+01 1.786543872952461243e+01 -1.471538672223687172e+00
-4.107497608661651611e+01 1.798323658108711243e+01 -1.474788794293999672e+00
-4.081521046161651611e+01 1.807124927639961243e+01 -1.478283056989312172e+00
-3.824709522724151611e+01 1.581282642483711243e+01 -1.353237280622124672e+00
-3.809517872333526611e+01 1.596089771389961243e+01 -1.356487402692437172e+00
-3.788326466083526611e+01 1.608821704983711243e+01 -1.359554419293999672e+00
-3.766622364521026611e+01 1.621700122952461243e+01 -1.362682471051812172e+00
-3.744906055927276611e+01 1.634798267483711243e+01 -1.365841040387749672e+00
-3.713924610614776611e+01 1.645039966702461243e+01 -1.368785986676812172e+00
-3.677175343036651611e+01 1.653719165921211243e+01 -1.371654639020562172e+00
-3.639437305927276611e+01 1.662630298733711243e+01 -1.374599585309624672e+00
-3.281716358661651611e+01 1.368196704983711243e+01 -1.199566015973687172e+00
-3.250991261005401611e+01 1.382222583889961243e+01 -1.202098974958062172e+00
-3.220467579364776611e+01 1.396761158108711243e+01 -1.204738745465874672e+00
-3.189382374286651611e+01 1.411604908108711243e+01 -1.207439551129937172e+00
-3.137136280536651611e+01 1.419270923733711243e+01 -1.208507666364312172e+00
-3.083034718036651611e+01 1.427205494046211243e+01 -1.209636816754937172e+00
-3.027370655536651611e+01 1.435371997952461243e+01 -1.210781225934624672e+00
-2.970717823505401611e+01 1.444075611233711243e+01 -1.212032446637749672e+00
-2.399440968036651611e+01 1.021944263577461243e+01 -9.452630374580621719e-01
-2.353170216083526611e+01 1.038448169827461243e+01 -9.464074466377496719e-01
-2.312655079364776611e+01 1.057759693264961243e+01 -9.494286868721246719e-01
-2.235073292255401611e+01 1.064253833889961243e+01 -9.468041751533746719e-01
-2.153963673114776611e+01 1.070638111233711243e+01 -9.439812991768121719e-01
-2.069491016864776611e+01 1.077266529202461243e+01 -9.410363528877496719e-01
-1.974776661396026611e+01 1.081697681546211243e+01 -9.360467288643121719e-01
-1.883590137958526611e+01 1.088802173733711243e+01 -9.328271243721246719e-01
-8.395044445991516113e+00 4.097982674837112427e+00 -4.789544437080621719e-01
-7.922449231147766113e+00 4.408041268587112427e+00 -4.816094730049371719e-01
-7.156946301460266113e+00 4.614706307649612427e+00 -4.791070315986871719e-01
-6.015527844429016113e+00 4.697714120149612427e+00 -4.701501224189996719e-01
-4.646692395210266113e+00 4.716635018587112427e+00 -4.575616214424371719e-01
-3.243799328804016113e+00 4.748251229524612427e+00 -4.449426028877496719e-01
-1.811548352241516113e+00 4.791097909212112427e+00 -4.323083255439996719e-01
-3.435307741165161133e-01 4.845419198274612427e+00 -4.195977542549371719e-01
2.648807322978973389e+01 -9.590127676725387573e+00 5.962866451591253281e-01
2.643771922588348389e+01 -8.746865957975387573e+00 5.725592281669378281e-01
2.668442332744598389e+01 -8.020547598600387573e+00 5.580786373466253281e-01
2.693170726299285889e+01 -7.291909903287887573e+00 5.435522701591253281e-01
2.717810618877410889e+01 -6.565835684537887573e+00 5.290716793388128281e-01
2.809155833721160889e+01 -6.067788809537887573e+00 5.294378902763128281e-01
2.989035594463348389e+01 -5.857827872037887573e+00 5.491369869560003281e-01
3.256091868877410889e+01 -5.904458731412887573e+00 5.896032955497503281e-01
-4.117354786396026611e+01 1.738081958889961243e+01 -1.450100073590874672e+00
-4.097414600849151611e+01 1.749666431546211243e+01 -1.452938208356499672e+00
-4.077309620380401611e+01 1.761385181546211243e+01 -1.455822119489312172e+00
-4.057277882099151611e+01 1.773457935452461243e+01 -1.458751806989312172e+00
-4.027303516864776611e+01 1.782356861233711243e+01 -1.461681494489312172e+00
-3.994143116474151611e+01 1.790633228421211243e+01 -1.464672217145562172e+00
-3.703701221942901611e+01 1.536690357327461243e+01 -1.319835791364312172e+00
-3.679134571552276611e+01 1.550227954983711243e+01 -1.322368750348687172e+00
-3.654598438739776611e+01 1.564107349514961243e+01 -1.325603613629937172e+00
-3.627248585224151611e+01 1.577351978421211243e+01 -1.328121313825249672e+00
-3.593197071552276611e+01 1.588496997952461243e+01 -1.330318579450249672e+00
-3.546859180927276611e+01 1.595955494046211243e+01 -1.331966528668999672e+00
-3.495742237567901611e+01 1.602425220608711243e+01 -1.332790503278374672e+00
-3.446822559833526611e+01 1.610420826077461243e+01 -1.334545264020562172e+00
-3.019167530536651611e+01 1.266304615139961243e+01 -1.125347265973687172e+00
-2.979323780536651611e+01 1.280489185452461243e+01 -1.126613745465874672e+00
-2.939089405536651611e+01 1.295113208889961243e+01 -1.127941260114312172e+00
-2.883107960224151611e+01 1.304634693264961243e+01 -1.127742895856499672e+00
-2.814217579364776611e+01 1.310323169827461243e+01 -1.126354346051812172e+00
-2.742519581317901611e+01 1.316243579983711243e+01 -1.124920019879937172e+00
-2.669454395771026611e+01 1.322737720608711243e+01 -1.123531470075249672e+00
-2.594149219989776611e+01 1.329659107327461243e+01 -1.122142920270562172e+00
-1.871755421161651611e+01 8.130941659212112427e+00 -7.882195804268121719e-01
-1.816066944599151611e+01 8.321493417024612427e+00 -7.888451907783746719e-01
-1.750814259052276611e+01 8.484091073274612427e+00 -7.870446536689996719e-01
-1.642159473896026611e+01 8.498861581087112427e+00 -7.787591312080621719e-01
-1.530025684833526611e+01 8.517660409212112427e+00 -7.703057620674371719e-01
-1.415383350849151611e+01 8.547689706087112427e+00 -7.618676517158746719e-01
-1.296749317646026611e+01 8.581503182649612427e+00 -7.532006595283746719e-01
-1.165542042255401611e+01 8.593099862337112427e+00 -7.418023440986871719e-01
3.497350573539733887e+00 -6.429841220378875732e-01 -1.137505862861871719e-01
3.882238268852233887e+00 -1.738679111003875732e-01 -1.194115970283746719e-01
4.370336413383483887e+00 2.599699795246124268e-01 -1.230431888252496719e-01
5.501928210258483887e+00 4.656584560871124268e-01 -1.137505862861871719e-01
7.126684069633483887e+00 5.104582607746124268e-01 -9.489072300493717194e-02
9.040685534477233887e+00 4.836027920246124268e-01 -7.088864780962467194e-02
1.100223338603973389e+01 4.700529873371124268e-01 -4.661191441118717194e-02
1.301096141338348389e+01 4.732268154621124268e-01 -2.212155796587467194e-02
-2.787561535835266113e+00 2.816122323274612427e+00 -3.391076419502496719e-01
-1.771814465522766113e+00 3.016317635774612427e+00 -3.327752444893121719e-01
-1.670171022415161133e-01 3.016317635774612427e+00 -3.158837649971246719e-01
1.444982409477233887e+00 3.042440682649612427e+00 -2.994805667549371719e-01
3.121801257133483887e+00 3.070516854524612427e+00 -2.824364993721246719e-01
4.863439440727233887e+00 3.104208260774612427e+00 -2.648278567939996719e-01
2.751012682914733887e+00 3.133260995149612427e+00 -2.900201175361871719e-01
4.348058581352233887e+00 3.219564706087112427e+00 -2.771111819893121719e-01
2.189093577861785889e+01 -7.178262442350387573e+00 4.373205807060003281e-01
2.196414744853973389e+01 -6.351358145475387573e+00 4.163702633231878281e-01
2.204382884502410889e+01 -5.533853262662887573e+00 3.957403805106878281e-01
2.239020335674285889e+01 -4.814248770475387573e+00 3.807562496513128281e-01
2.363803660869598389e+01 -4.415811270475387573e+00 3.845404293388128281e-01
2.585349071025848389e+01 -4.333291739225387573e+00 4.101294185966253281e-01
2.344687449932098389e+01 -3.833780020475387573e+00 3.501013424247503281e-01
-2.701619923114776611e+01 1.087276294827461243e+01 -3.558465335518121719e-01
-2.688271534442901611e+01 1.082051685452461243e+01 -1.184350345283746719e-01
-3.016640675067901611e+01 1.213167408108711243e+01 -4.099084232002496719e-01
-3.008779346942901611e+01 1.210176685452461243e+01 -1.707116458564996719e-01
-4.985788213014602661e+02 2.928393156826496124e+02 1.687964107841253281e-01
-5.449432011842727661e+02 3.046169035732746124e+02 -4.341393802314996719e-01
-5.448277226686477661e+02 3.046513274013996124e+02 -4.293633792549371719e-01
-4.984762822389602661e+02 2.928000090420246124e+02 4.241827633231878281e-01
-8.515749150514602661e+02 3.224629729092121124e+02 4.843786861747503281e-01
-8.514797002077102661e+02 3.225650236904621124e+02 4.892309810966253281e-01
-7.708654423952102661e+02 3.325298674404621124e+02 3.761463036760687828e+00
-7.717504521608352661e+02 3.326024992763996124e+02 3.650821557268500328e+00
-8.539595586061477661e+02 3.222992766201496124e+02 4.631842281669378281e-01
-8.539152470827102661e+02 3.223952238857746124e+02 4.658087398856878281e-01
-8.537946416139602661e+02 3.224992277920246124e+02 4.713629391044378281e-01
-8.515080205202102661e+02 3.228355315029621124e+02 5.604895260185003281e-01
-7.718020879030227661e+02 3.320729582607746124e+02 3.642261376604437828e+00
-7.709786015748977661e+02 3.329573576748371124e+02 3.684284081682562828e+00
-9.069306279420852661e+02 3.200555022060871124e+02 4.752844478935003281e-01
-9.077998906373977661e+02 3.200428068935871124e+02 4.995764400810003281e-01
-9.087536259889602661e+02 3.199257414638996124e+02 4.950750973075628281e-01
-9.086773320436477661e+02 3.200385344326496124e+02 4.995459225028753281e-01
-9.096866093873977661e+02 3.197137053310871124e+02 4.869574215263128281e-01
-9.096513310670852661e+02 3.198221037685871124e+02 4.896277096122503281e-01
-9.096005498170852661e+02 3.199326994717121124e+02 4.928320553153753281e-01
-9.095423222780227661e+02 3.200451262295246124e+02 4.966467525810003281e-01
-9.114276982545852661e+02 3.197538664638996124e+02 4.903601314872503281e-01
-9.113820439577102661e+02 3.198669035732746124e+02 4.931982662528753281e-01
-9.112896367311477661e+02 3.199855559170246124e+02 4.976843502372503281e-01
-8.324442998170852661e+02 3.293326018154621124e+02 3.252109399065375328e+00
-1.012570398449897766e+03 3.154716399013996124e+02 9.662207271903753281e-01
-1.013322839856147766e+03 3.170472014248371124e+02 9.782751705497503281e-01
