9.525054395198822021e+00 -5.357354968786239624e+00 1.422783490270376205e-01
9.584929883480072021e+00 -5.293268054723739624e+00 1.405998822301626205e-01
9.641143262386322021e+00 -5.226617664098739624e+00 1.387535687536001205e-01
9.697722852230072021e+00 -5.159478992223739624e+00 1.369072552770376205e-01
9.754241406917572021e+00 -5.092462390661239624e+00 1.350609418004751205e-01
9.804473340511322021e+00 -5.021173328161239624e+00 1.333672162145376205e-01
9.842925488948822021e+00 -4.943536609411239624e+00 1.319634076207876205e-01
9.877044141292572021e+00 -4.863824695348739624e+00 1.304222699254751205e-01
1.030673164129257202e+01 -5.841729968786239624e+00 1.746422406286001205e-01
1.036892646551132202e+01 -5.770074695348739624e+00 1.727043744176626205e-01
1.043087714910507202e+01 -5.697931140661239624e+00 1.707512494176626205e-01
1.049783271551132202e+01 -5.628106921911239624e+00 1.689812298864126205e-01
1.056014961004257202e+01 -5.555475085973739624e+00 1.670281048864126205e-01
1.061819404363632202e+01 -5.479669421911239624e+00 1.648766156286001205e-01
1.068087714910507202e+01 -5.406671375036239624e+00 1.629082318395376205e-01
1.074362128973007202e+01 -5.333307117223739624e+00 1.609398480504751205e-01
1.123916572332382202e+01 -6.419366687536239624e+00 2.133537884801626205e-01
1.130844062566757202e+01 -6.341485828161239624e+00 2.112938519567251205e-01
1.137795966863632202e+01 -6.263238757848739624e+00 2.092186566442251205e-01
1.144796699285507202e+01 -6.184503406286239624e+00 2.071434613317251205e-01
1.151797431707382202e+01 -6.105768054723739624e+00 2.050530072301626205e-01
1.158846992254257202e+01 -6.026422351598739624e+00 2.029625531286001205e-01
1.165890449285507202e+01 -5.947198718786239624e+00 2.008720990270376205e-01
1.172964423894882202e+01 -5.867608875036239624e+00 1.987663861364126205e-01
1.236520332098007202e+01 -7.117120593786239624e+00 2.601219769567251205e-01
1.245071357488632202e+01 -7.036187976598739624e+00 2.582146283239126205e-01
1.252993720769882202e+01 -6.950738757848739624e+00 2.560021039098501205e-01
1.260964912176132202e+01 -6.864801257848739624e+00 2.537895794957876205e-01
1.268942207098007202e+01 -6.778741687536239624e+00 2.515770550817251205e-01
1.276974433660507202e+01 -6.692071765661239624e+00 2.493340130895376205e-01
1.285012763738632202e+01 -6.605401843786239624e+00 2.471062298864126205e-01
1.292373603582382202e+01 -6.514581531286239624e+00 2.445885296911001205e-01
1.376916450262069702e+01 -7.986993640661239624e+00 3.184868451207876205e-01
1.386035102605819702e+01 -7.893365710973739624e+00 3.161369916051626205e-01
1.395193427801132202e+01 -7.799493640661239624e+00 3.138023968786001205e-01
1.404421943426132202e+01 -7.704767078161239624e+00 3.114372845739126205e-01
1.413656562566757202e+01 -7.610040515661239624e+00 3.090721722692251205e-01
1.422961372137069702e+01 -7.514703601598739624e+00 3.066765423864126205e-01
1.432272285223007202e+01 -7.419122546911239624e+00 3.042961712926626205e-01
1.441625922918319702e+01 -7.323175281286239624e+00 3.019005414098501205e-01
1.554556220769882202e+01 -9.087579578161239624e+00 3.923851605504751205e-01
1.566430610418319702e+01 -8.990533679723739624e+00 3.903557416051626205e-01
1.577276557683944702e+01 -8.886163562536239624e+00 3.878685589879751205e-01
1.588211005926132202e+01 -8.781061023473739624e+00 3.853508587926626205e-01
1.599124091863632202e+01 -8.675592273473739624e+00 3.828331585973501205e-01
1.610040229558944702e+01 -8.568780750036239624e+00 3.802849408239126205e-01
1.620968574285507202e+01 -8.461847156286239624e+00 3.777519818395376205e-01
1.630795234441757202e+01 -8.348199695348739624e+00 3.747460003942251205e-01
1.758337348699569702e+01 -1.034990867972373962e+01 4.878746625036001205e-01
1.802349799871444702e+01 -1.042522606253623962e+01 4.875694867223501205e-01
1.815383857488632202e+01 -1.030730614066123962e+01 4.849297162145376205e-01
1.828472846746444702e+01 -1.018804344534873962e+01 4.822746869176626205e-01
1.841531318426132202e+01 -1.006817039847373962e+01 4.796043988317251205e-01
1.854705756902694702e+01 -9.947442859411239624e+00 4.769035931676626205e-01
1.867901557683944702e+01 -9.826349109411239624e+00 4.742027875036001205e-01
1.881164497137069702e+01 -9.704645007848739624e+00 4.715019818395376205e-01
1.757931464910507202e+01 -1.034563621878623962e+01 5.787102337926626205e-01
1.814294379949569702e+01 -1.049602684378623962e+01 5.818840619176626205e-01
1.873944038152694702e+01 -1.065532860159873962e+01 5.857445355504751205e-01
1.937411445379257202e+01 -1.082464012503623962e+01 5.893150921911001205e-01
2.004589790105819702e+01 -1.100396141409873962e+01 5.930992718786001205e-01
2.076327461004257202e+01 -1.119548973441123962e+01 5.971428509801626205e-01
2.150476020574569702e+01 -1.138750633597373962e+01 6.006218548864126205e-01
2.225686591863632202e+01 -1.157122215628623962e+01 6.044975873082876205e-01
1.757519477605819702e+01 -1.034124168753623962e+01 6.700035687536001205e-01
1.813861030340194702e+01 -1.049151024222373962e+01 6.757561322301626205e-01
1.873492377996444702e+01 -1.065068992972373962e+01 6.818443890661001205e-01
1.936938422918319702e+01 -1.081987938284873962e+01 6.883293744176626205e-01
2.004092353582382202e+01 -1.099907860159873962e+01 6.951805707067251205e-01
2.075796455144882202e+01 -1.119036278128623962e+01 7.025047894567251205e-01
2.149920600652694702e+01 -1.138213524222373962e+01 7.099358197301626205e-01
2.228359931707382202e+01 -1.158342918753623962e+01 7.177635785192251205e-01
1.982574409246444702e+01 -1.130010399222373962e+01 8.031822796911001205e-01
2.001443427801132202e+01 -1.119585594534873962e+01 8.020989056676626205e-01
2.020468086004257202e+01 -1.109111961722373962e+01 8.010155316442251205e-01
2.075268501043319702e+01 -1.118523582816123962e+01 8.078209515661001205e-01
2.149368232488632202e+01 -1.137688621878623962e+01 8.186241742223501205e-01
2.227773994207382202e+01 -1.157793602347373962e+01 8.300224896520376205e-01
1.706613105535507202e+01 -1.001848778128623962e+01 1.014196073636412621e+00
1.762463325262069702e+01 -1.017144188284873962e+01 1.030278837308287621e+00
1.820269721746444702e+01 -1.032512840628623962e+01 1.046300565823912621e+00
1.881750434637069702e+01 -1.048870262503623962e+01 1.063832914456725121e+00
1.946826118230819702e+01 -1.066167625784873962e+01 1.082402860745787621e+00
2.016308540105819702e+01 -1.084649071097373962e+01 1.102239286527037621e+00
2.089993232488632202e+01 -1.104192528128623962e+01 1.123815214261412621e+00
2.166720527410507202e+01 -1.124004539847373962e+01 1.145528471097350121e+00
1.718182319402694702e+01 -1.008843407034873962e+01 1.107595121487975121e+00
1.773422187566757202e+01 -1.023626121878623962e+01 1.125936185941100121e+00
1.830322211980819702e+01 -1.038323387503623962e+01 1.144643461331725121e+00
1.890844672918319702e+01 -1.053997215628623962e+01 1.164556181058287621e+00
1.954809516668319702e+01 -1.070549950003623962e+01 1.185598051175475121e+00
2.022994941473007202e+01 -1.088201317191123962e+01 1.208028471097350121e+00
2.094894355535507202e+01 -1.106682762503623962e+01 1.231633817777037621e+00
2.170001167058944702e+01 -1.125554832816123962e+01 1.256154691800475121e+00
1.710107368230819702e+01 -1.003667625784873962e+01 1.192769682034850121e+00
1.767581123113632202e+01 -1.019890770316123962e+01 1.214315092191100121e+00
1.827310127019882202e+01 -1.036345848441123962e+01 1.237065946683287621e+00
1.890942329168319702e+01 -1.053850731253623962e+01 1.261281644925475121e+00
1.958438056707382202e+01 -1.072429832816123962e+01 1.286977445706725121e+00
2.029318183660507202e+01 -1.091558250784873962e+01 1.313817655667662621e+00
2.102667182683944702e+01 -1.110759910941123962e+01 1.341375028714537621e+00
2.179586738348007202e+01 -1.130523094534873962e+01 1.370717680081725121e+00
1.716845649480819702e+01 -1.007659325003623962e+01 1.284917509183287621e+00
1.767214912176132202e+01 -1.019487938284873962e+01 1.305623685941100121e+00
1.825997871160507202e+01 -1.035369285941123962e+01 1.330602323636412621e+00
1.884832710027694702e+01 -1.050078758597373962e+01 1.355153715237975121e+00
1.946905463933944702e+01 -1.065606102347373962e+01 1.381047880277037621e+00
2.012954658269882202e+01 -1.082122215628623962e+01 1.408589994534850121e+00
2.085580390691757202e+01 -1.101104149222373962e+01 1.439214384183287621e+00
2.167520087957382202e+01 -1.123760399222373962e+01 1.474233305081725121e+00
1.717193549871444702e+01 -1.007695946097373962e+01 1.374334013089537621e+00
1.777758735418319702e+01 -1.025713524222373962e+01 1.403066312894225121e+00
1.919705146551132202e+01 -1.069890770316123962e+01 1.669515287503600121e+00
1.982125800848007202e+01 -1.085210594534873962e+01 1.703954374417662621e+00
2.052755683660507202e+01 -1.103899559378623962e+01 1.744100248441100121e+00
2.126434272527694702e+01 -1.123003563284873962e+01 1.785237943753600121e+00
2.204367011785507202e+01 -1.143023094534873962e+01 1.828664457425475121e+00
1.739019721746444702e+01 -1.020672020316123962e+01 1.658589994534850121e+00
1.795223945379257202e+01 -1.035759910941123962e+01 1.692311918362975121e+00
1.854034370183944702e+01 -1.051323875784873962e+01 1.727986967191100121e+00
1.916592353582382202e+01 -1.067876610159873962e+01 1.765935575589537621e+00
1.982797187566757202e+01 -1.085381492972373962e+01 1.806096708402037621e+00
2.053472846746444702e+01 -1.104082664847373962e+01 1.848958646878600121e+00
2.127188056707382202e+01 -1.123186668753623962e+01 1.893483793362975121e+00
9.877166211605072021e+00 -4.863458484411239624e+00 1.304222699254751205e-01
9.916045606136322021e+00 -4.786310046911239624e+00 1.290489789098501205e-01
9.950713574886322021e+00 -4.706964343786239624e+00 1.275231000036001205e-01
9.985381543636322021e+00 -4.627496570348739624e+00 1.260124798864126205e-01
1.001998847723007202e+01 -4.548272937536239624e+00 1.245018597692251205e-01
1.005459541082382202e+01 -4.468805164098739624e+00 1.229759808629751205e-01
1.008914130926132202e+01 -4.389825671911239624e+00 1.214653607457876205e-01
1.011929267644882202e+01 -4.308770984411239624e+00 1.198174115270376205e-01
1.074392646551132202e+01 -5.333185046911239624e+00 1.609398480504751205e-01
1.078396552801132202e+01 -5.247369617223739624e+00 1.592003460973501205e-01
1.082138007879257202e+01 -5.160211414098739624e+00 1.575371380895376205e-01
1.086404365301132202e+01 -5.075616687536239624e+00 1.560265179723501205e-01
1.090145820379257202e+01 -4.988580554723739624e+00 1.543480511754751205e-01
1.093374580144882202e+01 -4.898980945348739624e+00 1.525017376989126205e-01
1.097103828191757202e+01 -4.812188953161239624e+00 1.508385296911001205e-01
1.100833076238632202e+01 -4.725519031286239624e+00 1.491600628942251205e-01
1.172994941473007202e+01 -5.867364734411239624e+00 1.987663861364126205e-01
1.179702705144882202e+01 -5.785455554723739624e+00 1.964928265661001205e-01
1.186428779363632202e+01 -5.703180164098739624e+00 1.942345257848501205e-01
1.192068427801132202e+01 -5.614435046911239624e+00 1.921288128942251205e-01
1.196139472723007202e+01 -5.518121570348739624e+00 1.902519818395376205e-01
1.200216621160507202e+01 -5.421563953161239624e+00 1.883751507848501205e-01
1.204275459051132202e+01 -5.325494617223739624e+00 1.865135785192251205e-01
1.208328193426132202e+01 -5.229547351598739624e+00 1.846520062536001205e-01
1.292410224676132202e+01 -6.514337390661239624e+00 2.445732709020376205e-01
1.300802558660507202e+01 -6.428521960973739624e+00 2.424370404332876205e-01
1.308511298894882202e+01 -6.338556140661239624e+00 2.400108929723501205e-01
1.316287177801132202e+01 -6.247857898473739624e+00 2.375694867223501205e-01
1.324056953191757202e+01 -6.157159656286239624e+00 2.351280804723501205e-01
1.331887763738632202e+01 -6.065728992223739624e+00 2.326714154332876205e-01
1.336477607488632202e+01 -5.958795398473739624e+00 2.305351849645376205e-01
1.340133613348007202e+01 -5.847467273473739624e+00 2.281700726598501205e-01
1.441671699285507202e+01 -7.322931140661239624e+00 3.018852826207876205e-01
1.450619453191757202e+01 -7.224176257848739624e+00 2.993065472692251205e-01
1.459582465887069702e+01 -7.124811023473739624e+00 2.967278119176626205e-01
1.468545478582382202e+01 -7.024347156286239624e+00 2.941185589879751205e-01
1.477517646551132202e+01 -6.923761218786239624e+00 2.915093060582876205e-01
1.486563056707382202e+01 -6.822442859411239624e+00 2.888847943395376205e-01
1.495614570379257202e+01 -6.720880359411239624e+00 2.862450238317251205e-01
1.504708808660507202e+01 -6.618951648473739624e+00 2.836052533239126205e-01
1.630856269598007202e+01 -8.347955554723739624e+00 3.747307416051626205e-01
1.642571967840194702e+01 -8.243585437536239624e+00 3.724266644567251205e-01
1.653189033269882202e+01 -8.132623523473739624e+00 3.696648236364126205e-01
1.663897651433944702e+01 -8.020562976598739624e+00 3.668877240270376205e-01
1.674621528387069702e+01 -7.908380359411239624e+00 3.640953656286001205e-01
1.685436958074569702e+01 -7.795221179723739624e+00 3.612877484411001205e-01
1.696270698308944702e+01 -7.681939929723739624e+00 3.584648724645376205e-01
1.705932563543319702e+01 -7.562188953161239624e+00 3.551994916051626205e-01
1.881237739324569702e+01 -9.704400867223739624e+00 4.714867230504751205e-01
1.894082587957382202e+01 -9.579400867223739624e+00 4.685722943395376205e-01
1.907000678777694702e+01 -9.453668445348739624e+00 4.656426068395376205e-01
1.920034736394882202e+01 -9.326715320348739624e+00 4.626671429723501205e-01
1.933102363348007202e+01 -9.199518054723739624e+00 4.597069378942251205e-01
1.946313422918319702e+01 -9.071344226598739624e+00 4.567162152379751205e-01
1.959616035223007202e+01 -8.943048328161239624e+00 4.537102337926626205e-01
1.972991889715194702e+01 -8.814142078161239624e+00 4.507042523473501205e-01
2.225768989324569702e+01 -1.157097801566123962e+01 6.044823285192251205e-01
2.242257636785507202e+01 -1.142839989066123962e+01 6.014610882848501205e-01
2.260928291082382202e+01 -1.129570946097373962e+01 5.992485638707876205e-01
2.277606147527694702e+01 -1.115007957816123962e+01 5.961510296911001205e-01
2.294338935613632202e+01 -1.100408348441123962e+01 5.930534955114126205e-01
2.311242622137069702e+01 -1.085637840628623962e+01 5.899254437536001205e-01
2.325869697332382202e+01 -1.069719871878623962e+01 5.859428998082876205e-01
2.342922919988632202e+01 -1.054815086722373962e+01 5.827843304723501205e-01
2.228906196355819702e+01 -1.158562645316123962e+01 7.178398724645376205e-01
2.312756294012069702e+01 -1.180083641409873962e+01 7.261253949254751205e-01
2.402593940496444702e+01 -1.203142723441123962e+01 7.350060101598501205e-01
2.499102729558944702e+01 -1.227825340628623962e+01 7.445122357457876205e-01
2.598864692449569702e+01 -1.252422508597373962e+01 7.541405316442251205e-01
2.706619209051132202e+01 -1.278985008597373962e+01 7.645317669957876205e-01
2.822543281316757202e+01 -1.307561668753623962e+01 7.757164593786001205e-01
2.890524238348007202e+01 -1.311504539847373962e+01 7.793175335973501205e-01
2.228335517644882202e+01 -1.158013328909873962e+01 8.301293011754751205e-01
2.312145942449569702e+01 -1.179509910941123962e+01 8.422752972692251205e-01
2.401934760808944702e+01 -1.202544578909873962e+01 8.552910443395376205e-01
2.498413032293319702e+01 -1.227214989066123962e+01 8.692680951207876205e-01
2.598126167058944702e+01 -1.251775535941123962e+01 8.834740277379751205e-01
2.705825752019882202e+01 -1.278313621878623962e+01 8.988091107457876205e-01
2.821688789129257202e+01 -1.306853660941123962e+01 9.153191205114126205e-01
2.944702094793319702e+01 -1.336614403128623962e+01 9.326988812536001205e-01
2.490872138738632202e+01 -1.248601707816123962e+01 9.997917767614126205e-01
2.782232612371444702e+01 -1.315410789847373962e+01 1.053426420316100121e+00
2.930920356512069702e+01 -1.358892235159873962e+01 1.083348905667662621e+00
2.490634101629257202e+01 -1.248211082816123962e+01 1.124746000394225121e+00
2.783785957098007202e+01 -1.315874657034873962e+01 1.192235624417662621e+00
2.930642646551132202e+01 -1.358440575003623962e+01 1.228582059964537621e+00
2.167233222723007202e+01 -1.124212059378623962e+01 1.145696317777037621e+00
2.249343818426132202e+01 -1.145427879691123962e+01 1.169088041409850121e+00
2.337124580144882202e+01 -1.168047508597373962e+01 1.193456327542662621e+00
2.429614204168319702e+01 -1.191338524222373962e+01 1.219579374417662621e+00
2.528384345769882202e+01 -1.216118797659873962e+01 1.247457182034850121e+00
2.635235542058944702e+01 -1.242913231253623962e+01 1.277608549222350121e+00
2.747793525457382202e+01 -1.270562157034873962e+01 1.309926664456725121e+00
2.868472236394882202e+01 -1.299944481253623962e+01 1.343724882230162621e+00
2.170501655340194702e+01 -1.125750145316123962e+01 1.256337797269225121e+00
2.250619453191757202e+01 -1.145867332816123962e+01 1.282674467191100121e+00
2.336340278387069702e+01 -1.167400535941123962e+01 1.310857450589537621e+00
2.426431220769882202e+01 -1.189458641409873962e+01 1.340276395902037621e+00
2.522341865301132202e+01 -1.212822899222373962e+01 1.371572172269225121e+00
2.625860542058944702e+01 -1.238054832816123962e+01 1.405339872464537621e+00
2.734799140691757202e+01 -1.264043602347373962e+01 1.440694486722350121e+00
2.857430976629257202e+01 -1.294463524222373962e+01 1.480870878323912621e+00
2.180096381902694702e+01 -1.130730614066123962e+01 1.370931303128600121e+00
2.262329047918319702e+01 -1.151848778128623962e+01 1.401342069730162621e+00
2.348248237371444702e+01 -1.173345360159873962e+01 1.433522855862975121e+00
2.442697089910507202e+01 -1.197490867972373962e+01 1.469091093167662621e+00
2.539208930730819702e+01 -1.220989403128623962e+01 1.505010282620787621e+00
2.640112251043319702e+01 -1.244744285941123962e+01 1.542272245511412621e+00
2.748864692449569702e+01 -1.270488914847373962e+01 1.582494413480162621e+00
2.863543647527694702e+01 -1.297027000784873962e+01 1.625432645902037621e+00
2.168069404363632202e+01 -1.123980125784873962e+01 1.474492704495787621e+00
2.256332343816757202e+01 -1.148430809378623962e+01 1.512532865628600121e+00
2.351507514715194702e+01 -1.174797996878623962e+01 1.553563749417662621e+00
2.784185737371444702e+01 -1.314898094534873962e+01 1.747686063870787621e+00
2.929525703191757202e+01 -1.356670555472373962e+01 1.810903226956725121e+00
2.489440864324569702e+01 -1.246282371878623962e+01 1.750661527737975121e+00
2.785378974676132202e+01 -1.315178856253623962e+01 1.886861478909850121e+00
2.929247993230819702e+01 -1.356218895316123962e+01 1.956075346097350121e+00
2.912713569402694702e+01 -1.319439110159873962e+01 1.936162626370787621e+00
2.314541572332382202e+01 -1.178838524222373962e+01 1.776754057034850121e+00
2.375784248113632202e+01 -1.186919578909873962e+01 1.805181181058287621e+00
2.469213813543319702e+01 -1.210222801566123962e+01 1.853124296292662621e+00
2.569302314519882202e+01 -1.235198387503623962e+01 1.904500639066100121e+00
2.676916450262069702e+01 -1.261882957816123962e+01 1.959676420316100121e+00
2.789858955144882202e+01 -1.289226707816123962e+01 2.017293607816100121e+00
2.911978095769882202e+01 -1.318792137503623962e+01 2.079595243558287621e+00
2.204885810613632202e+01 -1.143230614066123962e+01 1.828984891995787621e+00
2.288223212957382202e+01 -1.164641746878623962e+01 1.875890409573912621e+00
2.376711982488632202e+01 -1.187151512503623962e+01 1.925603544339537621e+00
2.470214790105819702e+01 -1.210479149222373962e+01 1.977285062894225121e+00
2.570388740301132202e+01 -1.235466942191123962e+01 2.033315336331725121e+00
1.011935371160507202e+01 -4.308526843786239624e+00 1.198021527379751205e-01
1.015438789129257202e+01 -4.229791492223739624e+00 1.183220501989126205e-01
1.018508857488632202e+01 -4.149225085973739624e+00 1.166893597692251205e-01
1.021591132879257202e+01 -4.068414539098739624e+00 1.150566693395376205e-01
1.024655097723007202e+01 -3.987970203161239624e+00 1.134239789098501205e-01
1.027725166082382202e+01 -3.907281726598739624e+00 1.117912884801626205e-01
1.030789130926132202e+01 -3.826959460973739624e+00 1.101738568395376205e-01
1.033407539129257202e+01 -3.744806140661239624e+00 1.084038373082876205e-01
1.100845283269882202e+01 -4.725274890661239624e+00 1.491600628942251205e-01
1.104165595769882202e+01 -4.636773914098739624e+00 1.473595257848501205e-01
1.107492011785507202e+01 -4.548517078161239624e+00 1.455589886754751205e-01
1.111343330144882202e+01 -4.462213367223739624e+00 1.439415570348501205e-01
1.114657539129257202e+01 -4.373956531286239624e+00 1.421410199254751205e-01
1.117459052801132202e+01 -4.283258289098739624e+00 1.401726361364126205e-01
1.120773261785507202e+01 -4.195245593786239624e+00 1.383873578161001205e-01
1.124081367254257202e+01 -4.107232898473739624e+00 1.366020794957876205e-01
1.208340400457382202e+01 -5.229181140661239624e+00 1.846520062536001205e-01
1.211959785223007202e+01 -5.131280750036239624e+00 1.826531048864126205e-01
1.215579169988632202e+01 -5.033502429723739624e+00 1.806542035192251205e-01
1.219210761785507202e+01 -4.935479968786239624e+00 1.786400433629751205e-01
1.222817939519882202e+01 -4.837823718786239624e+00 1.766411419957876205e-01
1.226443427801132202e+01 -4.739923328161239624e+00 1.746422406286001205e-01
1.230044502019882202e+01 -4.642511218786239624e+00 1.726585980504751205e-01
1.233651679754257202e+01 -4.545099109411239624e+00 1.706596966832876205e-01
1.340145820379257202e+01 -5.847101062536239624e+00 2.281700726598501205e-01
1.344912666082382202e+01 -5.741144031286239624e+00 2.261711712926626205e-01
1.348828071355819702e+01 -5.631280750036239624e+00 2.239128705114126205e-01
1.352734321355819702e+01 -5.521173328161239624e+00 2.216698285192251205e-01
1.356625312566757202e+01 -5.411676257848739624e+00 2.194267865270376205e-01
1.360525459051132202e+01 -5.301812976598739624e+00 2.171837445348501205e-01
1.364404243230819702e+01 -5.192437976598739624e+00 2.149407025426626205e-01
1.367483466863632202e+01 -5.080011218786239624e+00 2.124535199254751205e-01
1.504745429754257202e+01 -6.618585437536239624e+00 2.835899945348501205e-01
1.511590522527694702e+01 -6.505670398473739624e+00 2.808739300817251205e-01
1.515896552801132202e+01 -6.380914539098739624e+00 2.782951947301626205e-01
1.520208686590194702e+01 -6.255914539098739624e+00 2.757164593786001205e-01
1.524502509832382202e+01 -6.131524890661239624e+00 2.731529828161001205e-01
1.528805488348007202e+01 -6.006891101598739624e+00 2.705742474645376205e-01
1.533087104558944702e+01 -5.882867664098739624e+00 2.680107709020376205e-01
1.537362617254257202e+01 -5.758844226598739624e+00 2.654472943395376205e-01
1.705969184637069702e+01 -7.561822742223739624e+00 3.551842328161001205e-01
1.717642158269882202e+01 -7.450738757848739624e+00 3.525902386754751205e-01
1.728143256902694702e+01 -7.333185046911239624e+00 3.495537396520376205e-01
1.738735908269882202e+01 -7.214654773473739624e+00 3.464714642614126205e-01
1.744430488348007202e+01 -7.074762195348739624e+00 3.434502240270376205e-01
1.749209541082382202e+01 -6.930475085973739624e+00 3.404442425817251205e-01
1.753854316473007202e+01 -6.786432117223739624e+00 3.374382611364126205e-01
1.757141059637069702e+01 -6.637262195348739624e+00 3.340202923864126205e-01
1.973049873113632202e+01 -8.813653796911239624e+00 4.506889935582876205e-01
1.985983222723007202e+01 -8.681451648473739624e+00 4.474693890661001205e-01
1.999002021551132202e+01 -8.548395007848739624e+00 4.442192669957876205e-01
2.012142890691757202e+01 -8.413995593786239624e+00 4.409538861364126205e-01
2.025323432683944702e+01 -8.279229968786239624e+00 4.376732464879751205e-01
2.038635200262069702e+01 -8.143121570348739624e+00 4.343620892614126205e-01
2.050866645574569702e+01 -8.002130359411239624e+00 4.309898968786001205e-01
2.055883735418319702e+01 -7.831109851598739624e+00 4.273735638707876205e-01
2.342990058660507202e+01 -1.054766258597373962e+01 5.827690716832876205e-01
2.359564155340194702e+01 -1.039483055472373962e+01 5.793968793004751205e-01
2.378466743230819702e+01 -1.025078758597373962e+01 5.768028851598501205e-01
2.395169013738632202e+01 -1.009429344534873962e+01 5.733543988317251205e-01
2.411935371160507202e+01 -9.937066882848739624e+00 5.698753949254751205e-01
2.428881782293319702e+01 -9.778253406286239624e+00 5.663658734411001205e-01
2.443386787176132202e+01 -9.608453601598739624e+00 5.620018597692251205e-01
2.460494941473007202e+01 -9.448053210973739624e+00 5.584465619176626205e-01
2.890640205144882202e+01 -1.311467918753623962e+01 7.793022748082876205e-01
2.912957710027694702e+01 -1.293291649222373962e+01 7.758843060582876205e-01
2.935357612371444702e+01 -1.274920067191123962e+01 7.724205609411001205e-01
2.958065742254257202e+01 -1.256340965628623962e+01 7.689110394567251205e-01
2.980892890691757202e+01 -1.237676414847373962e+01 7.653862591832876205e-01
3.003991645574569702e+01 -1.218779930472373962e+01 7.618309613317251205e-01
3.027212470769882202e+01 -1.199785789847373962e+01 7.582451459020376205e-01
3.050637763738632202e+01 -1.180620750784873962e+01 7.546440716832876205e-01
2.945532172918319702e+01 -1.336907371878623962e+01 9.328362103551626205e-01
3.075646919012069702e+01 -1.367656883597373962e+01 9.510094281286001205e-01
3.216821235418319702e+01 -1.400982078909873962e+01 9.707085248082876205e-01
3.367541450262069702e+01 -1.435796532034873962e+01 9.915520306676626205e-01
3.527633613348007202e+01 -1.471990379691123962e+01 1.013494169339537621e+00
3.703015083074569702e+01 -1.511565575003623962e+01 1.037511503323912621e+00
3.885397285223007202e+01 -1.550957664847373962e+01 1.062047636136412621e+00
4.015774482488632202e+01 -1.566289696097373962e+01 1.076329862698912621e+00
3.254992622137069702e+01 -1.449627098441123962e+01 1.147527372464537621e+00
3.292736762762069702e+01 -1.434710106253623962e+01 1.148091947659850121e+00
3.366741889715194702e+01 -1.435076317191123962e+01 1.157216703519225121e+00
3.526608222723007202e+01 -1.471160301566123962e+01 1.186544096097350121e+00
3.701760810613632202e+01 -1.510637840628623962e+01 1.218648588284850121e+00
3.884027045965194702e+01 -1.549981102347373962e+01 1.251592313870787621e+00
4.084054511785507202e+01 -1.593157371878623962e+01 1.287740385159850121e+00
3.811105293035507202e+01 -1.556072410941123962e+01 1.430303251370787621e+00
2.869296211004257202e+01 -1.300237450003623962e+01 1.343984281644225121e+00
2.998281806707382202e+01 -1.331194481253623962e+01 1.380162870511412621e+00
3.135891669988632202e+01 -1.363640770316123962e+01 1.417760526761412621e+00
3.285400336980819702e+01 -1.398674950003623962e+01 1.459386503323912621e+00
3.444348090887069702e+01 -1.435137352347373962e+01 1.503408109769225121e+00
3.615591377019882202e+01 -1.473748192191123962e+01 1.550618803128600121e+00
3.800717109441757202e+01 -1.515044578909873962e+01 1.602513944730162621e+00
3.997521919012069702e+01 -1.557695946097373962e+01 1.656301176175475121e+00
2.858270210027694702e+01 -1.294756492972373962e+01 1.481176054105162621e+00
2.989965766668319702e+01 -1.327056297659873962e+01 1.524449979886412621e+00
3.130755561590194702e+01 -1.361004051566123962e+01 1.570531522855162621e+00
3.283706611394882202e+01 -1.397588524222373962e+01 1.620504057034850121e+00
3.446478217840194702e+01 -1.435686668753623962e+01 1.673406278714537621e+00
3.622021430730819702e+01 -1.476055321097373962e+01 1.730214750394225121e+00
3.807174628973007202e+01 -1.517290672659873962e+01 1.789708768948912621e+00
4.002603095769882202e+01 -1.559295067191123962e+01 1.851995145902037621e+00
2.864324897527694702e+01 -1.297295555472373962e+01 1.625737821683287621e+00
2.987240546941757202e+01 -1.325493797659873962e+01 1.670446073636412621e+00
3.126144355535507202e+01 -1.358599266409873962e+01 1.722234403714537621e+00
3.285134834051132202e+01 -1.397857078909873962e+01 1.781972562894225121e+00
3.454812568426132202e+01 -1.438884910941123962e+01 1.845449125394225121e+00
3.810028022527694702e+01 -1.554387840628623962e+01 1.988515531644225121e+00
3.659402412176132202e+01 -1.526177391409873962e+01 2.115132963284850121e+00
3.809667915105819702e+01 -1.553826317191123962e+01 2.175222074612975121e+00
3.850897163152694702e+01 -1.534343895316123962e+01 2.181874906644225121e+00
4.040124458074569702e+01 -1.573418602347373962e+01 2.259084379300475121e+00
2.912914985418319702e+01 -1.319439110159873962e+01 1.936223661527037621e+00
3.040328925848007202e+01 -1.349175438284873962e+01 1.994588529691100121e+00
3.179620307683944702e+01 -1.381902489066123962e+01 2.059331571683287621e+00
3.328970283269882202e+01 -1.416362938284873962e+01 2.128499662503600121e+00
3.489239448308944702e+01 -1.452886375784873962e+01 2.202550565823912621e+00
3.660241645574569702e+01 -1.490886864066123962e+01 2.281194364652037621e+00
3.845260566473007202e+01 -1.531633934378623962e+01 2.366140043362975121e+00
2.912811225652694702e+01 -1.319085106253623962e+01 2.080053007230162621e+00
3.041784614324569702e+01 -1.349517235159873962e+01 2.146062528714537621e+00
1.033419746160507202e+01 -3.744562000036239624e+00 1.084038373082876205e-01
1.036538642644882202e+01 -3.664605945348739624e+00 1.068016644567251205e-01
1.039218086004257202e+01 -3.582940906286239624e+00 1.050621625036001205e-01
1.041897529363632202e+01 -3.501031726598739624e+00 1.033074017614126205e-01
1.044570869207382202e+01 -3.419366687536239624e+00 1.015831585973501205e-01
1.047250312566757202e+01 -3.337579578161239624e+00 9.982839785516262054e-02
1.049917548894882202e+01 -3.256036609411239624e+00 9.810415469110012054e-02
1.052139228582382202e+01 -3.173028796911239624e+00 9.622732363641262054e-02
1.124093574285507202e+01 -4.106988757848739624e+00 1.365868207067251205e-01
1.126992744207382202e+01 -4.017389148473739624e+00 1.346794720739126205e-01
1.129891914129257202e+01 -3.927911609411239624e+00 1.327721234411001205e-01
1.133328193426132202e+01 -3.840143054723739624e+00 1.310173626989126205e-01
1.136221259832382202e+01 -3.750787585973739624e+00 1.290947552770376205e-01
1.138589423894882202e+01 -3.659234851598739624e+00 1.270195599645376205e-01
1.141482490301132202e+01 -3.570001453161239624e+00 1.251274701207876205e-01
1.144369453191757202e+01 -3.480768054723739624e+00 1.232201214879751205e-01
1.233663886785507202e+01 -4.544854968786239624e+00 1.706596966832876205e-01
1.236825507879257202e+01 -4.445733875036239624e+00 1.685387250036001205e-01
1.239987128973007202e+01 -4.346856921911239624e+00 1.664177533239126205e-01
1.243154853582382202e+01 -4.247613757848739624e+00 1.642815228551626205e-01
1.246279853582382202e+01 -4.148736804723739624e+00 1.621758099645376205e-01
1.249386543035507202e+01 -4.049371570348739624e+00 1.600548382848501205e-01
1.252481025457382202e+01 -3.950494617223739624e+00 1.579491253942251205e-01
1.255569404363632202e+01 -3.851739734411239624e+00 1.558434125036001205e-01
1.367495673894882202e+01 -5.079645007848739624e+00 2.124535199254751205e-01
1.371697944402694702e+01 -4.971856921911239624e+00 2.103172894567251205e-01
1.375097602605819702e+01 -4.860895007848739624e+00 2.079521771520376205e-01
1.378509467840194702e+01 -4.749688953161239624e+00 2.055565472692251205e-01
1.381903022527694702e+01 -4.639093250036239624e+00 2.031914349645376205e-01
1.385305732488632202e+01 -4.528131335973739624e+00 2.008110638707876205e-01
1.388696235418319702e+01 -4.417535632848739624e+00 1.984459515661001205e-01
1.391271919012069702e+01 -4.304498523473739624e+00 1.958366986364126205e-01
1.537374824285507202e+01 -5.758478015661239624e+00 2.654472943395376205e-01
1.541137641668319702e+01 -5.632623523473739624e+00 2.627312298864126205e-01
1.544897407293319702e+01 -5.507013171911239624e+00 2.600151654332876205e-01
1.548666328191757202e+01 -5.381036609411239624e+00 2.572991009801626205e-01
1.552416938543319702e+01 -5.255548328161239624e+00 2.545830365270376205e-01
1.556179755926132202e+01 -5.129815906286239624e+00 2.518669720739126205e-01
1.559921211004257202e+01 -5.004693835973739624e+00 2.491661664098501205e-01
1.563662666082382202e+01 -4.879571765661239624e+00 2.464653607457876205e-01
1.757153266668319702e+01 -6.636773914098739624e+00 3.340050335973501205e-01
1.762582343816757202e+01 -6.496270984411239624e+00 3.312737103551626205e-01
1.766656440496444702e+01 -6.350763171911239624e+00 3.281151410192251205e-01
1.770739692449569702e+01 -6.204889148473739624e+00 3.249413128942251205e-01
1.774807685613632202e+01 -6.059625476598739624e+00 3.217980023473501205e-01
1.778878730535507202e+01 -5.914117664098739624e+00 3.186394330114126205e-01
1.782934516668319702e+01 -5.769342273473739624e+00 3.154961224645376205e-01
1.785620063543319702e+01 -5.620172351598739624e+00 3.119560834020376205e-01
2.055898994207382202e+01 -7.830499500036239624e+00 4.273583050817251205e-01
2.060314887762069702e+01 -7.657525867223739624e+00 4.235588666051626205e-01
2.064721626043319702e+01 -7.484796375036239624e+00 4.197746869176626205e-01
2.069137519598007202e+01 -7.311822742223739624e+00 4.159752484411001205e-01
2.073528999090194702e+01 -7.139703601598739624e+00 4.121910687536001205e-01
2.077929633855819702e+01 -6.967340320348739624e+00 4.084068890661001205e-01
2.082308906316757202e+01 -6.795709460973739624e+00 4.046379681676626205e-01
2.086679023504257202e+01 -6.624566882848739624e+00 4.008843060582876205e-01
2.460617011785507202e+01 -9.447687000036239624e+00 5.584465619176626205e-01
2.477276557683944702e+01 -9.283746570348739624e+00 5.546776410192251205e-01
2.493667548894882202e+01 -9.116876453161239624e+00 5.514885541051626205e-01
2.498590034246444702e+01 -8.904962390661239624e+00 5.467430707067251205e-01
2.503485053777694702e+01 -8.694269031286239624e+00 5.420128460973501205e-01
2.508315986394882202e+01 -8.482965320348739624e+00 5.372826214879751205e-01
2.510195869207382202e+01 -8.262872546911239624e+00 5.317284222692251205e-01
2.514819282293319702e+01 -8.052911609411239624e+00 5.270287152379751205e-01
3.050790351629257202e+01 -1.180584129691123962e+01 7.546440716832876205e-01
3.073895210027694702e+01 -1.161040672659873962e+01 7.508141156286001205e-01
3.097213691473007202e+01 -1.141314110159873962e+01 7.469536419957876205e-01
3.120837348699569702e+01 -1.121331200003623962e+01 7.430473919957876205e-01
3.144601386785507202e+01 -1.101226219534873962e+01 7.391258832067251205e-01
3.167867988348007202e+01 -1.080571922659873962e+01 7.350365277379751205e-01
3.172018378973007202e+01 -1.053203758597373962e+01 7.286736126989126205e-01
3.176153510808944702e+01 -1.025921043753623962e+01 7.223106976598501205e-01
4.016006416082382202e+01 -1.566253075003623962e+01 1.076345121487975121e+00
4.051229804754257202e+01 -1.542180809378623962e+01 1.073018705472350121e+00
4.086672919988632202e+01 -1.517742332816123962e+01 1.069615995511412621e+00
4.122323554754257202e+01 -1.492815575003623962e+01 1.066106474027037621e+00
4.158413642644882202e+01 -1.467742332816123962e+01 1.062596952542662621e+00
4.195056098699569702e+01 -1.442290672659873962e+01 1.059041654691100121e+00
4.232003730535507202e+01 -1.416607078909873962e+01 1.055440580472350121e+00
4.269006294012069702e+01 -1.390508446097373962e+01 1.051732694730162621e+00
4.085507148504257202e+01 -1.593609032034873962e+01 1.288030302152037621e+00
4.295144599676132202e+01 -1.636919578909873962e+01 1.325444852933287621e+00
4.524374336004257202e+01 -1.683916649222373962e+01 1.366262113675475121e+00
4.766345161199569702e+01 -1.731414207816123962e+01 1.408757841214537621e+00
5.025958198308944702e+01 -1.781121239066123962e+01 1.454030668362975121e+00
5.306146186590194702e+01 -1.833330711722373962e+01 1.502492582425475121e+00
5.599301093816757202e+01 -1.885210594534873962e+01 1.552465116605162621e+00
5.912808173894882202e+01 -1.938762840628623962e+01 1.605367338284850121e+00
4.400378364324569702e+01 -1.677507957816123962e+01 1.562398588284850121e+00
5.136169379949569702e+01 -1.820440086722373962e+01 1.725194608792662621e+00
5.431600898504257202e+01 -1.876946434378623962e+01 1.790303861722350121e+00
5.727899116277694702e+01 -1.928704246878623962e+01 1.854207670316100121e+00
6.025018256902694702e+01 -1.975554832816123962e+01 1.916844999417662621e+00
3.998886054754257202e+01 -1.558110985159873962e+01 1.656713163480162621e+00
4.211608833074569702e+01 -1.603411278128623962e+01 1.714849149808287621e+00
4.440643256902694702e+01 -1.651091942191123962e+01 1.775960600003600121e+00
4.684597724676132202e+01 -1.700054344534873962e+01 1.841664945706725121e+00
4.943490546941757202e+01 -1.750225242972373962e+01 1.910863554105162621e+00
5.220794624090194702e+01 -1.802117332816123962e+01 1.984410917386412621e+00
5.515377753973007202e+01 -1.855217918753623962e+01 2.063344633206725121e+00
5.827789252996444702e+01 -1.909099754691123962e+01 2.144902860745787621e+00
4.003958076238632202e+01 -1.559710106253623962e+01 1.852468168362975121e+00
4.214987128973007202e+01 -1.604277977347373962e+01 1.919820463284850121e+00
4.443328803777694702e+01 -1.651629051566123962e+01 1.992437040433287621e+00
4.681372016668319702e+01 -1.698345360159873962e+01 2.067281400784850121e+00
4.931716865301132202e+01 -1.745427879691123962e+01 2.145345365628600121e+00
5.199734443426132202e+01 -1.794133934378623962e+01 2.228383695706725121e+00
5.484866279363632202e+01 -1.844158348441123962e+01 2.316152250394225121e+00
5.813046211004257202e+01 -1.903557762503623962e+01 2.417745267972350121e+00
4.399145454168319702e+01 -1.675591453909873962e+01 2.202016508206725121e+00
5.138519233465194702e+01 -1.819610008597373962e+01 2.468282377347350121e+00
5.430081123113632202e+01 -1.874639305472373962e+01 2.572698270902037621e+00
5.585726875066757202e+01 -1.878118309378623962e+01 2.619802152737975121e+00
5.872720283269882202e+01 -1.922808250784873962e+01 2.720922147855162621e+00
4.041494697332382202e+01 -1.573833641409873962e+01 2.259694730862975121e+00
4.253451484441757202e+01 -1.618352684378623962e+01 2.346990263089537621e+00
4.482446235418319702e+01 -1.665532860159873962e+01 2.440984403714537621e+00
4.728164619207382202e+01 -1.714678367972373962e+01 2.541326200589537621e+00
4.989080756902694702e+01 -1.765068992972373962e+01 2.647252714261412621e+00
1.052145332098007202e+01 -3.172784656286239624e+00 9.622732363641262054e-02
1.054873603582382202e+01 -3.091485828161239624e+00 9.451833926141262054e-02
1.057150214910507202e+01 -3.008844226598739624e+00 9.267202578485012054e-02
1.059439033269882202e+01 -2.925958484411239624e+00 9.081045351922512054e-02
1.061715644598007202e+01 -2.843316882848739624e+00 8.896414004266262054e-02
1.063998359441757202e+01 -2.760431140661239624e+00 8.711782656610012054e-02
1.066274970769882202e+01 -2.677911609411239624e+00 8.527151308953762054e-02
1.068099921941757202e+01 -2.594171375036239624e+00 8.331838808953762054e-02
1.144375556707382202e+01 -3.480401843786239624e+00 1.232048626989126205e-01
1.146847480535507202e+01 -3.389947742223739624e+00 1.211907025426626205e-01
1.149325507879257202e+01 -3.299371570348739624e+00 1.191612835973501205e-01
1.152340644598007202e+01 -3.210382312536239624e+00 1.172844525426626205e-01
1.154818671941757202e+01 -3.119928210973739624e+00 1.152550335973501205e-01
1.156753486394882202e+01 -3.027643054723739624e+00 1.130730267614126205e-01
1.159219306707382202e+01 -2.937311023473739624e+00 1.110588666051626205e-01
1.161648505926132202e+01 -2.846856921911239624e+00 1.090447064489126205e-01
1.255581611394882202e+01 -3.851373523473739624e+00 1.558281537145376205e-01
1.258224433660507202e+01 -3.751275867223739624e+00 1.536003705114126205e-01
1.260873359441757202e+01 -3.651056140661239624e+00 1.513725873082876205e-01
1.263522285223007202e+01 -3.550714343786239624e+00 1.491295453161001205e-01
1.266165107488632202e+01 -3.450616687536239624e+00 1.469017621129751205e-01
1.268814033269882202e+01 -3.350396960973739624e+00 1.446587201207876205e-01
1.271450752019882202e+01 -3.250421375036239624e+00 1.424309369176626205e-01
1.274093574285507202e+01 -3.150567859411239624e+00 1.402184125036001205e-01
1.391281074285507202e+01 -4.304132312536239624e+00 1.958366986364126205e-01
1.394998115301132202e+01 -4.194879382848739624e+00 1.935631390661001205e-01
1.397903388738632202e+01 -4.083062976598739624e+00 1.910606976598501205e-01
1.400817817449569702e+01 -3.971002429723739624e+00 1.885582562536001205e-01
1.403720039129257202e+01 -3.859308093786239624e+00 1.860558148473501205e-01
1.406628364324569702e+01 -3.747247546911239624e+00 1.835533734411001205e-01
1.409527534246444702e+01 -3.635797351598739624e+00 1.810509320348501205e-01
1.411602729558944702e+01 -3.522027820348739624e+00 1.783348675817251205e-01
1.563671821355819702e+01 -4.879205554723739624e+00 2.464653607457876205e-01
1.566894477605819702e+01 -4.752496570348739624e+00 2.436119671911001205e-01
1.570111030340194702e+01 -4.625909656286239624e+00 2.407585736364126205e-01
1.573339790105819702e+01 -4.499078601598739624e+00 2.379051800817251205e-01
1.576534980535507202e+01 -4.372613757848739624e+00 2.350670453161001205e-01
1.579669135808944702e+01 -4.245660632848739624e+00 2.322289105504751205e-01
1.582788032293319702e+01 -4.119195789098739624e+00 2.294060345739126205e-01
1.585903877019882202e+01 -3.992853015661239624e+00 2.265678998082876205e-01
1.785629218816757202e+01 -5.619562000036239624e+00 3.119408246129751205e-01
1.790481513738632202e+01 -5.477838367223739624e+00 3.090416546911001205e-01
1.793969672918319702e+01 -5.331720203161239624e+00 3.057457562536001205e-01
1.797463935613632202e+01 -5.185113757848739624e+00 3.024498578161001205e-01
1.800942939519882202e+01 -5.039239734411239624e+00 2.991539593786001205e-01
1.804434150457382202e+01 -4.892999500036239624e+00 2.958580609411001205e-01
1.807903999090194702e+01 -4.747369617223739624e+00 2.925774212926626205e-01
1.809997504949569702e+01 -4.598199695348739624e+00 2.889153119176626205e-01
2.086679023504257202e+01 -6.623834460973739624e+00 4.008690472692251205e-01
2.090441840887069702e+01 -6.450860828161239624e+00 3.969475384801626205e-01
2.094201606512069702e+01 -6.278131335973739624e+00 3.930260296911001205e-01
2.097967475652694702e+01 -6.105035632848739624e+00 3.890892621129751205e-01
2.101718086004257202e+01 -5.932672351598739624e+00 3.851677533239126205e-01
2.105474799871444702e+01 -5.760064929723739624e+00 3.812462445348501205e-01
2.109313911199569702e+01 -5.588434070348739624e+00 3.773552533239126205e-01
2.113214057683944702e+01 -5.417291492223739624e+00 3.734490033239126205e-01
2.514804023504257202e+01 -8.052057117223739624e+00 5.270134564489126205e-01
2.518792670965194702e+01 -7.840387195348739624e+00 5.221306439489126205e-01
2.525537055730819702e+01 -7.637872546911239624e+00 5.180718060582876205e-01
2.529528754949569702e+01 -7.426080554723739624e+00 5.131737347692251205e-01
2.533502143621444702e+01 -7.215387195348739624e+00 5.083214398473501205e-01
2.537478584051132202e+01 -7.004205554723739624e+00 5.034538861364126205e-01
2.538668769598007202e+01 -6.786554187536239624e+00 4.978233929723501205e-01
2.542617744207382202e+01 -6.577203601598739624e+00 4.930016156286001205e-01
3.176126044988632202e+01 -1.025811180472373962e+01 7.222954388707876205e-01
2.767672675848007202e+01 -8.646051257848739624e+00 6.689354535192251205e-01
3.035934394598007202e+01 -9.246270984411239624e+00 6.928612347692251205e-01
3.186648505926132202e+01 -9.437555164098739624e+00 7.027794476598501205e-01
3.190133613348007202e+01 -9.165826648473739624e+00 6.963249798864126205e-01
3.194033759832382202e+01 -8.895196765661239624e+00 6.899010296911001205e-01
3.197912544012069702e+01 -8.626153796911239624e+00 6.835228558629751205e-01
3.201782172918319702e+01 -8.357721179723739624e+00 6.771599408239126205e-01
4.269171088933944702e+01 -1.390435203909873962e+01 1.051732694730162621e+00
2.759176582098007202e+01 -8.615533679723739624e+00 7.974297162145376205e-01
3.022463935613632202e+01 -9.200494617223739624e+00 8.331505414098501205e-01
4.339138740301132202e+01 -1.296550926566123962e+01 1.033269559964537621e+00
4.340240424871444702e+01 -1.258233055472373962e+01 1.023564970120787621e+00
4.341342109441757202e+01 -1.219951805472373962e+01 1.013875639066100121e+00
4.342434638738632202e+01 -1.181987938284873962e+01 1.004262601956725121e+00
4.343521064519882202e+01 -1.144182762503623962e+01 9.946953412145376205e-01
5.914907783269882202e+01 -1.939275535941123962e+01 1.605779325589537621e+00
2.736776679754257202e+01 -8.539850085973739624e+00 9.228722210973501205e-01
2.732971137762069702e+01 -8.284112781286239624e+00 9.155327435582876205e-01
2.731930488348007202e+01 -8.037896960973739624e+00 9.087883587926626205e-01
2.735479682683944702e+01 -7.807550281286239624e+00 9.030357953161001205e-01
2.742578071355819702e+01 -7.587091296911239624e+00 8.979851361364126205e-01
2.796832221746444702e+01 -7.499200671911239624e+00 9.022881146520376205e-01
2.876046699285507202e+01 -7.470270007848739624e+00 9.112602826207876205e-01
6.025021308660507202e+01 -1.975371727347373962e+01 1.916783964261412621e+00
2.731896919012069702e+01 -8.521051257848739624e+00 1.050023710355162621e+00
2.722598212957382202e+01 -8.248346179723739624e+00 1.040776884183287621e+00
2.723709052801132202e+01 -8.009698718786239624e+00 1.034230863675475121e+00
2.727722114324569702e+01 -7.781427234411239624e+00 1.028463041409850121e+00
2.732510322332382202e+01 -7.555108875036239624e+00 1.022878324612975121e+00
2.738232368230819702e+01 -7.332574695348739624e+00 1.017553007230162621e+00
2.748049873113632202e+01 -7.121270984411239624e+00 1.013234769925475121e+00
5.829968208074569702e+01 -1.909649071097373962e+01 2.145528471097350121e+00
2.735772651433944702e+01 -8.530694812536239624e+00 1.180074369534850121e+00
2.726272529363632202e+01 -8.257013171911239624e+00 1.169301664456725121e+00
2.727206367254257202e+01 -8.017511218786239624e+00 1.162419950589537621e+00
2.730792182683944702e+01 -7.787652820348739624e+00 1.156392728909850121e+00
2.735790961980819702e+01 -7.561700671911239624e+00 1.150777494534850121e+00
2.742245429754257202e+01 -7.340753406286239624e+00 1.146291410550475121e+00
2.752008002996444702e+01 -7.128961414098739624e+00 1.142095243558287621e+00
5.815335029363632202e+01 -1.904131492972373962e+01 2.418508207425475121e+00
2.737884467840194702e+01 -8.534601062536239624e+00 1.309209501370787621e+00
2.728405708074569702e+01 -8.260797351598739624e+00 1.298345243558287621e+00
2.728900092840194702e+01 -8.019708484411239624e+00 1.291021024808287621e+00
2.732015937566757202e+01 -7.788385242223739624e+00 1.284673368558287621e+00
2.736856025457382202e+01 -7.561700671911239624e+00 1.278920805081725121e+00
2.743460029363632202e+01 -7.341241687536239624e+00 1.273793851956725121e+00
2.752999824285507202e+01 -7.128595203161239624e+00 1.269658720120787621e+00
5.874923652410507202e+01 -1.923357567191123962e+01 2.721761381253600121e+00
2.742675727605819702e+01 -8.547174304723739624e+00 1.439641630277037621e+00
2.730584663152694702e+01 -8.264703601598739624e+00 1.426931058987975121e+00
2.732821601629257202e+01 -8.028741687536239624e+00 1.420003568753600121e+00
2.736892646551132202e+01 -7.799859851598739624e+00 1.413854276761412621e+00
2.741836494207382202e+01 -7.573053210973739624e+00 1.408025419339537621e+00
2.747659248113632202e+01 -7.349908679723739624e+00 1.402578031644225121e+00
2.755529731512069702e+01 -7.132379382848739624e+00 1.398610746487975121e+00
2.734457343816757202e+01 -8.273980945348739624e+00 1.557180082425475121e+00
2.733163398504257202e+01 -8.026788562536239624e+00 1.548452055081725121e+00
2.736376899480819702e+01 -7.795343250036239624e+00 1.541799223050475121e+00
2.741180366277694702e+01 -7.568170398473739624e+00 1.535833036527037621e+00
2.747576850652694702e+01 -7.346734851598739624e+00 1.530599271878600121e+00
2.758795112371444702e+01 -7.138238757848739624e+00 1.527455961331725121e+00
2.751196235418319702e+01 -8.323785632848739624e+00 1.693532621487975121e+00
2.803646796941757202e+01 -8.239312976598739624e+00 1.710897123441100121e+00
2.816445869207382202e+01 -7.781671375036239624e+00 1.699895536527037621e+00
2.818313544988632202e+01 -7.540826648473739624e+00 1.692220365628600121e+00
2.774597114324569702e+01 -7.177911609411239624e+00 1.663335477933287621e+00
2.769372504949569702e+01 -8.377984851598739624e+00 1.832982694730162621e+00
2.972036689519882202e+01 -8.225763171911239624e+00 1.914891874417662621e+00
2.790649360418319702e+01 -7.218072742223739624e+00 1.800176298245787621e+00
2.768093818426132202e+01 -8.124688953161239624e+00 1.952718412503600121e+00
2.770098823308944702e+01 -7.886407703161239624e+00 1.944738065823912621e+00
2.774752753973007202e+01 -7.655694812536239624e+00 1.938985502347350121e+00
2.781722968816757202e+01 -7.432794421911239624e+00 1.933919584378600121e+00
2.799038642644882202e+01 -7.237726062536239624e+00 1.934835111722350121e+00
1.068106025457382202e+01 -2.593927234411239624e+00 8.330312930047512054e-02
1.070443671941757202e+01 -2.511529773473739624e+00 8.148733340203762054e-02
1.072323554754257202e+01 -2.428033679723739624e+00 7.953420840203762054e-02
1.074215644598007202e+01 -2.344293445348739624e+00 7.758108340203762054e-02
1.076095527410507202e+01 -2.260797351598739624e+00 7.562795840203762054e-02
1.077987617254257202e+01 -2.177057117223739624e+00 7.367483340203762054e-02
1.079867500066757202e+01 -2.093561023473739624e+00 7.173696719110012054e-02
1.081283515691757202e+01 -2.009210437536239624e+00 6.966177187860012054e-02
1.161660712957382202e+01 -2.846612781286239624e+00 1.090447064489126205e-01
1.163662666082382202e+01 -2.755060046911239624e+00 1.069084759801626205e-01
1.165664619207382202e+01 -2.663629382848739624e+00 1.047875043004751205e-01
1.168215888738632202e+01 -2.573175281286239624e+00 1.028038617223501205e-01
1.170217841863632202e+01 -2.481744617223739624e+00 1.006828900426626205e-01
1.171676582098007202e+01 -2.388727039098739624e+00 9.840933047235012054e-02
1.173672431707382202e+01 -2.297418445348739624e+00 9.628835879266262054e-02
1.175674384832382202e+01 -2.206109851598739624e+00 9.416738711297512054e-02
1.274099677801132202e+01 -3.150323718786239624e+00 1.402031537145376205e-01
1.276284736394882202e+01 -3.049249500036239624e+00 1.378533001989126205e-01
1.278475898504257202e+01 -2.948297351598739624e+00 1.355034466832876205e-01
1.280667060613632202e+01 -2.847101062536239624e+00 1.331535931676626205e-01
1.282858222723007202e+01 -2.746148914098739624e+00 1.308037396520376205e-01
1.285049384832382202e+01 -2.644952625036239624e+00 1.284538861364126205e-01
1.287234443426132202e+01 -2.544122546911239624e+00 1.261040326207876205e-01
1.289413398504257202e+01 -2.443292468786239624e+00 1.237694378942251205e-01
1.411608833074569702e+01 -3.521661609411239624e+00 1.783196087926626205e-01
1.414843696355819702e+01 -3.411187976598739624e+00 1.759239789098501205e-01
1.417254585027694702e+01 -3.298517078161239624e+00 1.732994671911001205e-01
1.419671577215194702e+01 -3.185602039098739624e+00 1.706596966832876205e-01
1.422082465887069702e+01 -3.072931140661239624e+00 1.680351849645376205e-01
1.424499458074569702e+01 -2.960016101598739624e+00 1.654106732457876205e-01
1.426904243230819702e+01 -2.847589343786239624e+00 1.627861615270376205e-01
1.428570502996444702e+01 -2.733575671911239624e+00 1.599327679723501205e-01
1.585909980535507202e+01 -3.992486804723739624e+00 2.265678998082876205e-01
1.588503974676132202e+01 -3.864801257848739624e+00 2.235924359411001205e-01
1.591097968816757202e+01 -3.737237781286239624e+00 2.206322308629751205e-01
1.593698066473007202e+01 -3.609308093786239624e+00 2.176567669957876205e-01
1.596289008855819702e+01 -3.481988757848739624e+00 2.146813031286001205e-01
1.598886054754257202e+01 -3.354181140661239624e+00 2.117058392614126205e-01
1.601473945379257202e+01 -3.226861804723739624e+00 2.087456341832876205e-01
1.608984321355819702e+01 -3.110040515661239624e+00 2.052818890661001205e-01
1.810006660223007202e+01 -4.597711414098739624e+00 2.889000531286001205e-01
1.814291328191757202e+01 -4.454645007848739624e+00 2.858482953161001205e-01
1.817193549871444702e+01 -4.307794421911239624e+00 2.824150677770376205e-01
1.820107978582382202e+01 -4.160699695348739624e+00 2.789818402379751205e-01
1.823007148504257202e+01 -4.014093250036239624e+00 2.755638714879751205e-01
1.825915473699569702e+01 -3.867120593786239624e+00 2.721153851598501205e-01
1.834399360418319702e+01 -3.732965320348739624e+00 2.684074994176626205e-01
1.842562812566757202e+01 -3.597345203161239624e+00 2.642418500036001205e-01
2.113223212957382202e+01 -5.416681140661239624e+00 3.734337445348501205e-01
2.116519111394882202e+01 -5.244073718786239624e+00 3.693749066442251205e-01
2.119811958074569702e+01 -5.071588367223739624e+00 3.653160687536001205e-01
2.123117011785507202e+01 -4.898614734411239624e+00 3.612572308629751205e-01
2.126403754949569702e+01 -4.726373523473739624e+00 3.571983929723501205e-01
2.134771674871444702e+01 -4.565118640661239624e+00 3.531090375036001205e-01
2.147213691473007202e+01 -4.412652820348739624e+00 3.490044232457876205e-01
2.159481757879257202e+01 -4.258355945348739624e+00 3.448540326207876205e-01
2.542614692449569702e+01 -6.576471179723739624e+00 4.929863568395376205e-01
2.545928901433944702e+01 -6.365655750036239624e+00 4.879814740270376205e-01
2.552014106512069702e+01 -6.162286609411239624e+00 4.837547894567251205e-01
2.555334419012069702e+01 -5.951104968786239624e+00 4.787499066442251205e-01
2.560113471746444702e+01 -5.744439929723739624e+00 4.738365765661001205e-01
2.576907294988632202e+01 -5.564264148473739624e+00 4.694267865270376205e-01
2.590722602605819702e+01 -5.376275867223739624e+00 4.642235394567251205e-01
2.607409614324569702e+01 -5.192804187536239624e+00 4.597221966832876205e-01
3.201803535223007202e+01 -8.356866687536239624e+00 6.771294232457876205e-01
2.802075141668319702e+01 -7.033136218786239624e+00 6.309715863317251205e-01
3.208325141668319702e+01 -7.818536609411239624e+00 6.641136761754751205e-01
3.211587470769882202e+01 -7.549249500036239624e+00 6.575981732457876205e-01
3.221581977605819702e+01 -7.297174304723739624e+00 6.517235394567251205e-01
3.245941108465194702e+01 -7.076104968786239624e+00 6.471153851598501205e-01
3.270031684637069702e+01 -6.852228015661239624e+00 6.424309369176626205e-01
3.305673164129257202e+01 -6.649469226598739624e+00 6.386467572301626205e-01
4.343484443426132202e+01 -1.144048485159873962e+01 9.946495648473501205e-01
2.793325752019882202e+01 -7.007135242223739624e+00 7.589928265661001205e-01
4.344256538152694702e+01 -1.068511375784873962e+01 9.753166791051626205e-01
4.344372504949569702e+01 -1.030779442191123962e+01 9.656426068395376205e-01
4.344485419988632202e+01 -9.933160632848739624e+00 9.560295697301626205e-01
4.377981513738632202e+01 -9.634210437536239624e+00 9.509789105504751205e-01
4.416885322332382202e+01 -9.343927234411239624e+00 9.465843793004751205e-01
4.486050361394882202e+01 -9.111627429723739624e+00 9.460503216832876205e-01
2.876251167058944702e+01 -7.469903796911239624e+00 9.112755414098501205e-01
2.773690742254257202e+01 -6.952813953161239624e+00 8.847862835973501205e-01
3.098788398504257202e+01 -7.534845203161239624e+00 9.404808636754751205e-01
6.985159248113632202e+01 -1.673894676566123962e+01 1.666387235745787621e+00
6.962747138738632202e+01 -1.607964500784873962e+01 1.645986234769225121e+00
6.940496772527694702e+01 -1.542498192191123962e+01 1.625722562894225121e+00
6.920159858465194702e+01 -1.478277000784873962e+01 1.606038725003600121e+00
6.943234199285507202e+01 -1.423711571097373962e+01 1.594289457425475121e+00
2.748110908269882202e+01 -7.120538562536239624e+00 1.013219511136412621e+00
2.768606513738632202e+01 -6.936456531286239624e+00 1.011541044339537621e+00
3.092422431707382202e+01 -7.515436023473739624e+00 1.082051908597350121e+00
2.752075141668319702e+01 -7.128351062536239624e+00 1.142095243558287621e+00
2.771337836980819702e+01 -6.940606921911239624e+00 1.140767728909850121e+00
3.118341010808944702e+01 -7.577447742223739624e+00 1.232259428128600121e+00
2.753073066473007202e+01 -7.127984851598739624e+00 1.269658720120787621e+00
2.773150581121444702e+01 -6.942315906286239624e+00 1.269261991605162621e+00
3.065441840887069702e+01 -7.440606921911239624e+00 1.359456693753600121e+00
2.755572456121444702e+01 -7.131769031286239624e+00 1.398595487698912621e+00
2.777218574285507202e+01 -6.949884265661239624e+00 1.398809110745787621e+00
2.758966010808944702e+01 -7.137872546911239624e+00 1.527501737698912621e+00
2.803979438543319702e+01 -7.016656726598739624e+00 1.539220487698912621e+00
3.008996528387069702e+01 -7.291559070348739624e+00 1.619191801175475121e+00
2.774700874090194702e+01 -7.177301257848739624e+00 1.663350736722350121e+00
2.916366523504257202e+01 -7.306573718786239624e+00 1.722432767972350121e+00
2.790771430730819702e+01 -7.217584460973739624e+00 1.800206815823912621e+00
2.799426215887069702e+01 -7.237848132848739624e+00 1.935033475980162621e+00
2.721139472723007202e+01 -7.018731921911239624e+00 8.651939984411001205e-01
2.701937812566757202e+01 -6.721246570348739624e+00 8.548485394567251205e-01
6.696514838933944702e+01 -1.663933739066123962e+01 1.606603300198912621e+00
6.676043647527694702e+01 -1.599151024222373962e+01 1.586690580472350121e+00
6.655844062566757202e+01 -1.535222801566123962e+01 1.567037260159850121e+00
6.635781806707382202e+01 -1.471721825003623962e+01 1.547506010159850121e+00
6.616070502996444702e+01 -1.409087547659873962e+01 1.528249418362975121e+00
6.675738471746444702e+01 -1.363738426566123962e+01 1.523290311917662621e+00
2.661517280340194702e+01 -6.853448718786239624e+00 9.827019330114126205e-01
2.691775459051132202e+01 -6.691339343786239624e+00 9.831902142614126205e-01
2.665371650457382202e+01 -6.860895007848739624e+00 1.113637601956725121e+00
2.691690009832382202e+01 -6.688043445348739624e+00 1.114156400784850121e+00
9.477584785223007202e+01 -2.369304832816123962e+01 3.036550199612975121e+00
2.666171211004257202e+01 -6.860040515661239624e+00 1.243230497464537621e+00
2.694659370183944702e+01 -6.692804187536239624e+00 1.245458280667662621e+00
2.667788642644882202e+01 -6.861261218786239624e+00 1.373922025784850121e+00
2.702923530340194702e+01 -6.711358875036239624e+00 1.379079496487975121e+00
2.674121040105819702e+01 -6.875421375036239624e+00 1.506124174222350121e+00
2.690438789129257202e+01 -6.916681140661239624e+00 1.644429838284850121e+00
2.710104316473007202e+01 -6.966852039098739624e+00 1.785375272855162621e+00
2.785183662176132202e+01 -7.167413562536239624e+00 1.960805570706725121e+00
6.615386426448822021e+00 -1.212945789098739624e+00 1.236211454495787621e+00
5.961516797542572021e+00 -9.884584844112396240e-01 1.380086576566100121e+00
4.320342481136322021e+00 -1.924379765987396240e-01 4.503380414098501205e-01
4.177459180355072021e+00 -4.712465703487396240e-01 6.280266400426626205e-01
4.346587598323822021e+00 -1.976870000362396240e-01 6.243492718786001205e-01
4.171904981136322021e+00 -4.657534062862396240e-01 8.016564007848501205e-01
4.356536328792572021e+00 -1.974428594112396240e-01 7.980095501989126205e-01
4.873198926448822021e+00 -7.022036015987396240e-01 1.004842435941100121e+00
4.585540235042572021e+00 -2.700746953487396240e-01 9.821068402379751205e-01
5.102508008480072021e+00 -7.733705937862396240e-01 1.370549833402037621e+00
3.921843945980072021e+00 -4.434145390987396240e-01 9.859673138707876205e-01
3.592315137386322021e+00 7.879406213760375977e-03 9.611565228551626205e-01
3.898650586605072021e+00 -9.160789847373962402e-02 1.151876127347350121e+00
4.316314160823822021e+00 -5.724428594112396240e-01 1.364095365628600121e+00
-1.003082811832427979e+00 1.451238781213760376e+00 8.751579876989126205e-01
-1.021454393863677979e+00 1.105169445276260376e+00 1.073064481839537621e+00
-3.598333001136779785e-01 1.227972179651260376e+00 1.091756498441100121e+00
-2.363861620426177979e+00 1.573309093713760376e+00 6.701103802770376205e-01
-2.120392382144927979e+00 1.843206554651260376e+00 6.671043988317251205e-01
-1.662262499332427979e+00 1.320989757776260376e+00 8.867241498082876205e-01
-1.802338182926177979e+00 1.734075695276260376e+00 8.683220501989126205e-01
-1.988861620426177979e+00 1.444646984338760376e+00 1.060735380277037621e+00
-4.717438280582427979e+00 2.461736828088760376e+00 1.002339994534850121e+00
1.409844917058944702e+01 -7.283266484737396240e-01 5.847707949578762054e-02
-6.016998827457427979e+00 2.942937999963760376e+00 -2.979501523077487946e-02
-3.493744432926177979e+00 2.393621593713760376e+00 1.964346133172512054e-02
-6.013275682926177979e+00 2.946111828088760376e+00 1.641594525426626205e-01
-3.999664843082427979e+00 2.583074718713760376e+00 2.107903119176626205e-01
-5.977936327457427979e+00 2.937444835901260376e+00 3.582054730504751205e-01
-3.519745409488677979e+00 2.412908703088760376e+00 4.290215130895376205e-01
-5.955902636051177979e+00 2.933782726526260376e+00 5.531212445348501205e-01
-3.466095507144927979e+00 2.398138195276260376e+00 6.355644818395376205e-01
-5.740875780582427979e+00 2.857977062463760376e+00 7.556664105504751205e-01
-5.554474413394927979e+00 2.792913585901260376e+00 9.599815960973501205e-01
3.786743110418319702e+01 -8.034601062536239624e+00 7.816521283239126205e-01
-6.913544237613677979e+00 3.308416515588760376e+00 9.760061465203762054e-02
-4.085968554019927979e+00 2.647771984338760376e+00 1.649223919957876205e-01
-6.872772753238677979e+00 3.297674328088760376e+00 2.936150189489126205e-01
-4.065155565738677979e+00 2.644964367151260376e+00 3.735100384801626205e-01
-6.846954882144927979e+00 3.292547374963760376e+00 4.905144330114126205e-01
-6.598663866519927979e+00 3.203924328088760376e+00 6.961571332067251205e-01
-5.416168749332427979e+00 2.764715343713760376e+00 9.498039837926626205e-01
-4.857687431573867798e+01 2.005707374215126038e+01 -1.646845186129212379e+00
-4.852908378839492798e+01 2.015253272652626038e+01 -1.648996675387024879e+00
-4.848141533136367798e+01 2.024786964058876038e+01 -1.651148164644837379e+00
-4.843344169855117798e+01 2.034369483590126038e+01 -1.653314912691712379e+00
-4.835232597589492798e+01 2.042816749215126038e+01 -1.656030977144837379e+00
-4.826632744073867798e+01 2.051190772652626038e+01 -1.658823335543274879e+00
-4.715170341730117798e+01 1.927081885933876038e+01 -1.601084077730774879e+00
-4.709652763605117798e+01 1.937702003121376038e+01 -1.603449190035462379e+00
-4.703189140558242798e+01 1.948004737496376038e+01 -1.605585420504212379e+00
-4.697622734308242798e+01 1.958722510933876038e+01 -1.607965791597962379e+00
-4.691201835870742798e+01 1.969122901558876038e+01 -1.610452974215149879e+00
-4.680850273370742798e+01 1.978253760933876038e+01 -1.613413179293274879e+00
-4.671658378839492798e+01 1.987848487496376038e+01 -1.616587007418274879e+00
-4.661404472589492798e+01 1.997186866402626038e+01 -1.619562471285462379e+00
-4.517916923761367798e+01 1.849664893746376038e+01 -1.547006929293274879e+00
-4.511526542901992798e+01 1.861835303902626038e+01 -1.549646699801087379e+00
-4.505117851495742798e+01 1.874042335152626038e+01 -1.552286470308899879e+00
-4.496322685480117798e+01 1.885455909371376038e+01 -1.555109346285462379e+00
-4.483615165948867798e+01 1.895514503121376038e+01 -1.558176362887024879e+00
-4.470816093683242798e+01 1.905731788277626038e+01 -1.561289155855774879e+00
-4.458078056573867798e+01 1.916083350777626038e+01 -1.564417207613587379e+00
-4.445468193292617798e+01 1.926605811715126038e+01 -1.567560518160462379e+00
-4.256173759698867798e+01 1.746942725777626038e+01 -1.474619233980774879e+00
-4.248349052667617798e+01 1.761066260933876038e+01 -1.477609956637024879e+00
-4.236422783136367798e+01 1.773700538277626038e+01 -1.480676973238587379e+00
-4.220437675714492798e+01 1.785040870308876038e+01 -1.483820283785462379e+00
-4.204324394464492798e+01 1.796466651558876038e+01 -1.487009370699524879e+00
-4.187979179620742798e+01 1.808075538277626038e+01 -1.490244233980774879e+00
-4.171737724542617798e+01 1.819855323433876038e+01 -1.493494356051087379e+00
-4.145761162042617798e+01 1.828656592965126038e+01 -1.496988618746399879e+00
-3.888949638605117798e+01 1.602814307808876038e+01 -1.371942842379212379e+00
-3.873757988214492798e+01 1.617621436715126038e+01 -1.375192964449524879e+00
-3.852566581964492798e+01 1.630353370308876038e+01 -1.378259981051087379e+00
-3.830862480401992798e+01 1.643231788277626038e+01 -1.381388032808899879e+00
-3.809146171808242798e+01 1.656329932808876038e+01 -1.384546602144837379e+00
-3.778164726495742798e+01 1.666571632027626038e+01 -1.387491548433899879e+00
-3.741415458917617798e+01 1.675250831246376038e+01 -1.390360200777649879e+00
-3.703677421808242798e+01 1.684161964058876038e+01 -1.393305147066712379e+00
-3.345956474542617798e+01 1.389728370308876038e+01 -1.218271577730774879e+00
-3.315231376886367798e+01 1.403754249215126038e+01 -1.220804536715149879e+00
-3.284707695245742798e+01 1.418292823433876038e+01 -1.223444307222962379e+00
-3.253622490167617798e+01 1.433136573433876038e+01 -1.226145112887024879e+00
-3.201376396417617798e+01 1.440802589058876038e+01 -1.227213228121399879e+00
-3.147274833917617798e+01 1.448737159371376038e+01 -1.228342378512024879e+00
-3.091610771417617798e+01 1.456903663277626038e+01 -1.229486787691712379e+00
-3.034957939386367798e+01 1.465607276558876038e+01 -1.230738008394837379e+00
-2.463681083917617798e+01 1.043475928902626038e+01 -9.639685992151498795e-01
-2.417410331964492798e+01 1.059979835152626038e+01 -9.651130083948373795e-01
-2.376895195245742798e+01 1.079291358590126038e+01 -9.681342486292123795e-01
-2.299313408136367798e+01 1.085785499215126038e+01 -9.655097369104623795e-01
-2.218203788995742798e+01 1.092169776558876038e+01 -9.626868609338998795e-01
-2.133731132745742798e+01 1.098798194527626038e+01 -9.597419146448373795e-01
-2.039016777276992798e+01 1.103229346871376038e+01 -9.547522906213998795e-01
-1.947830253839492798e+01 1.110333839058876038e+01 -9.515326861292123795e-01
-9.037445604801177979e+00 4.313299328088760376e+00 -4.976600054651498795e-01
-8.564850389957427979e+00 4.623357921838760376e+00 -5.003150347620248795e-01
-7.799347460269927979e+00 4.830022960901260376e+00 -4.978125933557748795e-01
-6.657929003238677979e+00 4.913030773401260376e+00 -4.888556841760873795e-01
-5.289093554019927979e+00 4.931951671838760376e+00 -4.762671831995248795e-01
-3.886200487613677979e+00 4.963567882776260376e+00 -4.636481646448373795e-01
-2.453949511051177979e+00 5.006414562463760376e+00 -4.510138873010873795e-01
-9.859319329261779785e-01 5.060735851526260376e+00 -4.383033160120248795e-01
2.584567207098007202e+01 -9.374811023473739624e+00 5.775810834020376205e-01
2.579531806707382202e+01 -8.531549304723739624e+00 5.538536664098501205e-01
2.604202216863632202e+01 -7.805230945348739624e+00 5.393730755895376205e-01
2.628930610418319702e+01 -7.076593250036239624e+00 5.248467084020376205e-01
2.653570502996444702e+01 -6.350519031286239624e+00 5.103661175817251205e-01
2.744915717840194702e+01 -5.852472156286239624e+00 5.107323285192251205e-01
2.924795478582382202e+01 -5.642511218786239624e+00 5.304314251989126205e-01
3.191851752996444702e+01 -5.689142078161239624e+00 5.708977337926626205e-01
-4.181594902276992798e+01 1.759613624215126038e+01 -1.468805635347962379e+00
-4.161654716730117798e+01 1.771198096871376038e+01 -1.471643770113587379e+00
-4.141549736261367798e+01 1.782916846871376038e+01 -1.474527681246399879e+00
-4.121517997980117798e+01 1.794989600777626038e+01 -1.477457368746399879e+00
-4.091543632745742798e+01 1.803888526558876038e+01 -1.480387056246399879e+00
-4.058383232355117798e+01 1.812164893746376038e+01 -1.483377778902649879e+00
-3.767941337823867798e+01 1.558222022652626038e+01 -1.338541353121399879e+00
-3.743374687433242798e+01 1.571759620308876038e+01 -1.341074312105774879e+00
-3.718838554620742798e+01 1.585639014840126038e+01 -1.344309175387024879e+00
-3.691488701105117798e+01 1.598883643746376038e+01 -1.346826875582337379e+00
-3.657437187433242798e+01 1.610028663277626038e+01 -1.349024141207337379e+00
-3.611099296808242798e+01 1.617487159371376038e+01 -1.350672090426087379e+00
-3.559982353448867798e+01 1.623956885933876038e+01 -1.351496065035462379e+00
-3.511062675714492798e+01 1.631952491402626038e+01 -1.353250825777649879e+00
-3.083407646417617798e+01 1.287836280465126038e+01 -1.144052827730774879e+00
-3.043563896417617798e+01 1.302020850777626038e+01 -1.145319307222962379e+00
-3.003329521417617798e+01 1.316644874215126038e+01 -1.146646821871399879e+00
-2.947348076105117798e+01 1.326166358590126038e+01 -1.146448457613587379e+00
-2.878457695245742798e+01 1.331854835152626038e+01 -1.145059907808899879e+00
-2.806759697198867798e+01 1.337775245308876038e+01 -1.143625581637024879e+00
-2.733694511651992798e+01 1.344269385933876038e+01 -1.142237031832337379e+00
-2.658389335870742798e+01 1.351190772652626038e+01 -1.140848482027649879e+00
-1.935995537042617798e+01 8.346258312463760376e+00 -8.069251421838998795e-01
-1.880307060480117798e+01 8.536810070276260376e+00 -8.075507525354623795e-01
-1.815054374933242798e+01 8.699407726526260376e+00 -8.057502154260873795e-01
-1.706399589776992798e+01 8.714178234338760376e+00 -7.974646929651498795e-01
-1.594265800714492798e+01 8.732977062463760376e+00 -7.890113238245248795e-01
-1.479623466730117798e+01 8.763006359338760376e+00 -7.805732134729623795e-01
-1.360989433526992798e+01 8.796819835901260376e+00 -7.719062212854623795e-01
-1.229782158136367798e+01 8.808416515588760376e+00 -7.605079058557748795e-01
2.854949414730072021e+00 -4.276674687862396240e-01 -1.324561480432748795e-01
3.239837110042572021e+00 4.144874215126037598e-02 -1.381171587854623795e-01
3.727935254573822021e+00 4.752866327762603760e-01 -1.417487505823373795e-01
4.859527051448822021e+00 6.809751093387603760e-01 -1.324561480432748795e-01
6.484282910823822021e+00 7.257749140262603760e-01 -1.135962847620248795e-01
8.398284375667572021e+00 6.989194452762603760e-01 -8.959420956671237946e-02
1.035983222723007202e+01 6.853696405887603760e-01 -6.531747616827487946e-02
1.236856025457382202e+01 6.885434687137603760e-01 -4.082711972296237946e-02
-3.429962694644927979e+00 3.031438976526260376e+00 -3.578132037073373795e-01
-2.414215624332427979e+00 3.231634289026260376e+00 -3.514808062463998795e-01
-8.094182610511779785e-01 3.231634289026260376e+00 -3.345893267542123795e-01
8.025812506675720215e-01 3.257757335901260376e+00 -3.181861285120248795e-01
2.479400098323822021e+00 3.285833507776260376e+00 -3.011420611292123795e-01
4.221038281917572021e+00 3.319524914026260376e+00 -2.835334185510873795e-01
2.108611524105072021e+00 3.348577648401260376e+00 -3.087256792932748795e-01
3.705657422542572021e+00 3.434881359338760376e+00 -2.958167437463998795e-01
2.124853461980819702e+01 -6.962945789098739624e+00 4.186150189489126205e-01
2.132174628973007202e+01 -6.136041492223739624e+00 3.976647015661001205e-01
2.140142768621444702e+01 -5.318536609411239624e+00 3.770348187536001205e-01
2.174780219793319702e+01 -4.598932117223739624e+00 3.620506878942251205e-01
2.299563544988632202e+01 -4.200494617223739624e+00 3.658348675817251205e-01
2.521108955144882202e+01 -4.117975085973739624e+00 3.914238568395376205e-01
2.280447334051132202e+01 -3.618463367223739624e+00 3.313957806676626205e-01
-2.765860038995742798e+01 1.108807960152626038e+01 -3.745520953088998795e-01
-2.752511650323867798e+01 1.103583350777626038e+01 -1.371405962854623795e-01
-3.080880790948867798e+01 1.234699073433876038e+01 -4.286139849573373795e-01
-3.073019462823867798e+01 1.231708350777626038e+01 -1.894172076135873795e-01
-4.992212224602699280e+02 2.930546323359012604e+02 1.500908490270376205e-01
-5.455856023430824280e+02 3.048322202265262604e+02 -4.528449419885873795e-01
-5.454701238274574280e+02 3.048666440546512604e+02 -4.480689410120248795e-01
-4.991186833977699280e+02 2.930153256952762604e+02 4.054772015661001205e-01
-8.522173162102699280e+02 3.226782895624637604e+02 4.656731244176626205e-01
-8.521221013665199280e+02 3.227803403437137604e+02 4.705254193395376205e-01
-7.715078435540199280e+02 3.327451840937137604e+02 3.742757475003600121e+00
-7.723928533196449280e+02 3.328178159296512604e+02 3.632115995511412621e+00
-8.546019597649574280e+02 3.225145932734012604e+02 4.444786664098501205e-01
-8.545576482415199280e+02 3.226105405390262604e+02 4.471031781286001205e-01
-8.544370427727699280e+02 3.227145444452762604e+02 4.526573773473501205e-01
-8.521504216790199280e+02 3.230508481562137604e+02 5.417839642614126205e-01
-7.724444890618324280e+02 3.322882749140262604e+02 3.623555814847350121e+00
-7.716210027337074280e+02 3.331726743280887604e+02 3.665578519925475121e+00
-9.075730291008949280e+02 3.202708188593387604e+02 4.565788861364126205e-01
-9.084422917962074280e+02 3.202581235468387604e+02 4.808708783239126205e-01
-9.093960271477699280e+02 3.201410581171512604e+02 4.763695355504751205e-01
-9.093197332024574280e+02 3.202538510859012604e+02 4.808403607457876205e-01
-9.103290105462074280e+02 3.199290219843387604e+02 4.682518597692251205e-01
-9.102937322258949280e+02 3.200374204218387604e+02 4.709221478551626205e-01
-9.102429509758949280e+02 3.201480161249637604e+02 4.741264935582876205e-01
-9.101847234368324280e+02 3.202604428827762604e+02 4.779411908239126205e-01
-9.120700994133949280e+02 3.199691831171512604e+02 4.716545697301626205e-01
-9.120244451165199280e+02 3.200822202265262604e+02 4.744927044957876205e-01
-9.119320378899574280e+02 3.202008725702762604e+02 4.789787884801626205e-01
-8.330867009758949280e+02 3.295479184687137604e+02 3.233403837308287621e+00
-1.013212799608707428e+03 3.156869565546512604e+02 9.475151654332876205e-01
-1.013965241014957428e+03 3.172625180780887604e+02 9.595696087926626205e-01
