1.380330300331115723e+01 2.892264489084482193e+00 1.456960827112254719e-01
1.386848855018615723e+01 3.016287926584482193e+00 1.581930309534129719e-01
1.392708230018615723e+01 3.141776207834482193e+00 1.703695446252879719e-01
1.406697487831115723e+01 3.271292809396982193e+00 1.844381481409129719e-01
1.422456765174865723e+01 3.403983239084482193e+00 1.991018444299754719e-01
1.438594460487365723e+01 3.539969567209482193e+00 2.141470104456004719e-01
1.455220437049865723e+01 3.680106285959482193e+00 2.296346813440379719e-01
1.475069069862365723e+01 3.825492028146982193e+00 2.458700329065379719e-01
1.488179421424865723e+01 2.886649254709482193e+00 2.278951793909129719e-01
1.539827370643615723e+01 3.025809410959482193e+00 2.522329479456004719e-01
1.544661355018615723e+01 3.166068200021982193e+00 2.661337047815379719e-01
1.568526101112365723e+01 3.313651207834482193e+00 2.847646862268504719e-01
1.593135476112365723e+01 3.465872887521982193e+00 3.039755016565379719e-01
1.618635964393615723e+01 3.623465660959482193e+00 3.238882213831004719e-01
1.667696022987365723e+01 3.800711754709482193e+00 3.506368786096629719e-01
1.706929421424865723e+01 3.980521325021982193e+00 3.757070690393504719e-01
1.486116433143615723e+01 2.881034020334482193e+00 2.894186168909129719e-01
1.537617897987365723e+01 3.019827965646982193e+00 3.160909801721629719e-01
1.767805886268615723e+01 3.527884606271982193e+00 4.254202038049754719e-01
1.766182351112365723e+01 3.689627770334482193e+00 4.393057018518504719e-01
1.822346901893615723e+01 3.885672692209482193e+00 4.723714977502879719e-01
1.884309792518615723e+01 4.096366051584482193e+00 5.083669811487254719e-01
1.484065651893615723e+01 2.875540856271982193e+00 3.504537731409129719e-01
1.535408425331115723e+01 3.013846520334482193e+00 3.797964245081004719e-01
1.767647194862365723e+01 3.521292809396982193e+00 5.004476696252879719e-01
1.765169167518615723e+01 3.682547692209482193e+00 5.139822155237254719e-01
1.819966530799865723e+01 3.877493981271982193e+00 5.491384655237254719e-01
1.881782937049865723e+01 4.087821129709482193e+00 5.874990612268504719e-01
1.482002663612365723e+01 2.870047692209482193e+00 4.116872936487254719e-01
1.533211159706115723e+01 3.007987145334482193e+00 4.429830700159129719e-01
1.767476296424865723e+01 3.514701012521982193e+00 5.751089245081004719e-01
1.764155983924865723e+01 3.675589684396982193e+00 5.882009655237254719e-01
1.817610573768615723e+01 3.869559410959482193e+00 6.253255993127879719e-01
1.879243874549865723e+01 4.079154137521982193e+00 6.668752819299754719e-01
1.479964089393615723e+01 2.864554528146982193e+00 4.724325329065379719e-01
1.531013894081115723e+01 3.002005700021982193e+00 5.063528209924754719e-01
1.767305397987365723e+01 3.508109215646982193e+00 6.501821666956004719e-01
1.763252663612365723e+01 3.668753746896982193e+00 6.628317028284129719e-01
1.815242409706115723e+01 3.861502770334482193e+00 7.017416149377879719e-01
1.876741433143615723e+01 4.070609215646982193e+00 7.456564098596629719e-01
1.477913308143615723e+01 2.858939293771982193e+00 5.333456188440379719e-01
1.528841042518615723e+01 2.996146325021982193e+00 5.692190319299754719e-01
1.767134499549865723e+01 3.501517418771982193e+00 7.249044567346629719e-01
1.762862038612365723e+01 3.662039879709482193e+00 7.372640758752879719e-01
1.812898659706115723e+01 3.853446129709482193e+00 7.775930553674754719e-01
1.874214577674865723e+01 4.062064293771982193e+00 8.246664196252879719e-01
1.475886940956115723e+01 2.853568200021982193e+00 5.937856823206004719e-01
1.526668190956115723e+01 2.990286950021982193e+00 6.319326549768504719e-01
1.766975808143615723e+01 3.494803551584482193e+00 8.000387340784129719e-01
1.762471413612365723e+01 3.655326012521982193e+00 8.121236950159129719e-01
1.810554909706115723e+01 3.845511559396982193e+00 8.532613903284129719e-01
1.871712136268615723e+01 4.053641442209482193e+00 9.030813366174754719e-01
1.473848366737365723e+01 2.848075035959482193e+00 6.544088512659129719e-01
1.524483132362365723e+01 2.984427575021982193e+00 6.948141247034129719e-01
1.766804909706115723e+01 3.488211754709482193e+00 8.748068004846629719e-01
1.762080788612365723e+01 3.648734215646982193e+00 8.865713268518504719e-01
1.808198952674865723e+01 3.837576989084482193e+00 9.291738659143504719e-01
1.869209694862365723e+01 4.045096520334482193e+00 9.817251354456004719e-01
1.471821999549865723e+01 2.842581871896982193e+00 7.145589977502879719e-01
1.522322487831115723e+01 2.978690270334482193e+00 7.572073131799754719e-01
1.766634011268615723e+01 3.481619957834482193e+00 9.495901256799754719e-01
1.761702370643615723e+01 3.642020348459482193e+00 9.610494762659129719e-01
1.805867409706115723e+01 3.829642418771982193e+00 1.004506507515912972e+00
1.866719460487365723e+01 4.036551598459482193e+00 1.059773841500287972e+00
1.469795632362365723e+01 2.837088707834482193e+00 7.748922497034129719e-01
1.520149636268615723e+01 2.972830895334482193e+00 8.197683483362254719e-01
1.766463112831115723e+01 3.475028160959482193e+00 1.024815955758100472e+00
1.761311745643615723e+01 3.635306481271982193e+00 1.035909095406537972e+00
1.803523659706115723e+01 3.821707848459482193e+00 1.080083289742475472e+00
1.864217019081115723e+01 4.028128746896982193e+00 1.138066688179975472e+00
1.467781472206115723e+01 2.831717614084482193e+00 8.347372204065379719e-01
1.518001198768615723e+01 2.966971520334482193e+00 8.818563610315379719e-01
1.766292214393615723e+01 3.468436364084482193e+00 1.099660316109662972e+00
1.760921120643615723e+01 3.628714684396982193e+00 1.110402503609662972e+00
1.804854226112365723e+01 3.815848473459482193e+00 1.157811561226850472e+00
1.465767312049865723e+01 2.826346520334482193e+00 8.947652965784129719e-01
1.515840554237365723e+01 2.961234215646982193e+00 9.440969616174754719e-01
1.464741921424865723e+01 2.820853356271982193e+00 9.550985485315379719e-01
1.518696999549865723e+01 2.955618981271982193e+00 1.009816566109662972e+00
1.475276589393615723e+01 3.826102379709482193e+00 2.459615856409129719e-01
1.500716042518615723e+01 3.980033043771982193e+00 2.642263561487254719e-01
1.526033425331115723e+01 4.139212731271982193e+00 2.825979381799754719e-01
1.552449440956115723e+01 4.305350426584482193e+00 3.017782360315379719e-01
1.579842019081115723e+01 4.477713707834482193e+00 3.216604381799754719e-01
1.622322487831115723e+01 4.674002770334482193e+00 3.464407116174754719e-01
1.658113503456115723e+01 4.870902184396982193e+00 3.700002819299754719e-01
1.693977761268615723e+01 5.075003746896982193e+00 3.938039928674754719e-01
1.707149147987365723e+01 3.981253746896982193e+00 3.758138805627879719e-01
1.746748757362365723e+01 4.169486168771982193e+00 4.012655407190379719e-01
1.790193581581115723e+01 4.369315270334482193e+00 4.290212780237254719e-01
1.821821999549865723e+01 4.567191246896982193e+00 4.534200817346629719e-01
1.899641823768615723e+01 4.821585778146982193e+00 4.935506969690379719e-01
1.996333718299865723e+01 5.114432457834482193e+00 5.414022594690379719e-01
2.044099831581115723e+01 5.364676598459482193e+00 5.736288219690379719e-01
2.128645730018615723e+01 5.675589684396982193e+00 6.201528698206004719e-01
1.884749245643615723e+01 4.097220543771982193e+00 5.085653454065379719e-01
2.100435280799865723e+01 4.638358239084482193e+00 6.158193737268504719e-01
2.092268776893615723e+01 4.827933434396982193e+00 6.298879772424754719e-01
2.137398171424865723e+01 5.073660973459482193e+00 6.637624889612254719e-01
2.202339577674865723e+01 5.352469567209482193e+00 7.060445934534129719e-01
2.419868874549865723e+01 6.073172692209482193e+00 8.293203502893504719e-01
1.882222390174865723e+01 4.088675621896982193e+00 5.877279430627879719e-01
2.100337624549865723e+01 4.630667809396982193e+00 7.064565807581004719e-01
2.092134499549865723e+01 4.820243004709482193e+00 7.202352672815379719e-01
2.134993386268615723e+01 5.063407067209482193e+00 7.553457409143504719e-01
2.199800515174865723e+01 5.341483239084482193e+00 8.006643444299754719e-01
2.419868874549865723e+01 6.064627770334482193e+00 9.347738415002879719e-01
1.879695534706115723e+01 4.080130700021982193e+00 6.671194225549754719e-01
2.100227761268615723e+01 4.622977379709482193e+00 7.966665416956004719e-01
2.092036843299865723e+01 4.812674645334482193e+00 8.101705700159129719e-01
2.132613015174865723e+01 5.053153160959482193e+00 8.462881237268504719e-01
2.197285866737365723e+01 5.330741051584482193e+00 8.945974498987254719e-01
2.420100808143615723e+01 6.056449059396982193e+00 1.040944495797162972e+00
1.877180886268615723e+01 4.071585778146982193e+00 7.459158092737254719e-01
2.100130105018615723e+01 4.615164879709482193e+00 8.873953014612254719e-01
2.091926980018615723e+01 4.804984215646982193e+00 9.006246715784129719e-01
2.130220437049865723e+01 5.042899254709482193e+00 9.375356823206004719e-01
2.194746804237365723e+01 5.319876793771982193e+00 9.888662487268504719e-01
2.420491433143615723e+01 6.048392418771982193e+00 1.146748939156537972e+00
1.874654030799865723e+01 4.062918785959482193e+00 8.249563366174754719e-01
2.100032448768615723e+01 4.607474450021982193e+00 9.776968151331004719e-01
2.091829323768615723e+01 4.797293785959482193e+00 9.906362682581004719e-01
2.127852272987365723e+01 5.032767418771982193e+00 1.028142371773725472e+00
2.192232155799865723e+01 5.309134606271982193e+00 1.082448402047162972e+00
2.420894265174865723e+01 6.040335778146982193e+00 1.253194251656537972e+00
1.872151589393615723e+01 4.054495934396982193e+00 9.033865123987254719e-01
2.100154519081115723e+01 4.599906090646982193e+00 1.068654456734662972e+00
2.091719460487365723e+01 4.789603356271982193e+00 1.081181922554975472e+00
2.125471901893615723e+01 5.022513512521982193e+00 1.119069495797162972e+00
2.189717507362365723e+01 5.298270348459482193e+00 1.176350989937787972e+00
2.421297097206115723e+01 6.032279137521982193e+00 1.359181800484662972e+00
1.869636940956115723e+01 4.045951012521982193e+00 9.820455700159129719e-01
2.100398659706115723e+01 4.592581871896982193e+00 1.159245887398725472e+00
2.091609597206115723e+01 4.782034996896982193e+00 1.171269813179975472e+00
2.123103737831115723e+01 5.012381676584482193e+00 1.209355750679975472e+00
2.187215065956115723e+01 5.287528160959482193e+00 1.269597449898725472e+00
1.867146706581115723e+01 4.037528160959482193e+00 1.060109534859662972e+00
2.100630593299865723e+01 4.585135582834482193e+00 1.249913612008100472e+00
2.091511940956115723e+01 4.774344567209482193e+00 1.261418738961225472e+00
2.121321511268615723e+01 5.002860192209482193e+00 1.299870887398725472e+00
2.193477272987365723e+01 5.287039879709482193e+00 1.368855872750287972e+00
1.864656472206115723e+01 4.028983239084482193e+00 1.138417640328412972e+00
1.694087624549865723e+01 5.075736168771982193e+00 3.938955456018504719e-01
1.737141823768615723e+01 5.298270348459482193e+00 4.209188610315379719e-01
1.777974343299865723e+01 5.526663903146982193e+00 4.476064831018504719e-01
1.821406960487365723e+01 5.768973473459482193e+00 4.759420543909129719e-01
1.890706276893615723e+01 6.066947106271982193e+00 5.138448864221629719e-01
1.985799050331115723e+01 6.429007653146982193e+00 5.620168834924754719e-01
2.093587136268615723e+01 6.837454918771982193e+00 6.164755016565379719e-01
2.231221413612365723e+01 7.331595543771982193e+00 6.832021862268504719e-01
2.129195046424865723e+01 5.677054528146982193e+00 6.204122692346629719e-01
2.282844948768615723e+01 6.109183434396982193e+00 6.929678112268504719e-01
2.462996315956115723e+01 6.615531090646982193e+00 7.786001354456004719e-01
2.527168679237365723e+01 6.963065270334482193e+00 8.228048473596629719e-01
4.365327858924865723e+01 1.052239144220948219e+01 1.557500281929975472e+00
2.724190163612365723e+01 7.829398278146982193e+00 9.418386608362254719e-01
2.711812233924865723e+01 8.072684410959482193e+00 9.584554821252879719e-01
2.767097878456115723e+01 8.456229332834482193e+00 1.003514686226850472e+00
2.419795632362365723e+01 6.073905114084482193e+00 8.293661266565379719e-01
2.408967995643615723e+01 6.289359215646982193e+00 8.443655163049754719e-01
2.460750222206115723e+01 6.603324059396982193e+00 8.854116588831004719e-01
2.524800515174865723e+01 6.950247887521982193e+00 9.327291637659129719e-01
4.356636452674865723e+01 1.049126351252198219e+01 1.750203529000287972e+00
2.724446511268615723e+01 7.820487145334482193e+00 1.062459388375287972e+00
2.710921120643615723e+01 8.061453942209482193e+00 1.078832069039350472e+00
2.765083718299865723e+01 8.442435387521982193e+00 1.126195350289350472e+00
2.419795632362365723e+01 6.065360192209482193e+00 9.348043590784129719e-01
2.408687233924865723e+01 6.280448082834482193e+00 9.499410778284129719e-01
2.458491921424865723e+01 6.591117028146982193e+00 9.926656872034129719e-01
2.522432351112365723e+01 6.937430504709482193e+00 1.043080726265912972e+00
4.390449929237365723e+01 1.053655159845948219e+01 1.963735023140912972e+00
2.725069069862365723e+01 7.812308434396982193e+00 1.183995643258100472e+00
2.710017800331115723e+01 8.050345543771982193e+00 1.199208655953412972e+00
2.763093972206115723e+01 8.428885582834482193e+00 1.248097816109662972e+00
2.419942116737365723e+01 6.056937340646982193e+00 1.040944495797162972e+00
2.408406472206115723e+01 6.271536950021982193e+00 1.054982581734662972e+00
2.456245827674865723e+01 6.578909996896982193e+00 1.099202552437787972e+00
2.520076394081115723e+01 6.924613121896982193e+00 1.152699866890912972e+00
4.378926491737365723e+01 1.050029671564698219e+01 2.155538001656537972e+00
2.725691628456115723e+01 7.804007653146982193e+00 1.305013099312787972e+00
2.709785866737365723e+01 8.040579918771982193e+00 1.319280067086225472e+00
2.761079812049865723e+01 8.415213707834482193e+00 1.370549598336225472e+00
2.420332741737365723e+01 6.049002770334482193e+00 1.146733680367475472e+00
2.408150124549865723e+01 6.262747887521982193e+00 1.160619178414350472e+00
2.453999733924865723e+01 6.566702965646982193e+00 1.206151404976850472e+00
2.517720437049865723e+01 6.911795739084482193e+00 1.262761512398725472e+00
2.726314187049865723e+01 7.795828942209482193e+00 1.426808753609662972e+00
2.709627175331115723e+01 8.030936364084482193e+00 1.440099158883100472e+00
2.759090065956115723e+01 8.401541832834482193e+00 1.492238441109662972e+00
2.420735573768615723e+01 6.040946129709482193e+00 1.253178992867475472e+00
2.408150124549865723e+01 6.254202965646982193e+00 1.265904822945600472e+00
2.451753640174865723e+01 6.554618004709482193e+00 1.312398353219037972e+00
2.515376687049865723e+01 6.899100426584482193e+00 1.372075477242475472e+00
2.709639382362365723e+01 8.021659020334482193e+00 1.560429969429975472e+00
2.766878151893615723e+01 8.408377770334482193e+00 1.620808997750287972e+00
2.421138405799865723e+01 6.032889489084482193e+00 1.359151282906537972e+00
2.408150124549865723e+01 6.245780114084482193e+00 1.371236243844037972e+00
2.449507546424865723e+01 6.542410973459482193e+00 1.419072547554975472e+00
2.513887429237365723e+01 6.887869957834482193e+00 1.482396522164350472e+00
2.232747292518615723e+01 7.335501793771982193e+00 6.838277965784129719e-01
2.396577858924865723e+01 7.917410973459482193e+00 7.632040172815379719e-01
5.645161843299865723e+01 1.570659554377198219e+01 2.029363074898725472e+00
3.010396218299865723e+01 9.883719567209482193e+00 1.041661658883100472e+00
2.996638894081115723e+01 1.015227425470948219e+01 1.060216346383100472e+00
3.049019265174865723e+01 1.059416878595948219e+01 1.105702796578412972e+00
5.534151101112365723e+01 1.773650277033448219e+01 2.168172279000287972e+00
5.503694558143615723e+01 1.822783577814698219e+01 2.199681678414350472e+00
2.767512917518615723e+01 8.457938317209482193e+00 1.003758826851850472e+00
2.827034401893615723e+01 8.863700035959482193e+00 1.050923743844037972e+00
5.749214577674865723e+01 1.592864144220948219e+01 2.334081092476850472e+00
3.011262917518615723e+01 9.875662926584482193e+00 1.178029456734662972e+00
2.994942116737365723e+01 1.013799202814698219e+01 1.195119300484662972e+00
3.047261452674865723e+01 1.057927620783448219e+01 1.243413367867475472e+00
3.102009987831115723e+01 1.104119027033448219e+01 1.293187537789350472e+00
5.586665749549865723e+01 1.844609749689698219e+01 2.495412269234662972e+00
2.765498757362365723e+01 8.444266442209482193e+00 1.126470008492475472e+00
2.824946999549865723e+01 8.849417809396982193e+00 1.176686683297162972e+00
5.884566140174865723e+01 1.622246468439698219e+01 2.662297645211225472e+00
5.813936257362365723e+01 1.665715706720948219e+01 2.677327552437787972e+00
2.993904519081115723e+01 1.012529671564698219e+01 1.329564490914350472e+00
3.045515847206115723e+01 1.056462777033448219e+01 1.380299964547162972e+00
3.100203347206115723e+01 1.102593148127198219e+01 1.433736243844037972e+00
5.695613503456115723e+01 1.873772347345948219e+01 2.812779822945600472e+00
2.763509011268615723e+01 8.430594567209482193e+00 1.248402991890912972e+00
2.822859597206115723e+01 8.835257653146982193e+00 1.302327552437787972e+00
2.993135476112365723e+01 1.011333382502198219e+01 1.464848914742475472e+00
3.043758034706115723e+01 1.054985726252198219e+01 1.517842689156537972e+00
3.098396706581115723e+01 1.101079476252198219e+01 1.574193397164350472e+00
5.871248269081115723e+01 1.921843636408448219e+01 3.177220740914350472e+00
2.761494851112365723e+01 8.416922692209482193e+00 1.370870032906537972e+00
2.820784401893615723e+01 8.821097496896982193e+00 1.427174964547162972e+00
2.992366433143615723e+01 1.010149300470948219e+01 1.599431434273725472e+00
3.042024636268615723e+01 1.053520882502198219e+01 1.654576697945600472e+00
3.098592019081115723e+01 1.100102913752198219e+01 1.715032020211225472e+00
2.759505105018615723e+01 8.403372887521982193e+00 1.492574134469037972e+00
2.818696999549865723e+01 8.806815270334482193e+00 1.552571693062787972e+00
2.767512917518615723e+01 8.410697106271982193e+00 1.621297279000287972e+00
3.233137917518615723e+01 1.164787972345948219e+01 2.564992347359662972e+00
3.233052468299865723e+01 1.163701546564698219e+01 2.713719764351850472e+00
3.232967019081115723e+01 1.162602913752198219e+01 2.861745277047162972e+00
3.232881569862365723e+01 1.161516487970948219e+01 3.010640540719037972e+00
5.503633522987365723e+01 1.822966683283448219e+01 2.199803748726850472e+00
3.274641823768615723e+01 1.220171273127198219e+01 1.277211585640912972e+00
3.259383034706115723e+01 1.249529183283448219e+01 1.296468177437787972e+00
3.309212136268615723e+01 1.299614632502198219e+01 1.345067420601850472e+00
4.049861550331115723e+01 1.578264534845948219e+01 1.711903968453412972e+00
5.326900124549865723e+01 2.056011116877198219e+01 2.342351356148725472e+00
3.513545632362365723e+01 1.476836312189698219e+01 1.522893348336225472e+00
3.508870339393615723e+01 1.512993538752198219e+01 1.548650184273725472e+00
5.586616921424865723e+01 1.844792855158448219e+01 2.495549598336225472e+00
3.284932351112365723e+01 1.222148812189698219e+01 1.431874671578412972e+00
3.257857155799865723e+01 1.248003304377198219e+01 1.445973792672162972e+00
3.307649636268615723e+01 1.298039925470948219e+01 1.497441688179975472e+00
5.476729226112365723e+01 2.046135628595948219e+01 2.625874915719037972e+00
5.418831276893615723e+01 2.085527718439698219e+01 2.641927161812787972e+00
3.514192605018615723e+01 1.475945198908448219e+01 1.686986365914350472e+00
3.507527565956115723e+01 1.511406624689698219e+01 1.712880530953412972e+00
5.695625710487365723e+01 1.873979866877198219e+01 2.812947669625287972e+00
3.285200905799865723e+01 1.221147835627198219e+01 1.583089271187787972e+00
3.256343483924865723e+01 1.246489632502198219e+01 1.594624915719037972e+00
3.306111550331115723e+01 1.296489632502198219e+01 1.648946204781537972e+00
5.737483620643615723e+01 2.130010140314698219e+01 3.028142371773725472e+00
5.771516823768615723e+01 2.203533089533448219e+01 3.096455970406537972e+00
5.767793679237365723e+01 2.265190804377198219e+01 3.144200721383100472e+00
5.759041237831115723e+01 2.325151741877198219e+01 3.189107337594037972e+00
5.871760964393615723e+01 1.922197640314698219e+01 3.177678504586225472e+00
3.285506081581115723e+01 1.220159066095948219e+01 1.734441199898725472e+00
3.254878640174865723e+01 1.244975960627198219e+01 1.744038978219037972e+00
3.313338112831115723e+01 1.297710335627198219e+01 1.806432166695600472e+00
5.973091530799865723e+01 2.205437386408448219e+01 3.442006507515912972e+00
5.931221413612365723e+01 2.255828011408448219e+01 3.468419471383100472e+00
5.919429421424865723e+01 2.316460335627198219e+01 3.513326087594037972e+00
5.896077370643615723e+01 2.372869027033448219e+01 3.549367347359662972e+00
3.286738991737365723e+01 1.219451058283448219e+01 1.885686317086225472e+00
3.510310769081115723e+01 1.506877816095948219e+01 2.539250770211225472e+00
3.511140847206115723e+01 1.506072152033448219e+01 2.704671302437787972e+00
3.310603737831115723e+01 1.222161019220948219e+01 2.509847083687787972e+00
3.514693093299865723e+01 1.506230843439698219e+01 2.873555579781537972e+00
3.233186745643615723e+01 1.164922249689698219e+01 2.565129676461225472e+00
3.235860085487365723e+01 1.199150765314698219e+01 2.597310462594037972e+00
3.518233132362365723e+01 1.506401741877198219e+01 3.041997352242475472e+00
3.233101296424865723e+01 1.163823616877198219e+01 2.713872352242475472e+00
3.235774636268615723e+01 1.198064339533448219e+01 2.746663489937787972e+00
3.233015847206115723e+01 1.162737191095948219e+01 2.861897864937787972e+00
3.235689187049865723e+01 1.196977913752198219e+01 2.895299354195600472e+00
3.232930397987365723e+01 1.161638558283448219e+01 3.010793128609662972e+00
3.235603737831115723e+01 1.195879280939698219e+01 3.044820228219037972e+00
6.166194558143615723e+01 2.620806038752198219e+01 4.436650672554975472e+00
6.129866433143615723e+01 2.678032601252198219e+01 4.469426551461225472e+00
5.347505593299865723e+01 2.434880745783448219e+01 3.926579871773725472e+00
3.563264870643615723e+01 1.508403695002198219e+01 2.551442542672162972e+00
3.598238015174865723e+01 1.561577523127198219e+01 2.614858070015912972e+00
3.567439675331115723e+01 1.508599007502198219e+01 2.732518592476850472e+00
3.598396706581115723e+01 1.560393441095948219e+01 2.794072547554975472e+00
3.598543190956115723e+01 1.559209359064698219e+01 2.973424354195600472e+00
3.598701882362365723e+01 1.558013070002198219e+01 3.153829017281537972e+00
5.240730690956115723e+01 2.495952523127198219e+01 2.994695106148725472e+00
5.314436745643615723e+01 2.590837777033448219e+01 3.090627112984662972e+00
5.813411355018615723e+01 2.326567757502198219e+01 3.301961341500287972e+00
5.785371804237365723e+01 2.382988655939698219e+01 3.340093055367475472e+00
5.780562233924865723e+01 2.447966683283448219e+01 3.392659583687787972e+00
5.330501198768615723e+01 2.342217171564698219e+01 3.163075843453412972e+00
5.317219948768615723e+01 2.399578011408448219e+01 3.206624427437787972e+00
5.332747292518615723e+01 2.468865120783448219e+01 3.269185462594037972e+00
5.235713601112365723e+01 2.491997445002198219e+01 3.257909217476850472e+00
5.307442116737365723e+01 2.585954964533448219e+01 3.358663001656537972e+00
5.993892312049865723e+01 2.387749398127198219e+01 3.708379188179975472e+00
6.018294167518615723e+01 2.465166390314698219e+01 3.784459510445600472e+00
6.139229226112365723e+01 2.579717171564698219e+01 3.924992957711225472e+00
5.411446022987365723e+01 2.371440804377198219e+01 3.487813392281537972e+00
5.317476296424865723e+01 2.397771370783448219e+01 3.476567664742475472e+00
5.322053933143615723e+01 2.462615120783448219e+01 3.533269324898725472e+00
5.228731179237365723e+01 2.487224495783448219e+01 3.520787635445600472e+00
7.240095925331115723e+01 3.417156136408448219e+01 5.027959266304975472e+00
7.041023659706115723e+01 2.832695687189698219e+01 4.813832679390912972e+00
6.117110085487365723e+01 2.569267952814698219e+01 4.215550819039350472e+00
6.205598855018615723e+01 2.674614632502198219e+01 4.342244544625287972e+00
5.346028542518615723e+01 2.407182991877198219e+01 3.766271033883100472e+00
5.331502175331115723e+01 2.464580452814698219e+01 3.810170570015912972e+00
5.341841530799865723e+01 2.532768929377198219e+01 3.873372474312787972e+00
3.600435280799865723e+01 1.544573128595948219e+01 2.685216346383100472e+00
3.595296120643615723e+01 1.584514534845948219e+01 2.718678870797162972e+00
3.749531960487365723e+01 1.817620003595948219e+01 3.003606238961225472e+00
3.600593972206115723e+01 1.543303597345948219e+01 2.866567054390912972e+00
3.595454812049865723e+01 1.583257210627198219e+01 2.900487342476850472e+00
3.753071999549865723e+01 1.817717659845948219e+01 3.199040809273725472e+00
3.600764870643615723e+01 1.542034066095948219e+01 3.048985877633100472e+00
3.595613503456115723e+01 1.581987679377198219e+01 3.083379188179975472e+00
3.722871804237365723e+01 1.758537972345948219e+01 1.752416053414350472e+00
3.736995339393615723e+01 1.809307015314698219e+01 1.796071448922162972e+00
3.777815651893615723e+01 1.871684945002198219e+01 1.855061927437787972e+00
5.272322487831115723e+01 2.555217659845948219e+01 2.739354529976850472e+00
5.483577370643615723e+01 2.712358773127198219e+01 2.912572303414350472e+00
5.443037819862365723e+01 2.761504280939698219e+01 2.941014686226850472e+00
5.445088601112365723e+01 2.302861702814698219e+01 2.853154578804975472e+00
5.339278054237365723e+01 2.326396859064698219e+01 2.843770423531537972e+00
5.273421120643615723e+01 2.363664925470948219e+01 2.856358924508100472e+00
5.217879128456115723e+01 2.404302132502198219e+01 2.874471107125287972e+00
5.228963112831115723e+01 2.471562874689698219e+01 2.932240882515912972e+00
5.201533913612365723e+01 2.523174202814698219e+01 2.966878333687787972e+00
5.668074440956115723e+01 2.791191780939698219e+01 3.311040320992475472e+00
5.674495339393615723e+01 2.863677132502198219e+01 3.371800819039350472e+00
5.765279030799865723e+01 2.418718636408448219e+01 3.325414100289350472e+00
5.403267312049865723e+01 2.348723519220948219e+01 3.155568519234662972e+00
5.282210183143615723e+01 2.365190804377198219e+01 3.131413856148725472e+00
5.307735085487365723e+01 2.438567269220948219e+01 3.200459876656537972e+00
5.218098855018615723e+01 2.465178597345948219e+01 3.194569984078412972e+00
5.805342507362365723e+01 2.778349984064698219e+01 3.638753333687787972e+00
5.822798562049865723e+01 2.856865609064698219e+01 3.709554114937787972e+00
6.020674538612365723e+01 2.510515511408448219e+01 3.787434974312787972e+00
5.405171608924865723e+01 2.347490609064698219e+01 3.430257239937787972e+00
5.375423073768615723e+01 2.399675667658448219e+01 3.464040198922162972e+00
3.777583718299865723e+01 1.821526253595948219e+01 2.405171790719037972e+00
5.280672097206115723e+01 2.489177620783448219e+01 3.506429114937787972e+00
7.218989968299865723e+01 3.377556527033448219e+01 4.949834266304975472e+00
7.181831765174865723e+01 3.448955452814698219e+01 4.997319617867475472e+00
3.962923073768615723e+01 2.090984261408448219e+01 2.699986854195600472e+00
6.226070046424865723e+01 2.583769905939698219e+01 4.237157264351850472e+00
6.153279519081115723e+01 2.628801644220948219e+01 4.247243323922162972e+00
5.357625222206115723e+01 2.390764534845948219e+01 3.725682654976850472e+00
3.776900124549865723e+01 1.819853890314698219e+01 2.601170936226850472e+00
5.344185280799865723e+01 2.513518441095948219e+01 3.826802650094037972e+00
3.963801980018615723e+01 2.089958870783448219e+01 2.908742347359662972e+00
6.209663796424865723e+01 2.647893441095948219e+01 4.603093543648725472e+00
3.777022194862365723e+01 1.818523323908448219e+01 2.796788612008100472e+00
3.964680886268615723e+01 2.088933480158448219e+01 3.118825355172162972e+00
3.777730202674865723e+01 1.817436898127198219e+01 2.993016639351850472e+00
6.609199929237365723e+01 3.186894905939698219e+01 6.284764686226850472e+00
6.618013405799865723e+01 3.271709359064698219e+01 6.369359412789350472e+00
6.597725319862365723e+01 3.179534066095948219e+01 6.615300574898725472e+00
6.670308327674865723e+01 3.292729866877198219e+01 6.767934241890912972e+00
6.561922097206115723e+01 3.241960823908448219e+01 6.994985023140912972e+00
6.622420144081115723e+01 3.185576546564698219e+01 7.323537269234662972e+00
6.687825417518615723e+01 3.295830452814698219e+01 7.480336585640912972e+00
6.772017312049865723e+01 3.331023323908448219e+01 7.927068153023725472e+00
6.672969460487365723e+01 3.284465706720948219e+01 8.156789222359662972e+00
5.916853737831115723e+01 3.032524788752198219e+01 3.841100135445600472e+00
6.259932351112365723e+01 3.267949593439698219e+01 4.142644324898725472e+00
5.287996315956115723e+01 2.354143441095948219e+01 3.356755653023725472e+00
3.779353737831115723e+01 1.816728890314698219e+01 2.368611732125287972e+00
5.263570046424865723e+01 2.471343148127198219e+01 3.448613563179975472e+00
7.161397194862365723e+01 3.335674202814698219e+01 4.851293006539350472e+00
7.190449929237365723e+01 3.435320198908448219e+01 4.945805945992475472e+00
3.965596413612365723e+01 2.087834847345948219e+01 2.664769569039350472e+00
6.135274147987365723e+01 2.679570687189698219e+01 4.247884193062787972e+00
5.278096413612365723e+01 2.411614144220948219e+01 3.676595130562787972e+00
5.336336159706115723e+01 2.499236214533448219e+01 3.775350013375287972e+00
7.228902077674865723e+01 3.449407112970948219e+01 5.346303382515912972e+00
3.966487526893615723e+01 2.086797249689698219e+01 2.876012244820600472e+00
6.883382058143615723e+01 3.469890511408448219e+01 5.226964393258100472e+00
6.216792702674865723e+01 2.708806527033448219e+01 4.624211707711225472e+00
5.281209206581115723e+01 2.410930550470948219e+01 3.950887122750287972e+00
3.967378640174865723e+01 2.085747445002198219e+01 3.087453284859662972e+00
6.878609108924865723e+01 3.465276253595948219e+01 5.581761756539350472e+00
6.608028054237365723e+01 3.424431527033448219e+01 5.426976600289350472e+00
6.542183327674865723e+01 3.391252816095948219e+01 5.715962806344037972e+00
6.870552468299865723e+01 3.371294320002198219e+01 6.215245643258100472e+00
6.805525612831115723e+01 3.427080452814698219e+01 6.232411780953412972e+00
6.800008034706115723e+01 3.509587777033448219e+01 6.305318275094037972e+00
6.651118874549865723e+01 3.271550667658448219e+01 6.356831946969037972e+00
6.815510964393615723e+01 3.429204476252198219e+01 6.599599280953412972e+00
6.461555886268615723e+01 3.348918831720948219e+01 6.323766151070600472e+00
6.579439187049865723e+01 3.237407601252198219e+01 6.630879798531537972e+00
6.507844948768615723e+01 3.286760628595948219e+01 6.634419837594037972e+00
6.580025124549865723e+01 3.401995003595948219e+01 6.788487830758100472e+00
6.621529030799865723e+01 3.172234261408448219e+01 6.939885535836225472e+00
6.568806862831115723e+01 3.230351937189698219e+01 6.962117591500287972e+00
6.598213601112365723e+01 3.325542366877198219e+01 7.073995032906537972e+00
6.557613015174865723e+01 3.389189827814698219e+01 7.111363807320600472e+00
6.588899636268615723e+01 3.236882698908448219e+01 7.329106727242475472e+00
6.516011452674865723e+01 3.285832894220948219e+01 7.327046790719037972e+00
6.498872780799865723e+01 3.359453499689698219e+01 7.388204017281537972e+00
6.672285866737365723e+01 3.271404183283448219e+01 7.771382728219037972e+00
6.437312722206115723e+01 3.247771370783448219e+01 7.574284949898725472e+00
6.505220437049865723e+01 3.360100472345948219e+01 7.739720740914350472e+00
6.686726784706115723e+01 3.275395882502198219e+01 8.138997474312787972e+00
6.504060769081115723e+01 3.275762093439698219e+01 7.996892371773725472e+00
6.569087624549865723e+01 3.219573128595948219e+01 6.812444129586225472e+00
6.597774147987365723e+01 3.314470589533448219e+01 6.923665443062787972e+00
6.454756569862365723e+01 3.331194222345948219e+01 6.850392737984662972e+00
6.594270730018615723e+01 3.479924691095948219e+01 7.084035316109662972e+00
1.992073464393615723e+01 1.317790902033448219e+01 2.073445716500287972e+00
6.591060280799865723e+01 3.226787484064698219e+01 7.183019080758100472e+00
6.519649147987365723e+01 3.276787484064698219e+01 7.185262122750287972e+00
6.534651589393615723e+01 3.365849984064698219e+01 7.284520545601850472e+00
6.575252175331115723e+01 3.468474495783448219e+01 7.414525428414350472e+00
1.934529519081115723e+01 1.288933480158448219e+01 2.123036780953412972e+00
6.608662819862365723e+01 3.232097542658448219e+01 7.549046912789350472e+00
6.516621804237365723e+01 3.273039925470948219e+01 7.525304237008100472e+00
6.494038796424865723e+01 3.344646370783448219e+01 7.582326331734662972e+00
6.556990456581115723e+01 3.457402718439698219e+01 7.742253699898725472e+00
1.892427468299865723e+01 1.267632210627198219e+01 2.186040320992475472e+00
6.437642312049865723e+01 3.235051644220948219e+01 7.774114051461225472e+00
6.478474831581115723e+01 3.335063851252198219e+01 7.908940711617475472e+00
1.946333718299865723e+01 1.265788948908448219e+01 2.336827674508100472e+00
1.893574929237365723e+01 1.267436898127198219e+01 2.298726478219037972e+00
6.636507058143615723e+01 3.322209847345948219e+01 8.367131629586225472e+00
6.476655983924865723e+01 3.331853402033448219e+01 8.249974647164350472e+00
1.948286843299865723e+01 1.265923226252198219e+01 2.453511634469037972e+00
1.894722390174865723e+01 1.267241585627198219e+01 2.412190833687787972e+00
1.950459694862365723e+01 1.266179573908448219e+01 2.570119300484662972e+00
1.936738991737365723e+01 1.286907112970948219e+01 2.581578651070600472e+00
6.626582741737365723e+01 3.317327034845948219e+01 7.268437781929975472e+00
6.540974831581115723e+01 3.361980355158448219e+01 7.257359901070600472e+00
6.488582253456115723e+01 3.420769417658448219e+01 7.282506385445600472e+00
1.972456765174865723e+01 1.313640511408448219e+01 2.168675819039350472e+00
1.850276589393615723e+01 1.281462777033448219e+01 2.055531898140912972e+00
1.850142312049865723e+01 1.308647835627198219e+01 2.083028236031537972e+00
6.610823464393615723e+01 3.224932015314698219e+01 7.515355506539350472e+00
6.624776101112365723e+01 3.314018929377198219e+01 7.617329993844037972e+00
6.499019265174865723e+01 3.340215218439698219e+01 7.556310096383100472e+00
6.532014870643615723e+01 3.438860237970948219e+01 7.681523719429975472e+00
1.891231179237365723e+01 1.273454964533448219e+01 2.188741126656537972e+00
1.846236062049865723e+01 1.278679573908448219e+01 2.162618079781537972e+00
1.837825417518615723e+01 1.301592171564698219e+01 2.181035438179975472e+00
6.631734108924865723e+01 3.314629280939698219e+01 7.978734412789350472e+00
6.479048562049865723e+01 3.328581917658448219e+01 7.880010047554975472e+00
1.944636940956115723e+01 1.270622933283448219e+01 2.340489783883100472e+00
1.892403054237365723e+01 1.273235237970948219e+01 2.304448524117475472e+00
1.883443093299865723e+01 1.296391976252198219e+01 2.322209754586225472e+00
1.779707741737365723e+01 1.271221077814698219e+01 2.218602576851850472e+00
6.444160866737365723e+01 3.228203499689698219e+01 8.092870154976850472e+00
6.471883034706115723e+01 3.322844612970948219e+01 8.216344276070600472e+00
1.946614480018615723e+01 1.270757210627198219e+01 2.458913245797162972e+00
1.933687233924865723e+01 1.292424691095948219e+01 2.472035804390912972e+00
1.878657937049865723e+01 1.293230355158448219e+01 2.430333533883100472e+00
1.778963112831115723e+01 1.270098030939698219e+01 2.327184119820600472e+00
1.970772194862365723e+01 1.253362191095948219e+01 2.577351966500287972e+00
1.948811745643615723e+01 1.270964730158448219e+01 2.578465858101850472e+00
1.851570534706115723e+01 1.251897347345948219e+01 2.477162757515912972e+00
1.898811745643615723e+01 1.302446663752198219e+01 2.571568885445600472e+00
1.778206276893615723e+01 1.268962777033448219e+01 2.435735145211225472e+00
1.840462136268615723e+01 1.312248909845948219e+01 2.164586463570600472e+00
1.770393776893615723e+01 1.303862679377198219e+01 2.107808509469037972e+00
1.745503640174865723e+01 1.317974007502198219e+01 2.105855384469037972e+00
6.512984108924865723e+01 3.261223519220948219e+01 7.734471717476850472e+00
6.482564187049865723e+01 3.330156624689698219e+01 7.784749427437787972e+00
1.941988015174865723e+01 1.276775277033448219e+01 2.317326942086225472e+00
1.927669167518615723e+01 1.298393929377198219e+01 2.329610267281537972e+00
1.883259987831115723e+01 1.304936898127198219e+01 2.304128089547162972e+00
1.777742409706115723e+01 1.279619515314698219e+01 2.200612464547162972e+00
1.768770241737365723e+01 1.302263558283448219e+01 2.217885413765912972e+00
1.746199440956115723e+01 1.317607796564698219e+01 2.217564979195600472e+00
6.497493386268615723e+01 3.251848519220948219e+01 8.064580360054975472e+00
6.476375222206115723e+01 3.324858773127198219e+01 8.126576820015912972e+00
1.924470925331115723e+01 1.267717659845948219e+01 2.413106361031537972e+00
1.931087136268615723e+01 1.299224007502198219e+01 2.451985755562787972e+00
1.842329812049865723e+01 1.283879769220948219e+01 2.367146888375287972e+00
1.835359597206115723e+01 1.308098519220948219e+01 2.387746253609662972e+00
1.779426980018615723e+01 1.307048714533448219e+01 2.344151893258100472e+00
1.740181374549865723e+01 1.313652718439698219e+01 2.320989051461225472e+00
1.966255593299865723e+01 1.258074105158448219e+01 2.555303016304975472e+00
1.849946999549865723e+01 1.259282601252198219e+01 2.462148109078412972e+00
1.844429421424865723e+01 1.284123909845948219e+01 2.484822669625287972e+00
1.727779030799865723e+01 1.252764046564698219e+01 2.355809608101850472e+00
1.748567605018615723e+01 1.290251839533448219e+01 2.413670936226850472e+00
1.737691140174865723e+01 1.311577523127198219e+01 2.428716102242475472e+00
1.830855202674865723e+01 1.287956917658448219e+01 2.232060828804975472e+00
1.773616433143615723e+01 1.287224495783448219e+01 2.190633216500287972e+00
1.766536355018615723e+01 1.311321175470948219e+01 2.211247840523725472e+00
1.738911843299865723e+01 1.324565804377198219e+01 2.205724158883100472e+00
1.730989480018615723e+01 1.348247445002198219e+01 2.225301185250287972e+00
1.786140847206115723e+01 1.407134163752198219e+01 2.327153602242475472e+00
1.941426491737365723e+01 1.283513558283448219e+01 2.427846351265912972e+00
1.881966042518615723e+01 1.283855355158448219e+01 2.383519569039350472e+00
1.838570046424865723e+01 1.290947640314698219e+01 2.357976356148725472e+00
1.733882546424865723e+01 1.266313851252198219e+01 2.252553382515912972e+00
1.764900612831115723e+01 1.309685433283448219e+01 2.322942176461225472e+00
1.733040261268615723e+01 1.320671761408448219e+01 2.310948768258100472e+00
1.755965065956115723e+01 1.361089241877198219e+01 2.372670570015912972e+00
1.725130105018615723e+01 1.372307503595948219e+01 2.361668983101850472e+00
1.935445046424865723e+01 1.279851448908448219e+01 2.541112342476850472e+00
1.848640847206115723e+01 1.266985237970948219e+01 2.457372108101850472e+00
1.840718483924865723e+01 1.291191780939698219e+01 2.477895179390912972e+00
1.735030007362365723e+01 1.266118538752198219e+01 2.366322913765912972e+00
1.756221413612365723e+01 1.304387581720948219e+01 2.425511756539350472e+00
1.744697976112365723e+01 1.326091683283448219e+01 2.440419593453412972e+00
1.765010476112365723e+01 1.365239632502198219e+01 2.499867835640912972e+00
1.724678444862365723e+01 1.371282112970948219e+01 2.475194373726850472e+00
1.718159890174865723e+01 1.438689339533448219e+01 2.345479407906537972e+00
1.779072976112365723e+01 1.269927132502198219e+01 2.319020667672162972e+00
1.770503640174865723e+01 1.293694222345948219e+01 2.339436927437787972e+00
1.718013405799865723e+01 1.294780648127198219e+01 2.301350989937787972e+00
1.721712136268615723e+01 1.324785530939698219e+01 2.337834754586225472e+00
1.753108620643615723e+01 1.370159066095948219e+01 2.412022987008100472e+00
1.735896706581115723e+01 1.389580452814698219e+01 2.421193519234662972e+00
1.724153542518615723e+01 1.412078011408448219e+01 2.438481727242475472e+00
1.712508034706115723e+01 1.434563362970948219e+01 2.455190101265912972e+00
1.778279519081115723e+01 1.268669808283448219e+01 2.434285560250287972e+00
1.742158913612365723e+01 1.278520882502198219e+01 2.416844764351850472e+00
1.741243386268615723e+01 1.305986702814698219e+01 2.447652259469037972e+00
1.728059792518615723e+01 1.327312386408448219e+01 2.461873450875287972e+00
1.746199440956115723e+01 1.365557015314698219e+01 2.519872108101850472e+00
1.735322976112365723e+01 1.388420784845948219e+01 2.537648597359662972e+00
1.731758522987365723e+01 1.415593636408448219e+01 2.566060462594037972e+00
1.713789772987365723e+01 1.434477913752198219e+01 2.574391761422162972e+00
1.807210183143615723e+01 1.536736214533448219e+01 2.273961463570600472e+00
1.874446511268615723e+01 1.609612191095948219e+01 2.393147864937787972e+00
1.780574440956115723e+01 1.338738167658448219e+01 2.164250770211225472e+00
1.728755593299865723e+01 1.340508187189698219e+01 2.132527747750287972e+00
1.734907937049865723e+01 1.372832405939698219e+01 2.172261634469037972e+00
1.759004616737365723e+01 1.415752327814698219e+01 2.235158362984662972e+00
1.756428933143615723e+01 1.444316780939698219e+01 2.265157142281537972e+00
1.762642312049865723e+01 1.478301155939698219e+01 2.306767860054975472e+00
1.800886940956115723e+01 1.532048714533448219e+01 2.390675941109662972e+00
1.820918679237365723e+01 1.575957405939698219e+01 2.452763953804975472e+00
1.740779519081115723e+01 1.317192757502198219e+01 2.233281531929975472e+00
1.731685280799865723e+01 1.341167366877198219e+01 2.254231849312787972e+00
1.786873269081115723e+01 1.400212777033448219e+01 2.358403602242475472e+00
1.749751687049865723e+01 1.409685433283448219e+01 2.343968787789350472e+00
1.709932351112365723e+01 1.416899788752198219e+01 2.325124183297162972e+00
1.868233132362365723e+01 1.539031136408448219e+01 2.570561805367475472e+00
1.815340065956115723e+01 1.539763558283448219e+01 2.535527625679975472e+00
1.874922585487365723e+01 1.608025277033448219e+01 2.653127112984662972e+00
1.738167214393615723e+01 1.314946663752198219e+01 2.347783485054975472e+00
1.961702370643615723e+01 1.462370980158448219e+01 2.678532996773725472e+00
1.777510476112365723e+01 1.394206917658448219e+01 2.466893592476850472e+00
1.733650612831115723e+01 1.399834359064698219e+01 2.441884437203412972e+00
1.718965554237365723e+01 1.421172249689698219e+01 2.455968299508100472e+00
1.698091530799865723e+01 1.438860237970948219e+01 2.461385169625287972e+00
1.811641335487365723e+01 1.536638558283448219e+01 2.656468787789350472e+00
1.875166726112365723e+01 1.607231820002198219e+01 2.783574500679975472e+00
1.758565163612365723e+01 1.324614632502198219e+01 2.493581214547162972e+00
1.717891335487365723e+01 1.332073128595948219e+01 2.470860877633100472e+00
1.723079323768615723e+01 1.363725960627198219e+01 2.512059608101850472e+00
1.742879128456115723e+01 1.404082405939698219e+01 2.574605384469037972e+00
1.720906472206115723e+01 1.421391976252198219e+01 2.578313270211225472e+00
1.691585183143615723e+01 1.434184945002198219e+01 2.571126380562787972e+00
1.932320046424865723e+01 1.607695687189698219e+01 2.958074012398725472e+00
1.872053933143615723e+01 1.617851937189698219e+01 2.488561072945600472e+00
1.864302468299865723e+01 1.646794808283448219e+01 2.515767493844037972e+00
1.299946999549865723e+01 1.320842659845948219e+01 1.807179847359662972e+00
1.727132058143615723e+01 1.375627816095948219e+01 2.253117957711225472e+00
1.775374245643615723e+01 1.432292855158448219e+01 2.348866859078412972e+00
1.726460671424865723e+01 1.435283577814698219e+01 2.320058265328412972e+00
1.758797097206115723e+01 1.484770882502198219e+01 2.397237220406537972e+00
1.851057839393615723e+01 1.571099007502198219e+01 2.555455604195600472e+00
1.872273659706115723e+01 1.617021859064698219e+01 2.621297279000287972e+00
1.864522194862365723e+01 1.645976937189698219e+01 2.648885169625287972e+00
1.301607155799865723e+01 1.321172249689698219e+01 1.911549964547162972e+00
1.726509499549865723e+01 1.374370491877198219e+01 2.373219886422162972e+00
1.727009987831115723e+01 1.404485237970948219e+01 2.408315101265912972e+00
1.728328347206115723e+01 1.435442269220948219e+01 2.444280067086225472e+00
1.871553444862365723e+01 1.549480355158448219e+01 2.675771155953412972e+00
1.801912331581115723e+01 1.540874398127198219e+01 2.617238441109662972e+00
1.872505593299865723e+01 1.616191780939698219e+01 2.753392615914350472e+00
1.864741921424865723e+01 1.645159066095948219e+01 2.782079139351850472e+00
1.303279519081115723e+01 1.321501839533448219e+01 2.016698279976850472e+00
1.725886940956115723e+01 1.373125374689698219e+01 2.493306556344037972e+00
1.736348366737365723e+01 1.408769905939698219e+01 2.542348304390912972e+00
1.731978249549865723e+01 1.436601937189698219e+01 2.571904578804975472e+00
1.833858132362365723e+01 1.526592171564698219e+01 2.753041663765912972e+00
1.916414284706115723e+01 1.608086312189698219e+01 2.909947791695600472e+00
1.872725319862365723e+01 1.615361702814698219e+01 2.886266151070600472e+00
1.304964089393615723e+01 1.321831429377198219e+01 2.122090736031537972e+00
1.158955788612365723e+01 1.293157112970948219e+01 1.567250648140912972e+00
1.721992897987365723e+01 1.440886605158448219e+01 2.167424598336225472e+00
1.831575417518615723e+01 1.535649788752198219e+01 2.337727943062787972e+00
1.833882546424865723e+01 1.569927132502198219e+01 2.377293983101850472e+00
1.870051980018615723e+01 1.625383675470948219e+01 2.460668006539350472e+00
1.862178444862365723e+01 1.654753792658448219e+01 2.488683143258100472e+00
1.275459694862365723e+01 1.316008675470948219e+01 1.761144080758100472e+00
1.216438698768615723e+01 1.304436409845948219e+01 1.713002601265912972e+00
1.160481667518615723e+01 1.293450081720948219e+01 1.667912879586225472e+00
1.871980690956115723e+01 1.525102913752198219e+01 2.483586707711225472e+00
1.899116921424865723e+01 1.573906624689698219e+01 2.556432166695600472e+00
1.879219460487365723e+01 1.595891487970948219e+01 2.568791785836225472e+00
1.870271706581115723e+01 1.624529183283448219e+01 2.595723548531537972e+00
1.862410378456115723e+01 1.653899300470948219e+01 2.624150672554975472e+00
1.277193093299865723e+01 1.316350472345948219e+01 1.867314735054975472e+00
1.218062233924865723e+01 1.304753792658448219e+01 1.816457191109662972e+00
1.162007546424865723e+01 1.293755257502198219e+01 1.768254676461225472e+00
1.716157937049865723e+01 1.435698616877198219e+01 2.407781043648725472e+00
1.831746315956115723e+01 1.533782112970948219e+01 2.600057044625287972e+00
1.876997780799865723e+01 1.593572152033448219e+01 2.699498572945600472e+00
1.870503640174865723e+01 1.623674691095948219e+01 2.730138221383100472e+00
1.862630105018615723e+01 1.653044808283448219e+01 2.758992591500287972e+00
1.278926491737365723e+01 1.316692269220948219e+01 1.973149695992475472e+00
1.219685769081115723e+01 1.305071175470948219e+01 1.920140662789350472e+00
1.163533425331115723e+01 1.294048226252198219e+01 1.869359412789350472e+00
1.711653542518615723e+01 1.432195198908448219e+01 2.525685706734662972e+00
1.826558327674865723e+01 1.529778206720948219e+01 2.723195472359662972e+00
1.883613991737365723e+01 1.596489632502198219e+01 2.843282142281537972e+00
1.870735573768615723e+01 1.622807991877198219e+01 2.865346351265912972e+00
1.863167214393615723e+01 1.652373421564698219e+01 2.895055213570600472e+00
1.280672097206115723e+01 1.317034066095948219e+01 2.079793372750287972e+00
1.221309304237365723e+01 1.305388558283448219e+01 2.023488441109662972e+00
1.165071511268615723e+01 1.294353402033448219e+01 1.970662513375287972e+00
1.868550515174865723e+01 1.630998909845948219e+01 2.416524329781537972e+00
1.319649147987365723e+01 1.325176155939698219e+01 1.760655799508100472e+00
1.255257058143615723e+01 1.312029183283448219e+01 1.709386268258100472e+00
1.195442605018615723e+01 1.300286019220948219e+01 1.662282386422162972e+00
1.138533425331115723e+01 1.289128792658448219e+01 1.617482581734662972e+00
1.084138894081115723e+01 1.278447640314698219e+01 1.574666419625287972e+00
1.033406472206115723e+01 1.268974984064698219e+01 1.535771766304975472e+00
1.836470437049865723e+01 1.576567757502198219e+01 2.472478309273725472e+00
1.868794655799865723e+01 1.630095589533448219e+01 2.553838172554975472e+00
1.321785378456115723e+01 1.325676644220948219e+01 1.871465125679975472e+00
1.257088112831115723e+01 1.312383187189698219e+01 1.816991248726850472e+00
1.197163796424865723e+01 1.300627816095948219e+01 1.767171302437787972e+00
1.140144753456115723e+01 1.289446175470948219e+01 1.719762244820600472e+00
1.085652565956115723e+01 1.278752816095948219e+01 1.674458900094037972e+00
1.034737038612365723e+01 1.269182503595948219e+01 1.632619300484662972e+00
1.877461647987365723e+01 1.599797737970948219e+01 2.661977210640912972e+00
1.869038796424865723e+01 1.629180062189698219e+01 2.691228309273725472e+00
1.323921608924865723e+01 1.326177132502198219e+01 1.981969276070600472e+00
1.258906960487365723e+01 1.312737191095948219e+01 1.924260535836225472e+00
1.198872780799865723e+01 1.300969612970948219e+01 1.871709266304975472e+00
1.141756081581115723e+01 1.289763558283448219e+01 1.821721473336225472e+00
1.087190651893615723e+01 1.279045784845948219e+01 1.774465003609662972e+00
1.036079812049865723e+01 1.269402230158448219e+01 1.730168738961225472e+00
1.877742409706115723e+01 1.598906624689698219e+01 2.799062171578412972e+00
1.869282937049865723e+01 1.628276741877198219e+01 2.827947059273725472e+00
1.861275124549865723e+01 1.658135140314698219e+01 2.858495154976850472e+00
1.260750222206115723e+01 1.313103402033448219e+01 2.032353797554975472e+00
1.200606179237365723e+01 1.301299202814698219e+01 1.977040687203412972e+00
1.143379616737365723e+01 1.290080941095948219e+01 1.924428382515912972e+00
1.088704323768615723e+01 1.279350960627198219e+01 1.874150672554975472e+00
1.037422585487365723e+01 1.269609749689698219e+01 1.827901282906537972e+00
1.244575905799865723e+01 1.309905159845948219e+01 1.800694862008100472e+00
1.183418679237365723e+01 1.297905648127198219e+01 1.751500526070600472e+00
1.125020241737365723e+01 1.286455452814698219e+01 1.704533973336225472e+00
1.069588112831115723e+01 1.275578987970948219e+01 1.659932532906537972e+00
1.019026589393615723e+01 1.266789925470948219e+01 1.620641151070600472e+00
9.495075464248657227e+00 1.243620980158448219e+01 1.553288856148725472e+00
8.853229761123657227e+00 1.222441780939698219e+01 1.491368690133100472e+00
1.311629128456115723e+01 1.323284066095948219e+01 1.965825477242475472e+00
1.246602272987365723e+01 1.310307991877198219e+01 1.910405555367475472e+00
1.185310769081115723e+01 1.298284066095948219e+01 1.857854285836225472e+00
1.126802468299865723e+01 1.286797249689698219e+01 1.808247962594037972e+00
1.071260476112365723e+01 1.275908577814698219e+01 1.761159339547162972e+00
1.021467995643615723e+01 1.267693245783448219e+01 1.720845618844037972e+00
9.515339136123657227e+00 1.244280159845948219e+01 1.650166907906537972e+00
8.871906518936157227e+00 1.223064339533448219e+01 1.585057654976850472e+00
1.313997292518615723e+01 1.323833382502198219e+01 2.079076209664350472e+00
1.248628640174865723e+01 1.310698616877198219e+01 2.019795814156537972e+00
1.187215065956115723e+01 1.298650277033448219e+01 1.965032020211225472e+00
1.128596901893615723e+01 1.287151253595948219e+01 1.912755408883100472e+00
1.072957253456115723e+01 1.276238167658448219e+01 1.863133826851850472e+00
1.023933815956115723e+01 1.268608773127198219e+01 1.821904578804975472e+00
9.535480737686157227e+00 1.244951546564698219e+01 1.746800819039350472e+00
8.890583276748657227e+00 1.223674691095948219e+01 1.678990760445600472e+00
8.637897729873657227e+00 1.215312874689698219e+01 1.458943763375287972e+00
8.020832300186157227e+00 1.194963753595948219e+01 1.401189246773725472e+00
7.458088159561157227e+00 1.177031624689698219e+01 1.349309363961225472e+00
1.175423073768615723e+01 1.296318734064698219e+01 1.830800452828412972e+00
1.115828347206115723e+01 1.284624398127198219e+01 1.782323279976850472e+00
1.059053444862365723e+01 1.273479378595948219e+01 1.735585609078412972e+00
1.001839089393615723e+01 1.260857308283448219e+01 1.687276282906537972e+00
9.315876245498657227e+00 1.237676155939698219e+01 1.618230262398725472e+00
8.658405542373657227e+00 1.215996468439698219e+01 1.553624549508100472e+00
8.039997339248657227e+00 1.195598519220948219e+01 1.493337073922162972e+00
7.474445581436157227e+00 1.177507698908448219e+01 1.438451209664350472e+00
1.177522683143615723e+01 1.296721566095948219e+01 1.939931312203412972e+00
1.117805886268615723e+01 1.285015023127198219e+01 1.888188758492475472e+00
1.060921120643615723e+01 1.273845589533448219e+01 1.839452186226850472e+00
1.004256081581115723e+01 1.261650765314698219e+01 1.789494910836225472e+00
9.338215112686157227e+00 1.238420784845948219e+01 1.716954627633100472e+00
8.679157495498657227e+00 1.216680062189698219e+01 1.649083533883100472e+00
8.059162378311157227e+00 1.196221077814698219e+01 1.585225501656537972e+00
7.490803003311157227e+00 1.177983773127198219e+01 1.527821937203412972e+00
6.787555932998657227e+00 1.157146370783448219e+01 1.281880775094037972e+00
6.323078393936157227e+00 1.144707405939698219e+01 1.242940345406537972e+00
1.054097390174865723e+01 1.272490609064698219e+01 1.719609656929975472e+00
9.931843042373657227e+00 1.257976448908448219e+01 1.668095985054975472e+00
9.208454370498657227e+00 1.234123909845948219e+01 1.597875037789350472e+00
8.529743432998657227e+00 1.211736214533448219e+01 1.532491126656537972e+00
7.895710229873657227e+00 1.190813362970948219e+01 1.471410194039350472e+00
7.299396753311157227e+00 1.171123421564698219e+01 1.413915076851850472e+00
6.803058862686157227e+00 1.157561409845948219e+01 1.370183387398725472e+00
6.337726831436157227e+00 1.145098030939698219e+01 1.329060950875287972e+00
1.056087136268615723e+01 1.272881234064698219e+01 1.825642982125287972e+00
9.957599878311157227e+00 1.258830941095948219e+01 1.771825233101850472e+00
9.232380151748657227e+00 1.234905159845948219e+01 1.698567786812787972e+00
8.551960229873657227e+00 1.212456429377198219e+01 1.629811683297162972e+00
7.916340112686157227e+00 1.191496956720948219e+01 1.565602698922162972e+00
7.317463159561157227e+00 1.171672737970948219e+01 1.505010047554975472e+00
6.818561792373657227e+00 1.157976448908448219e+01 1.458241859078412972e+00
6.352375268936157227e+00 1.145488655939698219e+01 1.415395179390912972e+00
7.748981714248657227e+00 1.185954964533448219e+01 1.448750892281537972e+00
7.151203393936157227e+00 1.166863167658448219e+01 1.392262855172162972e+00
6.649494409561157227e+00 1.153423226252198219e+01 1.348134437203412972e+00
6.171955347061157227e+00 1.140642464533448219e+01 1.306142249703412972e+00
5.715534448623657227e+00 1.128423226252198219e+01 1.266454139351850472e+00
5.281574487686157227e+00 1.116814339533448219e+01 1.228276649117475472e+00
9.117511987686157227e+00 1.231096566095948219e+01 1.680562415719037972e+00
8.421589136123657227e+00 1.208135140314698219e+01 1.610097327828412972e+00
7.769367456436157227e+00 1.186626351252198219e+01 1.544560828804975472e+00
7.167682886123657227e+00 1.167302620783448219e+01 1.484776893258100472e+00
6.664997339248657227e+00 1.153838265314698219e+01 1.438313880562787972e+00
6.186603784561157227e+00 1.141033089533448219e+01 1.394093909859662972e+00
5.729328393936157227e+00 1.128789437189698219e+01 1.351811805367475472e+00
5.294636011123657227e+00 1.117156136408448219e+01 1.312077918648725472e+00
7.592853784561157227e+00 1.180889046564698219e+01 1.385426917672162972e+00
7.003620386123657227e+00 1.162883675470948219e+01 1.332677283883100472e+00
6.490314722061157227e+00 1.149150765314698219e+01 1.288701453804975472e+00
6.000202417373657227e+00 1.136028206720948219e+01 1.247182288765912972e+00
5.534626245498657227e+00 1.123564827814698219e+01 1.207738319039350472e+00
5.090534448623657227e+00 1.111675179377198219e+01 1.170125404000287972e+00
4.665851831436157227e+00 1.100347054377198219e+01 1.134633460640912972e+00
4.261554956436157227e+00 1.089592659845948219e+01 1.100469031929975472e+00
7.612140893936157227e+00 1.181450570002198219e+01 1.482518592476850472e+00
7.020588159561157227e+00 1.163347542658448219e+01 1.426335731148725472e+00
6.506428003311157227e+00 1.149578011408448219e+01 1.380483070015912972e+00
6.015339136123657227e+00 1.136431038752198219e+01 1.336690345406537972e+00
5.548908472061157227e+00 1.123943245783448219e+01 1.295110145211225472e+00
5.104084253311157227e+00 1.112029183283448219e+01 1.255437293648725472e+00
4.677692651748657227e+00 1.100615609064698219e+01 1.217427650094037972e+00
4.273395776748657227e+00 1.089910042658448219e+01 1.181935706734662972e+00
5.357990503311157227e+00 1.118816292658448219e+01 1.083119788765912972e+00
4.902668237686157227e+00 1.106621468439698219e+01 1.047871986031537972e+00
4.479572534561157227e+00 1.095867073908448219e+01 1.015843787789350472e+00
4.059040307998657227e+00 1.084294808283448219e+01 9.828848034143504719e-01
3.665485620498657227e+00 1.074028695002198219e+01 9.527639538049754719e-01
3.289386987686157227e+00 1.064226448908448219e+01 9.239706188440379719e-01
6.349445581436157227e+00 1.145354378595948219e+01 1.251912513375287972e+00
5.849567651748657227e+00 1.131975472345948219e+01 1.211003699898725472e+00
5.373005151748657227e+00 1.119219124689698219e+01 1.171544471383100472e+00
4.916828393936157227e+00 1.106999886408448219e+01 1.134236732125287972e+00
4.493854761123657227e+00 1.096294320002198219e+01 1.100423255562787972e+00
4.071613550186157227e+00 1.084624398127198219e+01 1.065404334664350472e+00
3.677448511123657227e+00 1.074346077814698219e+01 1.033940711617475472e+00
3.300739526748657227e+00 1.064519417658448219e+01 1.003438392281537972e+00
6.366535425186157227e+00 1.145806038752198219e+01 1.345479407906537972e+00
5.865558862686157227e+00 1.132402718439698219e+01 1.301793494820600472e+00
5.388141870498657227e+00 1.119621956720948219e+01 1.260640540719037972e+00
4.931110620498657227e+00 1.107390511408448219e+01 1.221242347359662972e+00
4.507770776748657227e+00 1.096684945002198219e+01 1.185567298531537972e+00
4.084186792373657227e+00 1.084953987970948219e+01 1.148534217476850472e+00
3.689289331436157227e+00 1.074651253595948219e+01 1.114842811226850472e+00
3.311969995498657227e+00 1.064812386408448219e+01 1.083074012398725472e+00
4.827106714248657227e+00 1.104582894220948219e+01 1.220464149117475472e+00
4.384723901748657227e+00 1.093010628595948219e+01 1.183644691109662972e+00
3.956012964248657227e+00 1.081584847345948219e+01 1.147679725289350472e+00
3.551227807998657227e+00 1.071025765314698219e+01 1.114018836617475472e+00
3.162922143936157227e+00 1.060906136408448219e+01 1.081746497750287972e+00
2.789142847061157227e+00 1.051152718439698219e+01 1.050664344429975472e+00
2.431476831436157227e+00 1.041826546564698219e+01 1.021336951851850472e+00
1.590046167373657227e+00 1.020244515314698219e+01 8.916372448206004719e-01
4.298420190811157227e+00 1.090495980158448219e+01 1.188802161812787972e+00
3.862995386123657227e+00 1.079143441095948219e+01 1.152745643258100472e+00
3.445759057998657227e+00 1.068266976252198219e+01 1.118642249703412972e+00
3.044391870498657227e+00 1.057793343439698219e+01 1.085851112008100472e+00
2.660480737686157227e+00 1.047783577814698219e+01 1.054479041695600472e+00
2.291706323623657227e+00 1.038164437189698219e+01 1.024342933297162972e+00
1.935993432998657227e+00 1.028887093439698219e+01 9.952749401331004719e-01
1.600300073623657227e+00 1.020476448908448219e+01 9.686941295862254719e-01
1.428180932998657227e+00 1.016509163752198219e+01 8.449911266565379719e-01
1.120563745498657227e+00 1.010576546564698219e+01 8.252157360315379719e-01
8.235666751861572266e-01 1.004863655939698219e+01 8.057302623987254719e-01
3.326130151748657227e+00 1.065129769220948219e+01 1.071980872750287972e+00
2.915241479873657227e+00 1.054411995783448219e+01 1.039128699898725472e+00
2.520954370498657227e+00 1.044121468439698219e+01 1.008046546578412972e+00
2.140705347061157227e+00 1.034209359064698219e+01 9.780782848596629719e-01
1.776447534561157227e+00 1.024712288752198219e+01 9.493612438440379719e-01
1.438801050186157227e+00 1.016753304377198219e+01 9.238943248987254719e-01
1.130085229873657227e+00 1.010759652033448219e+01 9.023336559534129719e-01
8.328440189361572266e-01 1.005034554377198219e+01 8.820242077112254719e-01
3.802073001861572266e-01 9.963065270334482193e+00 8.575033336877879719e-01
9.285378456115722656e-02 9.907645348459482193e+00 8.384756237268504719e-01
