-5.215331912040710449e-02 -1.112315744161605835e+01 -2.052802001126110554e-01
2.694824337959289551e-02 -1.115367501974105835e+01 -2.010535155422985554e-01
1.067822277545928955e-01 -1.118004220724105835e+01 -1.967963133938610554e-01
1.872265636920928955e-01 -1.120665353536605835e+01 -1.924933348782360554e-01
2.676708996295928955e-01 -1.123338693380355835e+01 -1.881903563626110554e-01
3.489697277545928955e-01 -1.126036447286605835e+01 -1.838568602688610554e-01
4.302685558795928955e-01 -1.128721994161605835e+01 -1.795233641751110554e-01
5.119335949420928955e-01 -1.131004709005355835e+01 -1.751440917141735554e-01
-1.086718738079071045e-01 -1.197337716817855835e+01 -2.084082518704235554e-01
-2.273437380790710449e-02 -1.200938791036605835e+01 -2.041052733547985554e-01
6.369140744209289551e-02 -1.204564279317855835e+01 -1.997717772610485554e-01
1.506054699420928955e-01 -1.208800119161605835e+01 -1.954382811672985554e-01
2.381298840045928955e-01 -1.212474435567855835e+01 -1.910437499172985554e-01
3.267529308795928955e-01 -1.215599435567855835e+01 -1.865576659329235554e-01
4.152539074420928955e-01 -1.219310373067855835e+01 -1.821173583157360554e-01
5.059521496295928955e-01 -1.190587228536605835e+01 -1.606940184719860554e-01
-1.856982409954071045e-01 -1.314036935567855835e+01 -2.201117430813610554e-01
-9.023925662040710449e-02 -1.317747873067855835e+01 -2.150153075344860554e-01
5.830079317092895508e-03 -1.321458810567855835e+01 -2.098730956204235554e-01
1.032421886920928955e-01 -1.324095529317855835e+01 -2.041357909329235554e-01
2.005322277545928955e-01 -1.326744455099105835e+01 -1.983984862454235554e-01
2.986767590045928955e-01 -1.329405587911605835e+01 -1.926154051907360554e-01
3.968212902545928955e-01 -1.332066720724105835e+01 -1.868323241360485554e-01
5.030224621295928955e-01 -1.181517404317855835e+01 -1.080664549954235554e-01
-2.677294909954071045e-01 -1.437388986349105835e+01 -2.245215331204235554e-01
-1.628710925579071045e-01 -1.442613595724105835e+01 -2.189215575344860554e-01
-5.679199099540710449e-02 -1.447142404317855835e+01 -2.132758055813610554e-01
5.026367306709289551e-02 -1.451720041036605835e+01 -2.075537596829235554e-01
1.575634777545928955e-01 -1.456309884786605835e+01 -2.018164549954235554e-01
2.660839855670928955e-01 -1.460936349630355835e+01 -1.960333739407360554e-01
3.748486340045928955e-01 -1.465587228536605835e+01 -1.902197753079235554e-01
4.999707043170928955e-01 -1.177000802755355835e+01 -5.849064933136105537e-02
-3.696582019329071045e-01 -1.590684884786605835e+01 -2.300452147610485554e-01
-2.522265613079071045e-01 -1.596251291036605835e+01 -2.237738524563610554e-01
-1.339404284954071045e-01 -1.601866525411605835e+01 -2.174567137844860554e-01
-1.443359255790710449e-02 -1.607530587911605835e+01 -2.110785399563610554e-01
1.054394543170928955e-01 -1.613219064474105835e+01 -2.046698485501110554e-01
2.266552746295928955e-01 -1.618968576192855835e+01 -1.982001219876110554e-01
3.483593761920928955e-01 -1.624742501974105835e+01 -1.916998778469860554e-01
4.967968761920928955e-01 -1.173985666036605835e+01 -9.662524331361055374e-03
-1.798388659954071045e-01 -1.287279123067855835e+01 -4.823674308136105537e-02
-2.517578005790710449e-02 -1.180760568380355835e+01 -1.346484292298555374e-03
4.232910275459289551e-02 -1.220592111349105835e+01 -9.845629800111055374e-03
1.288769543170928955e-01 -1.229307931661605835e+01 -6.595507729798555374e-03
2.323925793170928955e-01 -1.186461251974105835e+01 1.510249031707644463e-02
3.189404308795928955e-01 -1.188792794942855835e+01 2.048884285613894463e-02
4.051220715045928955e-01 -1.192992013692855835e+01 2.523432625457644463e-02
4.935009777545928955e-01 -1.172032541036605835e+01 3.828059090301394463e-02
-6.838867068290710449e-02 -1.108653634786605835e+01 6.426630867645144463e-02
1.168945431709289551e-02 -1.109105294942855835e+01 6.983576668426394463e-02
9.188964962959289551e-02 -1.109715646505355835e+01 7.535944832488894463e-02
1.722119152545928955e-01 -1.110680001974105835e+01 8.079157723113894463e-02
2.521679699420928955e-01 -1.112218087911605835e+01 8.602534187957644463e-02
3.324902355670928955e-01 -1.114342111349105835e+01 9.112177742645144463e-02
4.128125011920928955e-01 -1.116978830099105835e+01 9.606562508270144463e-02
4.933789074420928955e-01 -1.121629709005355835e+01 1.004601563327014446e-01
-6.924316287040710449e-02 -1.105003732442855835e+01 1.096917237155139446e-01
1.071289181709289551e-02 -1.105504220724105835e+01 1.152306641452014446e-01
9.054687619209289551e-02 -1.106102365255355835e+01 1.209832276217639446e-01
1.705029308795928955e-01 -1.107139962911605835e+01 1.264000977389514446e-01
2.502148449420928955e-01 -1.108690255880355835e+01 1.316796387545764446e-01
3.301708996295928955e-01 -1.110753244161605835e+01 1.368523682467639446e-01
4.102490246295928955e-01 -1.113475412130355835e+01 1.416283692233264446e-01
4.904492199420928955e-01 -1.118187326192855835e+01 1.461754883639514446e-01
-7.180663943290710449e-02 -1.104222482442855835e+01 1.543236817233264446e-01
8.027344942092895508e-03 -1.104722970724105835e+01 1.598626221530139446e-01
8.786132931709289551e-02 -1.105260080099105835e+01 1.654015625827014446e-01
1.675732433795928955e-01 -1.106798166036605835e+01 1.707421387545764446e-01
2.472851574420928955e-01 -1.108165353536605835e+01 1.761132325045764446e-01
3.272412121295928955e-01 -1.110130685567855835e+01 1.813775147311389446e-01
4.073193371295928955e-01 -1.112059396505355835e+01 1.866723145358264446e-01
4.873974621295928955e-01 -1.116331857442855835e+01 1.914940918795764446e-01
-7.363769412040710449e-02 -1.102476876974105835e+01 1.988183106295764446e-01
5.952149629592895508e-03 -1.103001779317855835e+01 2.043572510592639446e-01
8.554199337959289551e-02 -1.103660959005355835e+01 2.098809326998889446e-01
1.652539074420928955e-01 -1.104784005880355835e+01 2.153435791842639446e-01
2.448437511920928955e-01 -1.106163400411605835e+01 2.207451905123889446e-01
3.245556652545928955e-01 -1.108250802755355835e+01 2.260552491061389446e-01
4.043896496295928955e-01 -1.110765451192855835e+01 2.313042725436389446e-01
4.843457043170928955e-01 -1.115098947286605835e+01 2.363091553561389446e-01
-7.693359255790710449e-02 -1.102611154317855835e+01 2.431145752780139446e-01
2.778321504592895508e-03 -1.103148263692855835e+01 2.486535157077014446e-01
8.236816525459289551e-02 -1.103795236349105835e+01 2.541924561373889446e-01
1.620800793170928955e-01 -1.104979318380355835e+01 2.596856201998889446e-01
2.415478527545928955e-01 -1.106492990255355835e+01 2.651177491061389446e-01
3.213818371295928955e-01 -1.108592599630355835e+01 2.705193604342639446e-01
4.012158215045928955e-01 -1.111082834005355835e+01 2.758751953952014446e-01
4.811718761920928955e-01 -1.114793771505355835e+01 2.811242188327014446e-01
-8.035156130790710449e-02 -1.103197091817855835e+01 2.871209229342639446e-01
-1.372069120407104492e-03 -1.104954904317855835e+01 2.925683106295764446e-01
7.858398556709289551e-02 -1.105211251974105835e+01 2.981682862155139446e-01
1.591503918170928955e-01 -1.104552072286605835e+01 3.038598145358264446e-01
2.386181652545928955e-01 -1.106016916036605835e+01 3.093529785983264446e-01
3.184521496295928955e-01 -1.108043283224105835e+01 3.148461426608264446e-01
3.981640636920928955e-01 -1.110435861349105835e+01 3.203087891452014446e-01
4.781201183795928955e-01 -1.113914865255355835e+01 3.257256592623889446e-01
-8.364745974540710449e-02 -1.103575509786605835e+01 3.314477051608264446e-01
-4.667967557907104492e-03 -1.105223459005355835e+01 3.369561280123889446e-01
7.541015744209289551e-02 -1.105430978536605835e+01 3.423272217623889446e-01
1.560986340045928955e-01 -1.104442209005355835e+01 3.479882325045764446e-01
2.355664074420928955e-01 -1.105968087911605835e+01 3.535271729342639446e-01
3.152783215045928955e-01 -1.107957834005355835e+01 3.590966309420764446e-01
3.949902355670928955e-01 -1.110350412130355835e+01 3.648949707858264446e-01
4.750683605670928955e-01 -1.113805001974105835e+01 3.704491700045764446e-01
-8.694335818290710449e-02 -1.103941720724105835e+01 3.755456055514514446e-01
-7.963865995407104492e-03 -1.105699533224105835e+01 3.811303223483264446e-01
7.248046994209289551e-02 -1.105003732442855835e+01 3.867302979342639446e-01
1.528027355670928955e-01 -1.104942697286605835e+01 3.923302735202014446e-01
2.322705090045928955e-01 -1.106468576192855835e+01 3.979455078952014446e-01
3.121044933795928955e-01 -1.108433908224105835e+01 4.035760010592639446e-01
3.918164074420928955e-01 -1.110802072286605835e+01 4.092370118014514446e-01
4.718945324420928955e-01 -1.114256662130355835e+01 4.149437989108264446e-01
-9.023925662040710449e-02 -1.104246896505355835e+01 4.199181641452014446e-01
-1.052734255790710449e-02 -1.104796212911605835e+01 4.252739991061389446e-01
6.918457150459289551e-02 -1.105467599630355835e+01 4.308892334811389446e-01
1.488964855670928955e-01 -1.106846994161605835e+01 4.365502442233264446e-01
2.284863293170928955e-01 -1.108421701192855835e+01 4.422265137545764446e-01
3.084423840045928955e-01 -1.110362619161605835e+01 4.479638184420764446e-01
3.883984386920928955e-01 -1.112669748067855835e+01 4.537163819186389446e-01
4.685986340045928955e-01 -1.116075509786605835e+01 4.598198975436389446e-01
-9.756347537040710449e-02 -1.110472482442855835e+01 4.645348633639514446e-01
-1.724120974540710449e-02 -1.111034005880355835e+01 4.701958741061389446e-01
6.295898556709289551e-02 -1.111680978536605835e+01 4.758416260592639446e-01
1.432812511920928955e-01 -1.112877267599105835e+01 4.815789307467639446e-01
2.233593761920928955e-01 -1.114305490255355835e+01 4.873314942233264446e-01
3.039257824420928955e-01 -1.116075509786605835e+01 4.931603516452014446e-01
3.842480480670928955e-01 -1.118236154317855835e+01 4.990197266452014446e-01
4.649365246295928955e-01 -1.121348947286605835e+01 5.050164307467639446e-01
-1.012255847454071045e-01 -1.111412423849105835e+01 5.093041504733264446e-01
-2.102538943290710449e-02 -1.112010568380355835e+01 5.147362793795764446e-01
5.929687619209289551e-02 -1.112706369161605835e+01 5.204278076998889446e-01
1.397412121295928955e-01 -1.113951486349105835e+01 5.262108887545764446e-01
2.199414074420928955e-01 -1.115428537130355835e+01 5.320397461764514446e-01
3.005078136920928955e-01 -1.117235177755355835e+01 5.379296387545764446e-01
3.809521496295928955e-01 -1.119420236349105835e+01 5.438958252780139446e-01
4.616406261920928955e-01 -1.122996896505355835e+01 5.503350342623889446e-01
-1.051318347454071045e-01 -1.112584298849105835e+01 5.539513672702014446e-01
-2.480956912040710449e-02 -1.113194650411605835e+01 5.596428955905139446e-01
5.551269650459289551e-02 -1.113902658224105835e+01 5.653649414889514446e-01
1.360791027545928955e-01 -1.115147775411605835e+01 5.712090576998889446e-01
2.164013683795928955e-01 -1.116612619161605835e+01 5.770836914889514446e-01
2.969677746295928955e-01 -1.118394845724105835e+01 5.830498780123889446e-01
3.775341808795928955e-01 -1.120677560567855835e+01 5.891228760592639446e-01
4.581005871295928955e-01 -1.125853341817855835e+01 5.958214844577014446e-01
-1.094042956829071045e-01 -1.114183419942855835e+01 5.990410889498889446e-01
-2.883788943290710449e-02 -1.114805978536605835e+01 6.047631348483264446e-01
5.160644650459289551e-02 -1.115526193380355835e+01 6.105004395358264446e-01
1.321728527545928955e-01 -1.116771310567855835e+01 6.161614502780139446e-01
2.126171886920928955e-01 -1.118443673849105835e+01 6.221428955905139446e-01
2.934277355670928955e-01 -1.120238107442855835e+01 6.284295166842639446e-01
3.741162121295928955e-01 -1.122471994161605835e+01 6.345940674655139446e-01
4.549267590045928955e-01 -1.126073068380355835e+01 6.411248291842639446e-01
-1.129443347454071045e-01 -1.114891427755355835e+01 6.440239991061389446e-01
-3.237792849540710449e-02 -1.115501779317855835e+01 6.495171631686389446e-01
4.818847775459289551e-02 -1.116197580099105835e+01 6.552849854342639446e-01
1.287548840045928955e-01 -1.117528146505355835e+01 6.612511719577014446e-01
2.091992199420928955e-01 -1.119139474630355835e+01 6.672783936373889446e-01
2.896435558795928955e-01 -1.122252267599105835e+01 6.737938965670764446e-01
3.702099621295928955e-01 -1.125926584005355835e+01 6.804772461764514446e-01
4.512646496295928955e-01 -1.130406564474105835e+01 6.876793946139514446e-01
5.122998058795928955e-01 -1.130968087911605835e+01 -1.751135741360485554e-01
5.943310558795928955e-01 -1.133751291036605835e+01 -1.707343016751110554e-01
6.769726574420928955e-01 -1.136107248067855835e+01 -1.663245116360485554e-01
7.602246105670928955e-01 -1.138377755880355835e+01 -1.618079100735485554e-01
8.432324230670928955e-01 -1.139622873067855835e+01 -1.567267333157360554e-01
9.268505871295928955e-01 -1.140892404317855835e+01 -1.516302977688610554e-01
1.010468751192092896e+00 -1.142149728536605835e+01 -1.465338622219860554e-01
1.094086915254592896e+00 -1.142967599630355835e+01 -1.414221678860485554e-01
5.063183605670928955e-01 -1.190221017599105835e+01 -1.604803954251110554e-01
5.931103527545928955e-01 -1.186876291036605835e+01 -1.526984130032360554e-01
6.799023449420928955e-01 -1.187535470724105835e+01 -1.469916258938610554e-01
7.751171886920928955e-01 -1.228038400411605835e+01 -1.611060057766735554e-01
8.660595715045928955e-01 -1.230894845724105835e+01 -1.562537108547985554e-01
9.576123058795928955e-01 -1.233238595724105835e+01 -1.513556395657360554e-01
1.049653321504592896e+00 -1.236119455099105835e+01 -1.464575682766735554e-01
1.142060548067092896e+00 -1.239024728536605835e+01 -1.415137206204235554e-01
5.033886730670928955e-01 -1.181370919942855835e+01 -1.079749022610485554e-01
5.894482433795928955e-01 -1.179552072286605835e+01 -1.011084471829235554e-01
6.756298840045928955e-01 -1.179906076192855835e+01 -9.526433097198605537e-02
7.942822277545928955e-01 -1.342100900411605835e+01 -1.636542235501110554e-01
8.949902355670928955e-01 -1.346251291036605835e+01 -1.585883055813610554e-01
9.969189465045928955e-01 -1.350450509786605835e+01 -1.534613524563610554e-01
1.099091798067092896e+00 -1.354674142599105835e+01 -1.483191405422985554e-01
1.201508790254592896e+00 -1.357640451192855835e+01 -1.425970946438610554e-01
5.002148449420928955e-01 -1.176866525411605835e+01 -5.841435538604855537e-02
5.860302746295928955e-01 -1.175145334005355835e+01 -5.144108878448605537e-02
6.717236340045928955e-01 -1.175450509786605835e+01 -4.558171378448605537e-02
8.179638683795928955e-01 -1.483104318380355835e+01 -1.665533934719860554e-01
9.303906261920928955e-01 -1.487437814474105835e+01 -1.605414305813610554e-01
1.044038087129592896e+00 -1.491820138692855835e+01 -1.544684325344860554e-01
1.158173829317092896e+00 -1.496214669942855835e+01 -1.483801756985485554e-01
1.272553712129592896e+00 -1.499840158224105835e+01 -1.422614012844860554e-01
4.970410168170928955e-01 -1.173875802755355835e+01 -9.601489175111055374e-03
5.826123058795928955e-01 -1.172301095724105835e+01 -3.024951089173555374e-03
6.680615246295928955e-01 -1.172594064474105835e+01 2.849682699888944626e-03
8.476269543170928955e-01 -1.659593576192855835e+01 -1.698645506985485554e-01
9.754345715045928955e-01 -1.666539376974105835e+01 -1.635626708157360554e-01
1.104829102754592896e+00 -1.673570626974105835e+01 -1.571844969876110554e-01
1.235200196504592896e+00 -1.680650705099105835e+01 -1.507605467922985554e-01
1.366669923067092896e+00 -1.687791818380355835e+01 -1.442908202297985554e-01
4.938671886920928955e-01 -1.171922677755355835e+01 3.832636727020144463e-02
5.785839855670928955e-01 -1.143797677755355835e+01 5.392084969207644463e-02
6.645214855670928955e-01 -1.170689767599105835e+01 5.094538582488894463e-02
8.849804699420928955e-01 -1.883348459005355835e+01 -1.717871581204235554e-01
1.032319337129592896e+00 -1.894054025411605835e+01 -1.650427733547985554e-01
1.182954102754592896e+00 -1.907445138692855835e+01 -1.589697753079235554e-01
1.335786134004592896e+00 -1.921825021505355835e+01 -1.530646239407360554e-01
1.490327149629592896e+00 -1.934642404317855835e+01 -1.469763671047985554e-01
4.936230480670928955e-01 -1.121666330099105835e+01 1.004601563327014446e-01
5.751660168170928955e-01 -1.134825509786605835e+01 1.023827637545764446e-01
6.598828136920928955e-01 -1.158299630880355835e+01 1.015740479342639446e-01
9.428417980670928955e-01 -2.224779123067855835e+01 -1.859930907376110554e-01
1.120942384004592896e+00 -2.244566720724105835e+01 -1.792181883938610554e-01
1.303071290254592896e+00 -2.264818185567855835e+01 -1.722754393704235554e-01
1.488129884004592896e+00 -2.285387033224105835e+01 -1.652258788235485554e-01
1.678803712129592896e+00 -2.309971994161605835e+01 -1.589392577297985554e-01
4.906933605670928955e-01 -1.118211740255355835e+01 1.461907471530139446e-01
5.718701183795928955e-01 -1.131431955099105835e+01 1.486931885592639446e-01
6.564648449420928955e-01 -1.157225412130355835e+01 1.486321534030139446e-01
1.025727540254592896e+00 -2.714976876974105835e+01 -2.024725829251110554e-01
1.252290040254592896e+00 -2.764744943380355835e+01 -1.986121092922985554e-01
1.499116212129592896e+00 -2.846763986349105835e+01 -2.011298094876110554e-01
1.759370118379592896e+00 -2.929698556661605835e+01 -2.036017333157360554e-01
2.055268555879592896e+00 -3.055211251974105835e+01 -2.132300292141735554e-01
4.876416027545928955e-01 -1.116368478536605835e+01 1.915093506686389446e-01
5.686962902545928955e-01 -1.130919259786605835e+01 1.943474854342639446e-01
6.530468761920928955e-01 -1.155247873067855835e+01 1.955071534030139446e-01
1.195649415254592896e+00 -3.708128732442855835e+01 -2.668951903469860554e-01
1.551728516817092896e+00 -3.938670724630355835e+01 -2.870520506985485554e-01
1.972138673067092896e+00 -4.241026681661605835e+01 -3.167761717922985554e-01
2.600068360567092896e+00 -4.913048166036605835e+01 -4.043768798001110554e-01
3.670502930879592896e+00 -6.231969064474105835e+01 -5.877112303860485554e-01
4.845898449420928955e-01 -1.115172189474105835e+01 2.363091553561389446e-01
5.654003918170928955e-01 -1.130711740255355835e+01 2.396660889498889446e-01
6.496289074420928955e-01 -1.154027169942855835e+01 2.420922364108264446e-01
1.751557618379592896e+00 -6.926243966817855835e+01 -5.468634520657360554e-01
2.541596680879592896e+00 -7.805235666036605835e+01 -6.231879149563610554e-01
4.815380871295928955e-01 -1.114830392599105835e+01 2.811394776217639446e-01
5.622265636920928955e-01 -1.126817697286605835e+01 2.855950440280139446e-01
6.462109386920928955e-01 -1.152171701192855835e+01 2.888756836764514446e-01
4.784863293170928955e-01 -1.113951486349105835e+01 3.257409180514514446e-01
5.590527355670928955e-01 -1.124327462911605835e+01 3.308220948092639446e-01
6.429150402545928955e-01 -1.152025216817855835e+01 3.351403321139514446e-01
4.753125011920928955e-01 -1.113841623067855835e+01 3.704644287936389446e-01
5.558789074420928955e-01 -1.123424142599105835e+01 3.760491455905139446e-01
6.396191418170928955e-01 -1.152403634786605835e+01 3.813897217623889446e-01
4.721386730670928955e-01 -1.114293283224105835e+01 4.149590576998889446e-01
5.527050793170928955e-01 -1.123155587911605835e+01 4.209710205905139446e-01
6.364453136920928955e-01 -1.153721994161605835e+01 4.279442871920764446e-01
4.688427746295928955e-01 -1.116112130880355835e+01 4.598351563327014446e-01
5.495312511920928955e-01 -1.125267404317855835e+01 4.660454834811389446e-01
6.333935558795928955e-01 -1.155955880880355835e+01 4.744530762545764446e-01
4.651806652545928955e-01 -1.121373361349105835e+01 5.050316895358264446e-01
5.462353527545928955e-01 -1.130296701192855835e+01 5.119286621920764446e-01
6.307080090045928955e-01 -1.164244455099105835e+01 5.221978272311389446e-01
4.618847668170928955e-01 -1.123021310567855835e+01 5.503655518405139446e-01
5.430615246295928955e-01 -1.132640451192855835e+01 5.575524414889514446e-01
6.280224621295928955e-01 -1.173460763692855835e+01 5.706139649264514446e-01
4.584667980670928955e-01 -1.125853341817855835e+01 5.958367432467639446e-01
5.397656261920928955e-01 -1.135460275411605835e+01 6.037255371920764446e-01
4.551708996295928955e-01 -1.126109689474105835e+01 6.411553467623889446e-01
5.364697277545928955e-01 -1.138878244161605835e+01 6.503258789889514446e-01
4.516308605670928955e-01 -1.130406564474105835e+01 6.877099121920764446e-01
5.331738293170928955e-01 -1.143748849630355835e+01 6.974297608248889446e-01
6.305859386920928955e-01 -1.379442209005355835e+01 7.775384034030139446e-01
1.094331055879592896e+00 -1.143040841817855835e+01 -1.414374266751110554e-01
1.178437501192092896e+00 -1.144371408224105835e+01 -1.363104735501110554e-01
1.262543946504592896e+00 -1.145262521505355835e+01 -1.311682616360485554e-01
1.347260743379592896e+00 -1.146153634786605835e+01 -1.259955321438610554e-01
1.431855469942092896e+00 -1.147056955099105835e+01 -1.208380614407360554e-01
1.517060548067092896e+00 -1.147948068380355835e+01 -1.156348143704235554e-01
1.602265626192092896e+00 -1.148851388692855835e+01 -1.104315673001110554e-01
1.687226563692092896e+00 -1.149315255880355835e+01 -1.052435790188610554e-01
1.142426759004592896e+00 -1.239110177755355835e+01 -1.415289794094860554e-01
1.234956055879592896e+00 -1.241112130880355835e+01 -1.363409911282360554e-01
1.327363282442092896e+00 -1.242430490255355835e+01 -1.307867919094860554e-01
1.420991212129592896e+00 -1.244395822286605835e+01 -1.252325926907360554e-01
1.514252930879592896e+00 -1.245738595724105835e+01 -1.196478758938610554e-01
1.607514649629592896e+00 -1.246458810567855835e+01 -1.140021239407360554e-01
1.701386719942092896e+00 -1.247801584005355835e+01 -1.083716307766735554e-01
1.799287110567092896e+00 -1.252501291036605835e+01 -1.042059813626110554e-01
1.201875001192092896e+00 -1.357725900411605835e+01 -1.425970946438610554e-01
1.303803712129592896e+00 -1.359166330099105835e+01 -1.363715087063610554e-01
1.406220704317092896e+00 -1.360618966817855835e+01 -1.301306639797985554e-01
1.509248048067092896e+00 -1.362083810567855835e+01 -1.238287840969860554e-01
1.612397462129592896e+00 -1.363548654317855835e+01 -1.175421630032360554e-01
1.716279298067092896e+00 -1.365025705099105835e+01 -1.111945067532360554e-01
1.825166016817092896e+00 -1.371324533224105835e+01 -1.067847167141735554e-01
1.938081055879592896e+00 -1.380247873067855835e+01 -1.033514891751110554e-01
1.273041993379592896e+00 -1.499950021505355835e+01 -1.422766600735485554e-01
1.388764649629592896e+00 -1.504747384786605835e+01 -1.360968505032360554e-01
1.504975587129592896e+00 -1.508763498067855835e+01 -1.298865233547985554e-01
1.623139649629592896e+00 -1.513658517599105835e+01 -1.239355956204235554e-01
1.744355469942092896e+00 -1.521409982442855835e+01 -1.189764891751110554e-01
1.872773438692092896e+00 -1.534923166036605835e+01 -1.159857665188610554e-01
2.003876954317092896e+00 -1.549058908224105835e+01 -1.130560790188610554e-01
2.136567384004592896e+00 -1.562340158224105835e+01 -1.100348387844860554e-01
1.367158204317092896e+00 -1.687950509786605835e+01 -1.443060790188610554e-01
1.499726563692092896e+00 -1.694530099630355835e+01 -1.377295409329235554e-01
1.632783204317092896e+00 -1.700194162130355835e+01 -1.307715331204235554e-01
1.770600587129592896e+00 -1.709898751974105835e+01 -1.250189696438610554e-01
1.920869141817092896e+00 -1.732506173849105835e+01 -1.233099852688610554e-01
2.076264649629592896e+00 -1.755894845724105835e+01 -1.215552245266735554e-01
2.235932618379592896e+00 -1.779918283224105835e+01 -1.197394286282360554e-01
2.398530274629592896e+00 -1.802794259786605835e+01 -1.172980223782360554e-01
1.490937501192092896e+00 -1.934886544942855835e+01 -1.470221434719860554e-01
1.649506837129592896e+00 -1.950816720724105835e+01 -1.409644042141735554e-01
1.815400391817092896e+00 -1.973241037130355835e+01 -1.370276366360485554e-01
1.997895509004592896e+00 -2.011253732442855835e+01 -1.371497069485485554e-01
2.187714844942092896e+00 -2.050865548849105835e+01 -1.373022948391735554e-01
2.386689454317092896e+00 -2.092393869161605835e+01 -1.374548827297985554e-01
2.593842774629592896e+00 -2.135557931661605835e+01 -1.375922118313610554e-01
2.813203126192092896e+00 -2.182823556661605835e+01 -1.387671385891735554e-01
1.679658204317092896e+00 -2.310387033224105835e+01 -1.590002928860485554e-01
1.890473634004592896e+00 -2.361424630880355835e+01 -1.590918456204235554e-01
2.121064454317092896e+00 -2.428612130880355835e+01 -1.624640380032360554e-01
2.367280274629592896e+00 -2.500304025411605835e+01 -1.660651122219860554e-01
2.628999024629592896e+00 -2.576671212911605835e+01 -1.699255858547985554e-01
2.976899415254592896e+00 -2.730479806661605835e+01 -1.901129637844860554e-01
3.320771485567092896e+00 -2.855614084005355835e+01 -2.023199950344860554e-01
3.766816407442092896e+00 -3.054173654317855835e+01 -2.285956298001110554e-01
2.056855469942092896e+00 -3.056492990255355835e+01 -2.134283934719860554e-01
2.404267579317092896e+00 -3.232579416036605835e+01 -2.318762694485485554e-01
2.789277344942092896e+00 -3.420592111349105835e+01 -2.497748290188610554e-01
3.355195313692092896e+00 -3.802428048849105835e+01 -3.026923094876110554e-01
4.205903321504592896e+00 -4.445750802755355835e+01 -3.989905272610485554e-01
7.006562501192092896e+00 -7.064635080099105835e+01 -8.371466551907360554e-01
7.997895509004592896e+00 -7.470982736349105835e+01 -8.681982909329235554e-01
9.072358399629592896e+00 -7.890489572286605835e+01 -8.949622069485485554e-01
3.673798829317092896e+00 -6.235155099630355835e+01 -5.881079589016735554e-01
4.773530274629592896e+00 -7.233519357442855835e+01 -7.067603026516735554e-01
5.709687501192092896e+00 -7.744762033224105835e+01 -7.414435301907360554e-01
6.722749024629592896e+00 -8.241221994161605835e+01 -7.678412352688610554e-01
7.874116212129592896e+00 -8.805113595724105835e+01 -7.977789794094860554e-01
9.371552735567092896e+00 -9.636461251974105835e+01 -8.558997069485485554e-01
6.899262696504592896e+00 -5.930638498067855835e+01 -3.029059325344860554e-01
6.919648438692092896e+00 -5.966917794942855835e+01 -3.932561026886105537e-02
6.904633790254592896e+00 -5.970848459005355835e+01 2.299004639498889446e-01
1.687470704317092896e+00 -1.149315255880355835e+01 -1.052283202297985554e-01
1.774873048067092896e+00 -1.151561349630355835e+01 -1.006049071438610554e-01
1.867036134004592896e+00 -1.157152169942855835e+01 -9.779728995636105537e-02
1.960908204317092896e+00 -1.162828439474105835e+01 -9.492863761261105537e-02
2.055634766817092896e+00 -1.168577951192855835e+01 -9.204472647979855537e-02
2.151948243379592896e+00 -1.174412912130355835e+01 -8.909978019073605537e-02
2.249360352754592896e+00 -1.180308908224105835e+01 -8.613957511261105537e-02
2.347138673067092896e+00 -1.185777658224105835e+01 -8.314885245636105537e-02
1.799653321504592896e+00 -1.252550119161605835e+01 -1.042059813626110554e-01
1.902802735567092896e+00 -1.260680001974105835e+01 -1.016882811672985554e-01
2.007539063692092896e+00 -1.268956369161605835e+01 -9.912480460479855537e-02
2.115571290254592896e+00 -1.278111642599105835e+01 -9.653081046417355537e-02
2.224091798067092896e+00 -1.286680978536605835e+01 -9.387578116729855537e-02
2.333833009004592896e+00 -1.294688791036605835e+01 -9.112919913604855537e-02
2.444184571504592896e+00 -1.302305978536605835e+01 -8.787907706573605537e-02
2.555756837129592896e+00 -1.309801095724105835e+01 -8.447636710479855537e-02
1.938569337129592896e+00 -1.380296701192855835e+01 -1.033362303860485554e-01
2.052827149629592896e+00 -1.388866037130355835e+01 -9.985722647979855537e-02
2.169404298067092896e+00 -1.397887033224105835e+01 -9.642399894073605537e-02
2.290498048067092896e+00 -1.408739084005355835e+01 -9.355534659698605537e-02
2.413666993379592896e+00 -1.419774240255355835e+01 -9.064091788604855537e-02
2.539643555879592896e+00 -1.431065744161605835e+01 -8.765019522979855537e-02
2.667817384004592896e+00 -1.442540353536605835e+01 -8.461369620636105537e-02
2.804658204317092896e+00 -1.457823556661605835e+01 -8.279790030792355537e-02
2.137055665254592896e+00 -1.562401193380355835e+01 -1.100195799954235554e-01
2.274506837129592896e+00 -1.577623361349105835e+01 -1.069983397610485554e-01
2.413666993379592896e+00 -1.592015451192855835e+01 -1.038550292141735554e-01
2.553681641817092896e+00 -1.604661935567855835e+01 -9.991826163604855537e-02
2.700288087129592896e+00 -1.620470041036605835e+01 -9.688176261261105537e-02
2.865327149629592896e+00 -1.646104806661605835e+01 -9.679020987823605537e-02
3.041230469942092896e+00 -1.675889962911605835e+01 -9.773625480011105537e-02
3.222138673067092896e+00 -1.705406564474105835e+01 -9.862126456573605537e-02
2.399018555879592896e+00 -1.802891916036605835e+01 -1.172980223782360554e-01
2.563325196504592896e+00 -1.823741525411605835e+01 -1.141699706204235554e-01
2.744477540254592896e+00 -1.854820626974105835e+01 -1.137732421047985554e-01
2.951508790254592896e+00 -1.900426095724105835e+01 -1.171454344876110554e-01
3.170502930879592896e+00 -1.949119943380355835e+01 -1.208838378079235554e-01
3.403413087129592896e+00 -2.000877755880355835e+01 -1.248511229641735554e-01
3.649750977754592896e+00 -2.055699533224105835e+01 -1.290625487454235554e-01
3.936982423067092896e+00 -2.128844064474105835e+01 -1.374701415188610554e-01
2.814179688692092896e+00 -2.183250802755355835e+01 -1.388434325344860554e-01
3.084809571504592896e+00 -2.266771310567855835e+01 -1.477850829251110554e-01
3.370698243379592896e+00 -2.350938791036605835e+01 -1.564062987454235554e-01
3.682221680879592896e+00 -2.442699044942855835e+01 -1.658362303860485554e-01
4.041596680879592896e+00 -2.557103341817855835e+01 -1.795386229641735554e-01
4.473603516817092896e+00 -2.705516427755355835e+01 -1.996344481594860554e-01
4.901093751192092896e+00 -2.835765451192855835e+01 -2.139929686672985554e-01
5.481660157442092896e+00 -3.042723459005355835e+01 -2.442206298001110554e-01
3.768647462129592896e+00 -3.055089181661605835e+01 -2.287329589016735554e-01
4.313935548067092896e+00 -3.308665841817855835e+01 -2.642249022610485554e-01
5.067597657442092896e+00 -3.692381662130355835e+01 -3.227881346829235554e-01
6.700410157442092896e+00 -4.675865548849105835e+01 -4.933356200344860554e-01
7.051850587129592896e+00 -4.653990548849105835e+01 -4.630621825344860554e-01
7.345307618379592896e+00 -4.595140451192855835e+01 -4.261511717922985554e-01
7.765351563692092896e+00 -4.621422189474105835e+01 -4.050177489407360554e-01
8.175141602754592896e+00 -4.638475412130355835e+01 -3.819312010891735554e-01
9.076752930879592896e+00 -7.892540353536605835e+01 -8.951453124172985554e-01
7.381440430879592896e+00 -5.910362619161605835e+01 -5.338171874172985554e-01
7.884736329317092896e+00 -5.925035470724105835e+01 -5.012549315579235554e-01
8.405366212129592896e+00 -5.948485177755355835e+01 -4.710425292141735554e-01
7.071992188692092896e+00 -4.678575509786605835e+01 -2.569006835110485554e-01
7.411103516817092896e+00 -4.648241037130355835e+01 -2.262305174954235554e-01
7.727631837129592896e+00 -4.607249826192855835e+01 -1.956519042141735554e-01
8.137910157442092896e+00 -4.625377267599105835e+01 -1.717566405422985554e-01
6.900971680879592896e+00 -5.930797189474105835e+01 -3.028143798001110554e-01
7.446381837129592896e+00 -5.981615060567855835e+01 -2.748297606594860554e-01
7.890107423067092896e+00 -5.944444650411605835e+01 -2.367133055813610554e-01
8.341279298067092896e+00 -5.915355294942855835e+01 -1.996497069485485554e-01
7.056489259004592896e+00 -4.678331369161605835e+01 -4.722966300323605537e-02
7.333344727754592896e+00 -4.606956857442855835e+01 -1.402653800323605537e-02
7.699067384004592896e+00 -4.598888009786605835e+01 1.298151863738894463e-02
8.158784180879592896e+00 -4.646763986349105835e+01 3.557978523895144463e-02
7.435883790254592896e+00 -5.989146798849105835e+01 -6.442919839173555374e-03
7.891938477754592896e+00 -5.961180490255355835e+01 2.975092781707644463e-02
8.356049805879592896e+00 -5.940648263692855835e+01 6.539545906707644463e-02
7.101289063692092896e+00 -4.720335763692855835e+01 1.603051270358264446e-01
7.434418946504592896e+00 -4.683568185567855835e+01 1.891747559420764446e-01
7.827607423067092896e+00 -4.688646310567855835e+01 2.160149659030139446e-01
8.136079102754592896e+00 -4.642259591817855835e+01 2.445946778170764446e-01
6.906586915254592896e+00 -5.971153634786605835e+01 2.300072754733264446e-01
7.460175782442092896e+00 -6.026451486349105835e+01 2.634240235202014446e-01
7.830903321504592896e+00 -5.928075021505355835e+01 2.999230469577014446e-01
8.429291993379592896e+00 -6.009642404317855835e+01 3.337822998873889446e-01
8.880708009004592896e+00 -5.978953927755355835e+01 3.689385498873889446e-01
7.476166993379592896e+00 -4.721348947286605835e+01 4.004784668795764446e-01
7.810761719942092896e+00 -4.687694162130355835e+01 4.276848877780139446e-01
8.152924805879592896e+00 -4.661375802755355835e+01 4.546319092623889446e-01
8.371674805879592896e+00 -5.981200021505355835e+01 6.034813965670764446e-01
1.146359375119209290e+01 -6.991356271505355835e+01 7.650872315280139446e-01
8.039033204317092896e+00 -4.602513498067855835e+01 6.605340088717639446e-01
8.119111329317092896e+00 -4.659398263692855835e+01 8.745232666842639446e-01
8.133149415254592896e+00 -4.676890939474105835e+01 1.086574658285826445e+00
1.504135254025459290e+01 -8.829893869161605835e+01 2.131160839926451445e+00
2.347504884004592896e+00 -1.185826486349105835e+01 -8.316411124542355537e-02
2.447724610567092896e+00 -1.191966623067855835e+01 -8.009709464386105537e-02
2.549042969942092896e+00 -1.197948068380355835e+01 -7.715214835479855537e-02
2.653657227754592896e+00 -1.204808419942855835e+01 -7.449711905792355537e-02
2.760224610567092896e+00 -1.212071603536605835e+01 -7.191838370636105537e-02
2.877778321504592896e+00 -1.223521798849105835e+01 -7.100285636261105537e-02
2.997773438692092896e+00 -1.235203927755355835e+01 -7.007207022979855537e-02
3.119111329317092896e+00 -1.246446603536605835e+01 -6.909550772979855537e-02
2.556245118379592896e+00 -1.309862130880355835e+01 -8.447636710479855537e-02
2.668793946504592896e+00 -1.316991037130355835e+01 -8.104313956573605537e-02
2.785249024629592896e+00 -1.325352853536605835e+01 -7.800664054229855537e-02
2.911591798067092896e+00 -1.337718576192855835e+01 -7.608403312042355537e-02
3.039155274629592896e+00 -1.349620431661605835e+01 -7.414616690948605537e-02
3.171967774629592896e+00 -1.362657541036605835e+01 -7.275761710479855537e-02
3.319794923067092896e+00 -1.381456369161605835e+01 -7.307805167511105537e-02
3.472749024629592896e+00 -1.400889962911605835e+01 -7.339848624542355537e-02
2.805390626192092896e+00 -1.458092111349105835e+01 -8.285893546417355537e-02
2.957001954317092896e+00 -1.479930490255355835e+01 -8.337773429229855537e-02
3.114228516817092896e+00 -1.502598947286605835e+01 -8.392705069854855537e-02
3.277924805879592896e+00 -1.526219552755355835e+01 -8.449162589386105537e-02
3.447480469942092896e+00 -1.550682443380355835e+01 -8.507145987823605537e-02
3.624238282442092896e+00 -1.576182931661605835e+01 -8.568181144073605537e-02
3.811250001192092896e+00 -1.604307931661605835e+01 -8.687199698761105537e-02
4.016083985567092896e+00 -1.637840646505355835e+01 -8.943547355011105537e-02
3.223115235567092896e+00 -1.705699533224105835e+01 -9.868229972198605537e-02
3.415742188692092896e+00 -1.738780587911605835e+01 -9.975041495636105537e-02
3.614228516817092896e+00 -1.771690744161605835e+01 -1.007574950344860554e-01
3.840058594942092896e+00 -1.815196603536605835e+01 -1.044501219876110554e-01
4.125214844942092896e+00 -1.884044259786605835e+01 -1.149786864407360554e-01
4.387543946504592896e+00 -1.936095041036605835e+01 -1.199225340969860554e-01
4.654511719942092896e+00 -1.986253732442855835e+01 -1.237524901516735554e-01
5.113618165254592896e+00 -2.115611642599105835e+01 -1.489752684719860554e-01
3.938935548067092896e+00 -2.129625314474105835e+01 -1.376379881985485554e-01
4.303681641817092896e+00 -2.238902658224105835e+01 -1.547736083157360554e-01
4.574067384004592896e+00 -2.287437814474105835e+01 -1.552771483547985554e-01
4.977021485567092896e+00 -2.398814767599105835e+01 -1.706885253079235554e-01
5.407197266817092896e+00 -2.514085763692855835e+01 -1.857794676907360554e-01
5.914155274629592896e+00 -2.655430978536605835e+01 -2.056311522610485554e-01
6.534882813692092896e+00 -2.837022775411605835e+01 -2.331427489407360554e-01
7.628510743379592896e+00 -3.209825509786605835e+01 -3.014716063626110554e-01
5.487397462129592896e+00 -3.045640939474105835e+01 -2.448004637844860554e-01
6.366303712129592896e+00 -3.399681466817855835e+01 -3.025854979641735554e-01
9.112885743379592896e+00 -4.720384591817855835e+01 -5.562476073391735554e-01
9.218598634004592896e+00 -4.572728341817855835e+01 -5.004614745266735554e-01
9.528046876192092896e+00 -4.537352365255355835e+01 -4.682043944485485554e-01
9.963471680879592896e+00 -4.562877267599105835e+01 -4.477118407376110554e-01
1.034115722775459290e+01 -4.560338205099105835e+01 -4.217718993313610554e-01
1.064926269650459290e+01 -4.527183908224105835e+01 -3.914526854641735554e-01
8.176606446504592896e+00 -4.638536447286605835e+01 -3.818549071438610554e-01
8.738129884004592896e+00 -4.738658517599105835e+01 -3.725928221829235554e-01
8.829072266817092896e+00 -4.576512521505355835e+01 -3.202399169094860554e-01
9.264375001192092896e+00 -4.603905099630355835e+01 -2.987250243313610554e-01
9.485932618379592896e+00 -4.523997873067855835e+01 -2.610205565579235554e-01
9.966279298067092896e+00 -4.571275705099105835e+01 -2.421606932766735554e-01
1.033114746212959290e+01 -4.562669748067855835e+01 -2.151221190579235554e-01
1.070114257931709290e+01 -4.556358712911605835e+01 -1.884192381985485554e-01
8.139375001192092896e+00 -4.625523751974105835e+01 -1.716956053860485554e-01
8.673676759004592896e+00 -4.711107248067855835e+01 -1.557806883938610554e-01
8.796113282442092896e+00 -4.566930001974105835e+01 -1.117133055813610554e-01
9.158540040254592896e+00 -4.557396310567855835e+01 -8.468999015167355537e-02
9.587006837129592896e+00 -4.581126779317855835e+01 -6.114567862823605537e-02
9.928803712129592896e+00 -4.560814279317855835e+01 -3.294743644073605537e-02
1.041098144650459290e+01 -4.605687326192855835e+01 -1.193608390167355537e-02
1.064059570431709290e+01 -4.536583322286605835e+01 2.033625496551394463e-02
8.131684571504592896e+00 -4.629954904317855835e+01 3.698359383270144463e-02
8.670014649629592896e+00 -4.717796701192855835e+01 5.709467781707644463e-02
8.779755860567092896e+00 -4.566197580099105835e+01 9.420405281707644463e-02
9.159638673067092896e+00 -4.565684884786605835e+01 1.205712403170764446e-01
9.524262696504592896e+00 -4.557677072286605835e+01 1.473351563327014446e-01
9.886201173067092896e+00 -4.547825998067855835e+01 1.742821778170764446e-01
1.033700683712959290e+01 -4.579137033224105835e+01 1.993523682467639446e-01
1.085702636837959290e+01 -4.637681955099105835e+01 2.238885010592639446e-01
8.137299805879592896e+00 -4.642284005880355835e+01 2.446862305514514446e-01
8.414277344942092896e+00 -4.581956857442855835e+01 2.731133545748889446e-01
8.660615235567092896e+00 -4.510106271505355835e+01 3.011284912936389446e-01
9.131806641817092896e+00 -4.559093087911605835e+01 3.267785157077014446e-01
9.490693360567092896e+00 -4.548546212911605835e+01 3.534966553561389446e-01
9.951386719942092896e+00 -4.585814279317855835e+01 3.801842774264514446e-01
1.051986816525459290e+01 -4.669151681661605835e+01 4.075127686373889446e-01
1.083700683712959290e+01 -4.635741037130355835e+01 4.347191895358264446e-01
8.153535157442092896e+00 -4.660972970724105835e+01 4.547234619967639446e-01
8.339204102754592896e+00 -4.548045724630355835e+01 4.796868409030139446e-01
8.747651368379592896e+00 -4.565111154317855835e+01 5.068627442233264446e-01
9.313691407442092896e+00 -4.660741037130355835e+01 5.370293701998889446e-01
9.557954102754592896e+00 -4.589232248067855835e+01 5.618249024264514446e-01
1.013009765744209290e+01 -4.677696603536605835e+01 5.931664551608264446e-01
1.029708984494209290e+01 -4.574827951192855835e+01 6.157494629733264446e-01
1.090097168087959290e+01 -4.670555490255355835e+01 6.486016358248889446e-01
8.040131837129592896e+00 -4.602476876974105835e+01 6.606255616061389446e-01
8.406586915254592896e+00 -4.594664376974105835e+01 6.874047364108264446e-01
8.903291016817092896e+00 -4.657432931661605835e+01 7.193566407077014446e-01
9.300019532442092896e+00 -4.661583322286605835e+01 7.476006592623889446e-01
9.590058594942092896e+00 -4.612633126974105835e+01 7.713433350436389446e-01
9.969819337129592896e+00 -4.609019845724105835e+01 7.988244141452014446e-01
1.063156250119209290e+01 -4.734251779317855835e+01 8.389245118014514446e-01
1.097909668087959290e+01 -4.711619943380355835e+01 8.652306641452014446e-01
8.120820313692092896e+00 -4.659617990255355835e+01 8.746453369967639446e-01
8.514375001192092896e+00 -4.664513009786605835e+01 9.031945313327014446e-01
8.873627930879592896e+00 -4.649657052755355835e+01 9.284020508639514446e-01
9.232148438692092896e+00 -4.634373849630355835e+01 9.546776856295764446e-01
9.582368165254592896e+00 -4.616331857442855835e+01 9.804040039889514446e-01
9.940034180879592896e+00 -4.602110666036605835e+01 1.006618603598326445e+00
1.667855957150459290e+01 -7.502611154317855835e+01 1.457241162192076445e+00
1.736654785275459290e+01 -7.523826974630355835e+01 1.506969555746763945e+00
8.134736329317092896e+00 -4.677110666036605835e+01 1.086711987387388945e+00
8.571503907442092896e+00 -4.705748361349105835e+01 1.119747265707701445e+00
8.840058594942092896e+00 -4.639769357442855835e+01 1.137462719809263945e+00
9.275239259004592896e+00 -4.664708322286605835e+01 1.170269116293638945e+00
1.716012695431709290e+01 -8.387547677755355835e+01 1.866527661215513945e+00
1.810116699337959290e+01 -8.495579904317855835e+01 1.939174755942076445e+00
1.608993652462959290e+01 -7.244957345724105835e+01 1.752208813559263945e+00
1.959994629025459290e+01 -8.517357248067855835e+01 2.050167187582701445e+00
1.504318359494209290e+01 -8.829564279317855835e+01 2.131282910238951445e+00
8.531831055879592896e+00 -4.691930001974105835e+01 1.328716381918638945e+00
8.902314454317092896e+00 -4.681895822286605835e+01 1.355556591879576445e+00
9.266083985567092896e+00 -4.667955392599105835e+01 1.381588086020201445e+00
1.655746582150459290e+01 -8.101707834005355835e+01 2.186489209067076445e+00
1.606906250119209290e+01 -7.246556466817855835e+01 2.084941967856138945e+00
1.744613769650459290e+01 -7.581346505880355835e+01 2.214931591879576445e+00
1.664132812619209290e+01 -8.908690255880355835e+01 2.666088208090513945e+00
1.618600586056709290e+01 -8.278941720724105835e+01 2.555217846762388945e+00
1.668112304806709290e+01 -8.176890939474105835e+01 2.580150708090513945e+00
1.678061035275459290e+01 -7.892076486349105835e+01 2.553051098715513945e+00
1.678268554806709290e+01 -7.585167306661605835e+01 2.515911206137388945e+00
1.734396484494209290e+01 -7.547569650411605835e+01 2.553676709067076445e+00
1.565854004025459290e+01 -8.791734689474105835e+01 2.981289013754576445e+00
1.630917480587959290e+01 -8.743468087911605835e+01 3.022884472738951445e+00
1.612497070431709290e+01 -8.261534494161605835e+01 2.928539379965513945e+00
1.677963379025459290e+01 -8.239732736349105835e+01 2.974865063559263945e+00
1.610604980587959290e+01 -7.581932443380355835e+01 2.813884838949888945e+00
1.744748046994209290e+01 -7.902342599630355835e+01 2.969616040121763945e+00
1.660531738400459290e+01 -7.232469552755355835e+01 2.795543774496763945e+00
1.524972656369209290e+01 -7.818675607442855835e+01 3.149196728598326445e+00
1.681942871212959290e+01 -8.273521798849105835e+01 3.366771801840513945e+00
1.545041015744209290e+01 -7.279954904317855835e+01 3.050518139731138945e+00
1.740292480587959290e+01 -7.894176095724105835e+01 3.331417187582701445e+00
1.788229492306709290e+01 -7.808397287130355835e+01 3.350261792074888945e+00
1.552926757931709290e+01 -7.978660959005355835e+01 3.571437939535826445e+00
1.707028320431709290e+01 -7.753123849630355835e+01 3.635738476645201445e+00
1.782150390744209290e+01 -7.793162912130355835e+01 3.704708203207701445e+00
1.537216308712959290e+01 -7.910264962911605835e+01 3.907070263754576445e+00
1.606576660275459290e+01 -7.923192209005355835e+01 3.965770825278013945e+00
1.639877441525459290e+01 -7.759520334005355835e+01 3.942607983481138945e+00
1.585934570431709290e+01 -7.206151193380355835e+01 3.732692822348326445e+00
1.614779785275459290e+01 -7.061949533224105835e+01 3.713619336020201445e+00
3.119599610567092896e+00 -1.246532052755355835e+01 -6.911076651886105537e-02
3.246064454317092896e+00 -1.258934396505355835e+01 -6.813420401886105537e-02
3.373994141817092896e+00 -1.270872873067855835e+01 -6.709660636261105537e-02
3.505708009004592896e+00 -1.283177560567855835e+01 -6.604374991729855537e-02
3.640351563692092896e+00 -1.295750802755355835e+01 -6.496037589386105537e-02
3.780854493379592896e+00 -1.309325021505355835e+01 -6.407536612823605537e-02
3.932343751192092896e+00 -1.325902169942855835e+01 -6.418217765167355537e-02
4.086274415254592896e+00 -1.342076486349105835e+01 -6.424321280792355537e-02
3.473603516817092896e+00 -1.401085275411605835e+01 -7.344426261261105537e-02
3.630097657442092896e+00 -1.420396798849105835e+01 -7.373417960479855537e-02
3.792207032442092896e+00 -1.440391916036605835e+01 -7.402409659698605537e-02
3.963593751192092896e+00 -1.462303537130355835e+01 -7.439030753448605537e-02
4.165620118379592896e+00 -1.494188302755355835e+01 -7.828129874542355537e-02
4.361298829317092896e+00 -1.521397775411605835e+01 -8.052434073761105537e-02
4.567231446504592896e+00 -1.550474923849105835e+01 -8.275212394073605537e-02
4.780610352754592896e+00 -1.580113595724105835e+01 -8.481206046417355537e-02
4.017304688692092896e+00 -1.638158029317855835e+01 -8.951176749542355537e-02
4.229951173067092896e+00 -1.672288888692855835e+01 -9.210576163604855537e-02
4.453583985567092896e+00 -1.708201974630355835e+01 -9.486760245636105537e-02
4.689912110567092896e+00 -1.746129220724105835e+01 -9.776677237823605537e-02
4.951142579317092896e+00 -1.790892404317855835e+01 -1.022681151516735554e-01
5.249604493379592896e+00 -1.845885080099105835e+01 -1.091956053860485554e-01
5.581879884004592896e+00 -1.909251779317855835e+01 -1.179083739407360554e-01
5.881440430879592896e+00 -1.957335275411605835e+01 -1.215857421047985554e-01
5.115205079317092896e+00 -2.116014474630355835e+01 -1.490515624172985554e-01
5.431611329317092896e+00 -2.176121896505355835e+01 -1.536749755032360554e-01
5.762177735567092896e+00 -2.237364572286605835e+01 -1.583746825344860554e-01
6.126679688692092896e+00 -2.307005685567855835e+01 -1.644629393704235554e-01
6.623017579317092896e+00 -2.421544259786605835e+01 -1.809424315579235554e-01
7.236054688692092896e+00 -2.570592111349105835e+01 -2.044562255032360554e-01
8.003510743379592896e+00 -2.764586251974105835e+01 -2.369879637844860554e-01
8.471406251192092896e+00 -2.844054025411605835e+01 -2.413367186672985554e-01
7.635957032442092896e+00 -3.212657541036605835e+01 -3.020514403469860554e-01
1.037680175900459290e+01 -4.246312326192855835e+01 -5.111121092922985554e-01
7.204438477754592896e+00 -2.821861642599105835e+01 -1.842383299954235554e-01
7.352509766817092896e+00 -2.787254709005355835e+01 -1.618689452297985554e-01
7.656831055879592896e+00 -2.813707345724105835e+01 -1.522101317532360554e-01
7.833955079317092896e+00 -2.791429513692855835e+01 -1.325568114407360554e-01
8.092500001192092896e+00 -2.799229806661605835e+01 -1.188849364407360554e-01
8.346406251192092896e+00 -2.804600900411605835e+01 -1.046027098782360554e-01
1.065011718869209290e+01 -4.526976388692855835e+01 -3.913306151516735554e-01
7.440888673067092896e+00 -3.023167794942855835e+01 -1.071356688626110554e-01
7.427338868379592896e+00 -2.915636056661605835e+01 -7.280339347198605537e-02
7.347993165254592896e+00 -2.789097970724105835e+01 -3.654851065948605537e-02
7.645356446504592896e+00 -2.812901681661605835e+01 -2.493657218292355537e-02
7.786591798067092896e+00 -2.777586740255355835e+01 -4.138842690736055374e-03
8.024750977754592896e+00 -2.778636544942855835e+01 1.105891121551394463e-02
8.300141602754592896e+00 -2.791978830099105835e+01 2.398310555145144463e-02
1.070224121212959290e+01 -4.556285470724105835e+01 -1.883124266751110554e-01
1.126718261837959290e+01 -4.631517404317855835e+01 -1.720923339016735554e-01
7.412934571504592896e+00 -2.913743966817855835e+01 5.813227547332644463e-02
7.474213868379592896e+00 -2.842015451192855835e+01 8.251582039520144463e-02
7.734345704317092896e+00 -2.850035470724105835e+01 9.751521004363894463e-02
7.940644532442092896e+00 -2.837193673849105835e+01 1.148491944186389446e-01
8.002045899629592896e+00 -2.773875802755355835e+01 1.368523682467639446e-01
8.212250977754592896e+00 -2.765086740255355835e+01 1.533013428561389446e-01
1.064022949337959290e+01 -4.535887521505355835e+01 2.047358406707644463e-02
7.190644532442092896e+00 -2.926488107442855835e+01 1.713372315280139446e-01
7.614472657442092896e+00 -2.999266427755355835e+01 1.833306397311389446e-01
7.606538087129592896e+00 -2.897435373067855835e+01 2.070733155123889446e-01
7.729096680879592896e+00 -2.851622384786605835e+01 2.262688721530139446e-01
7.811860352754592896e+00 -2.793590158224105835e+01 2.456933106295764446e-01
7.995209962129592896e+00 -2.774730294942855835e+01 2.619134034030139446e-01
8.178193360567092896e+00 -2.756554025411605835e+01 2.786065186373889446e-01
1.085861328244209290e+01 -4.637816232442855835e+01 2.239800537936389446e-01
1.157443359494209290e+01 -4.773826974630355835e+01 2.468224610202014446e-01
7.390839844942092896e+00 -2.912584298849105835e+01 3.200799073092639446e-01
7.464692384004592896e+00 -2.845665353536605835e+01 3.381310547702014446e-01
7.574189454317092896e+00 -2.796593087911605835e+01 3.551598633639514446e-01
7.721284180879592896e+00 -2.763866037130355835e+01 3.716240967623889446e-01
7.931489259004592896e+00 -2.755443185567855835e+01 3.877068604342639446e-01
8.129731446504592896e+00 -2.743089669942855835e+01 4.037133301608264446e-01
1.083847168087959290e+01 -4.635789865255355835e+01 4.348260010592639446e-01
1.128244140744209290e+01 -4.657567209005355835e+01 4.625969971530139446e-01
7.190278321504592896e+00 -2.835045236349105835e+01 4.488335694186389446e-01
7.396333009004592896e+00 -2.822557443380355835e+01 4.650994385592639446e-01
7.719086915254592896e+00 -2.855040353536605835e+01 4.828148926608264446e-01
7.720673829317092896e+00 -2.767003244161605835e+01 4.960747803561389446e-01
8.209809571504592896e+00 -2.857506173849105835e+01 5.167504395358264446e-01
8.317719727754592896e+00 -2.810960763692855835e+01 5.312462891452014446e-01
1.090255859494209290e+01 -4.670628732442855835e+01 6.486931885592639446e-01
1.123727539181709290e+01 -4.645140451192855835e+01 6.751519287936389446e-01
7.163544923067092896e+00 -2.827977365255355835e+01 5.758782471530139446e-01
7.632905274629592896e+00 -2.919078439474105835e+01 5.996972168795764446e-01
7.779145509004592896e+00 -2.881407541036605835e+01 6.140252198092639446e-01
7.986787110567092896e+00 -2.868028634786605835e+01 6.301842774264514446e-01
8.198457032442092896e+00 -2.856883615255355835e+01 6.463891114108264446e-01
8.230927735567092896e+00 -2.784300607442855835e+01 6.562920655123889446e-01
1.098178222775459290e+01 -4.712193673849105835e+01 8.653832520358264446e-01
1.137375000119209290e+01 -4.709361642599105835e+01 8.938714112155139446e-01
1.086764648556709290e+01 -4.340257638692855835e+01 8.795281494967639446e-01
7.461640626192092896e+00 -2.855553048849105835e+01 7.229271973483264446e-01
7.720429688692092896e+00 -2.862742990255355835e+01 7.411919678561389446e-01
8.281586915254592896e+00 -2.979893869161605835e+01 7.746544922702014446e-01
8.170258790254592896e+00 -2.850230783224105835e+01 7.744256104342639446e-01
8.410249024629592896e+00 -2.849376291036605835e+01 7.918053711764514446e-01
1.736850097775459290e+01 -7.523765939474105835e+01 1.507122143637388945e+00
1.133944824337959290e+01 -4.701561349630355835e+01 1.108379467856138945e+00
1.878561523556709290e+01 -7.575352853536605835e+01 1.608425244223326445e+00
7.458588868379592896e+00 -2.858104318380355835e+01 8.514367188327014446e-01
1.172421386837959290e+01 -4.389500802755355835e+01 1.140361889731138945e+00
7.873872071504592896e+00 -2.833555978536605835e+01 8.822899903170764446e-01
8.118867188692092896e+00 -2.835362619161605835e+01 9.009209717623889446e-01
8.374360352754592896e+00 -2.840294259786605835e+01 9.195977295748889446e-01
1.960299804806709290e+01 -8.517650216817855835e+01 2.050411328207701445e+00
1.799374511837959290e+01 -7.526634591817855835e+01 1.901699170004576445e+00
1.122384765744209290e+01 -4.497667306661605835e+01 1.309230908285826445e+00
1.152890136837959290e+01 -4.466331857442855835e+01 1.331050976645201445e+00
7.969331055879592896e+00 -2.964830392599105835e+01 1.022167309653013945e+00
8.171601563692092896e+00 -2.946739572286605835e+01 1.036724194418638945e+00
8.090180665254592896e+00 -2.828514474630355835e+01 1.027217968832701445e+00
8.352143555879592896e+00 -2.835924142599105835e+01 1.046962841879576445e+00
1.744955566525459290e+01 -7.581883615255355835e+01 2.215221508871763945e+00
1.796188476681709290e+01 -7.523949044942855835e+01 2.247875317465513945e+00
1.883529785275459290e+01 -7.616759103536605835e+01 2.320797070395201445e+00
1.128708007931709290e+01 -4.376805490255355835e+01 1.511303051840513945e+00
1.174752929806709290e+01 -4.409715646505355835e+01 1.548565014731138945e+00
1.191842773556709290e+01 -4.332603830099105835e+01 1.555843457113951445e+00
8.388520509004592896e+00 -2.938414376974105835e+01 1.186168774496763945e+00
8.320893555879592896e+00 -2.828380197286605835e+01 1.173656567465513945e+00
1.734567382931709290e+01 -7.547349923849105835e+01 2.553783520590513945e+00
1.793502929806709290e+01 -7.523411935567855835e+01 2.596233471762388945e+00
1.131271484494209290e+01 -4.392796701192855835e+01 1.717128857504576445e+00
1.187997558712959290e+01 -4.466038888692855835e+01 1.769374951254576445e+00
8.095673829317092896e+00 -2.925975412130355835e+01 1.296459301840513945e+00
8.035615235567092896e+00 -2.815770334005355835e+01 1.278804882895201445e+00
8.302705079317092896e+00 -2.825377267599105835e+01 1.300472363363951445e+00
1.660751464962959290e+01 -7.232530587911605835e+01 2.795726879965513945e+00
1.757418945431709290e+01 -7.380760568380355835e+01 2.893459423910826445e+00
1.926364257931709290e+01 -7.813731759786605835e+01 3.095714672934263945e+00
1.127731445431709290e+01 -4.384654611349105835e+01 1.914684399496763945e+00
1.199386718869209290e+01 -4.515367501974105835e+01 1.991848095785826445e+00
1.231063964962959290e+01 -4.488560861349105835e+01 2.012188061606138945e+00
8.008515626192092896e+00 -2.809410470724105835e+01 1.403347119223326445e+00
8.288911134004592896e+00 -2.823912423849105835e+01 1.428264721762388945e+00
1.788522461056709290e+01 -7.808665841817855835e+01 3.350536450278013945e+00
1.684298828244209290e+01 -7.079906076192855835e+01 3.116817578207701445e+00
1.935849121212959290e+01 -7.863658517599105835e+01 3.478588208090513945e+00
1.155416992306709290e+01 -4.500267404317855835e+01 2.162914379965513945e+00
1.198544433712959290e+01 -4.518016427755355835e+01 2.200740918051451445e+00
1.192831543087959290e+01 -4.352659982442855835e+01 2.161907299887388945e+00
1.189889648556709290e+01 -4.207652658224105835e+01 2.129497631918638945e+00
1.220529296994209290e+01 -4.187718576192855835e+01 2.149608715903013945e+00
1.782467773556709290e+01 -7.793565744161605835e+01 3.705059155356138945e+00
1.862716796994209290e+01 -7.851463693380355835e+01 3.784130200278013945e+00
1.937606933712959290e+01 -7.881944650411605835e+01 3.851970776449888945e+00
1.155246093869209290e+01 -4.505577462911605835e+01 2.370830639731138945e+00
1.940121582150459290e+01 -7.367747873067855835e+01 3.722469433676451445e+00
2.487313964962959290e+01 -9.158617013692855835e+01 4.615551098715513945e+00
1.184408691525459290e+01 -4.193089669942855835e+01 2.316539868246763945e+00
1.220028808712959290e+01 -4.190977853536605835e+01 2.344631298910826445e+00
1.614901855587959290e+01 -7.061595529317855835e+01 3.713619336020201445e+00
1.712875488400459290e+01 -7.222533029317855835e+01 3.839458569418638945e+00
1.784701660275459290e+01 -7.263170236349105835e+01 3.910045727621763945e+00
1.133993652462959290e+01 -4.427171701192855835e+01 2.538326367270201445e+00
1.161508300900459290e+01 -4.387572091817855835e+01 2.548992260824888945e+00
1.203036621212959290e+01 -4.401524728536605835e+01 2.586971386801451445e+00
1.267587402462959290e+01 -4.497227853536605835e+01 2.667965039145201445e+00
1.219259765744209290e+01 -4.193284982442855835e+01 2.539440258871763945e+00
8.323823243379592896e+00 -2.863805001974105835e+01 1.197811230551451445e+00
8.478608399629592896e+00 -2.831444162130355835e+01 1.207225903403013945e+00
8.747407227754592896e+00 -2.838695138692855835e+01 1.228527172934263945e+00
1.779660156369209290e+01 -7.381261056661605835e+01 2.627132519613951445e+00
2.017929199337959290e+01 -8.090440744161605835e+01 2.898723706137388945e+00
1.167916992306709290e+01 -4.476268380880355835e+01 1.790615185629576445e+00
1.166354492306709290e+01 -4.322679513692855835e+01 1.770595654379576445e+00
7.983613282442092896e+00 -2.833775705099105835e+01 1.300136670004576445e+00
8.299775391817092896e+00 -2.858763498067855835e+01 1.327968701254576445e+00
8.597504884004592896e+00 -2.875780099630355835e+01 1.353374585043638945e+00
8.901582032442092896e+00 -2.893565744161605835e+01 1.380092724692076445e+00
1.791867187619209290e+01 -7.443602365255355835e+01 2.991726025473326445e+00
1.965280273556709290e+01 -7.887535470724105835e+01 3.203807934653013945e+00
2.026376464962959290e+01 -7.857957834005355835e+01 3.247463330160826445e+00
1.180795410275459290e+01 -4.383275216817855835e+01 1.994686230551451445e+00
1.177621582150459290e+01 -4.231431955099105835e+01 1.966808422934263945e+00
8.392304688692092896e+00 -2.895238107442855835e+01 1.474529370199888945e+00
8.593476563692092896e+00 -2.877867501974105835e+01 1.487636670004576445e+00
8.801972657442092896e+00 -2.863621896505355835e+01 1.501842602621763945e+00
1.701010254025459290e+01 -7.070201486349105835e+01 3.188610180746763945e+00
1.134225586056709290e+01 -4.509007638692855835e+01 2.189022168051451445e+00
1.164193847775459290e+01 -4.473875802755355835e+01 2.205806836020201445e+00
1.210507324337959290e+01 -4.502110666036605835e+01 2.248058422934263945e+00
1.163839843869209290e+01 -4.186168283224105835e+01 2.143612011801451445e+00
1.201413086056709290e+01 -4.189415353536605835e+01 2.175685986410826445e+00
1.373935058712959290e+01 -4.520616525411605835e+01 2.385082348715513945e+00
1.742636230587959290e+01 -7.256920236349105835e+01 3.602077587973326445e+00
1.816024902462959290e+01 -7.300304025411605835e+01 3.671520336996763945e+00
1.143734863400459290e+01 -4.399327462911605835e+01 2.378048046957701445e+00
1.174484375119209290e+01 -4.370872873067855835e+01 2.395977124106138945e+00
1.168698242306709290e+01 -4.209434884786605835e+01 2.349910839926451445e+00
1.197580078244209290e+01 -4.180980294942855835e+01 2.366298779379576445e+00
1.295663574337959290e+01 -4.393358224630355835e+01 2.501049145590513945e+00
1.364645507931709290e+01 -4.494847482442855835e+01 2.584697827231138945e+00
8.409028321504592896e+00 -2.836497873067855835e+01 1.075924023520201445e+00
8.684174805879592896e+00 -2.844273751974105835e+01 1.097515210043638945e+00
8.934174805879592896e+00 -2.843101876974105835e+01 1.116848095785826445e+00
9.087373048067092896e+00 -2.810570138692855835e+01 1.127681836020201445e+00
1.123727539181709290e+01 -4.380064767599105835e+01 1.552227124106138945e+00
1.159555175900459290e+01 -4.370531076192855835e+01 1.578624829184263945e+00
7.850190430879592896e+00 -2.818370431661605835e+01 1.164547070395201445e+00
8.112153321504592896e+00 -2.823289865255355835e+01 1.185558422934263945e+00
8.375336915254592896e+00 -2.828221505880355835e+01 1.206661328207701445e+00
8.724824219942092896e+00 -2.861632150411605835e+01 1.236751660238951445e+00
8.923310548067092896e+00 -2.842967599630355835e+01 1.250972851645201445e+00
9.135346680879592896e+00 -2.829332345724105835e+01 1.267345532309263945e+00
1.126059082150459290e+01 -4.395701974630355835e+01 1.761821850668638945e+00
1.183432129025459290e+01 -4.469615548849105835e+01 1.816707714926451445e+00
1.196530273556709290e+01 -4.371226876974105835e+01 1.815258129965513945e+00
8.324921876192092896e+00 -2.904478830099105835e+01 1.346202954184263945e+00
8.484711915254592896e+00 -2.870445626974105835e+01 1.354869946371763945e+00
8.727509766817092896e+00 -2.866136544942855835e+01 1.373775586020201445e+00
8.887299805879592896e+00 -2.834459298849105835e+01 1.382717236410826445e+00
9.243623048067092896e+00 -2.867528146505355835e+01 1.415248974692076445e+00
2.009298828244209290e+01 -7.968492501974105835e+01 3.279216870199888945e+00
1.192990234494209290e+01 -4.513121408224105835e+01 2.043346508871763945e+00
1.189657714962959290e+01 -4.351231759786605835e+01 2.013805493246763945e+00
8.309418946504592896e+00 -2.902611154317855835e+01 1.481548413168638945e+00
8.461152344942092896e+00 -2.865770334005355835e+01 1.487789257895201445e+00
8.772309571504592896e+00 -2.885045236349105835e+01 1.516994580160826445e+00
1.389291504025459290e+01 -4.500218576192855835e+01 2.200756176840513945e+00
1.346298339962959290e+01 -4.231273263692855835e+01 2.121273144613951445e+00
1.149667480587959290e+01 -4.503880685567855835e+01 2.219356640707701445e+00
2.069247558712959290e+01 -7.941063302755355835e+01 3.698543652426451445e+00
1.230038574337959290e+01 -4.509544748067855835e+01 2.285732373129576445e+00
1.180270507931709290e+01 -4.182127755880355835e+01 2.175945385824888945e+00
8.516328126192092896e+00 -2.888951486349105835e+01 1.633312329184263945e+00
1.290426757931709290e+01 -4.304906076192855835e+01 2.292629345785826445e+00
1.445773437619209290e+01 -4.557408517599105835e+01 2.475002392660826445e+00
1.383200195431709290e+01 -4.274498361349105835e+01 1.624157055746763945e+00
9.576142579317092896e+00 -2.832847970724105835e+01 1.220836743246763945e+00
8.020234376192092896e+00 -2.929539865255355835e+01 1.243618115317076445e+00
7.982758790254592896e+00 -2.818089669942855835e+01 1.230266674887388945e+00
8.254487305879592896e+00 -2.825059884786605835e+01 1.252575024496763945e+00
8.522065430879592896e+00 -2.829356759786605835e+01 1.274303540121763945e+00
8.851655274629592896e+00 -2.854356759786605835e+01 1.302913769613951445e+00
1.340036132931709290e+01 -4.265855783224105835e+01 1.796947583090513945e+00
1.356759765744209290e+01 -4.195116037130355835e+01 1.803707226645201445e+00
1.416439941525459290e+01 -4.261180490255355835e+01 1.857433422934263945e+00
1.208273437619209290e+01 -4.503844064474105835e+01 1.929973706137388945e+00
1.203524902462959290e+01 -4.336510080099105835e+01 1.903133496176451445e+00
8.239838868379592896e+00 -2.823509591817855835e+01 1.387676342856138945e+00
8.640595704317092896e+00 -2.874522775411605835e+01 1.426403149496763945e+00
8.859956055879592896e+00 -2.860753244161605835e+01 1.442287548910826445e+00
1.335446289181709290e+01 -4.256004709005355835e+01 1.998943432699888945e+00
1.356417968869209290e+01 -4.199034494161605835e+01 2.008098706137388945e+00
1.387020996212959290e+01 -4.174669259786605835e+01 2.029552563559263945e+00
1.911300781369209290e+01 -7.231224435567855835e+01 3.220363720785826445e+00
1.247165039181709290e+01 -4.505687326192855835e+01 2.177059277426451445e+00
8.315522462129592896e+00 -2.854661935567855835e+01 1.535244091879576445e+00
1.231930664181709290e+01 -4.168809884786605835e+01 2.103374585043638945e+00
1.371554687619209290e+01 -4.515806955099105835e+01 2.281292065512388945e+00
1.325290039181709290e+01 -4.227672189474105835e+01 2.190898999106138945e+00
1.431930664181709290e+01 -4.445994943380355835e+01 2.318309887778013945e+00
1.387643554806709290e+01 -4.181492990255355835e+01 2.234920605551451445e+00
8.141938477754592896e+00 -2.824107736349105835e+01 1.155513867270201445e+00
8.421601563692092896e+00 -2.831834787130355835e+01 1.177730664145201445e+00
8.756928712129592896e+00 -2.857945626974105835e+01 1.205501660238951445e+00
8.966035157442092896e+00 -2.839244455099105835e+01 1.220440014731138945e+00
1.358798339962959290e+01 -4.262828439474105835e+01 1.675365551840513945e+00
2.338595703244209290e+01 -7.245201486349105835e+01 2.637355908285826445e+00
1.413461425900459290e+01 -4.187425607442855835e+01 1.712642773520201445e+00
1.511471679806709290e+01 -4.364024728536605835e+01 1.800624951254576445e+00
8.127412110567092896e+00 -2.822533029317855835e+01 1.292949780356138945e+00
8.525239259004592896e+00 -2.872716134786605835e+01 1.329952343832701445e+00
8.759980469942092896e+00 -2.862645334005355835e+01 1.347332104574888945e+00
9.087739259004592896e+00 -2.883775705099105835e+01 1.374797924887388945e+00
2.238095214962959290e+01 -7.143297189474105835e+01 2.899410351645201445e+00
1.371225097775459290e+01 -4.181810373067855835e+01 1.885753735434263945e+00
1.534665039181709290e+01 -4.566307443380355835e+01 2.057735546957701445e+00
1.438974121212959290e+01 -4.151353830099105835e+01 1.935772045981138945e+00
1.191647461056709290e+01 -4.231932443380355835e+01 1.955730542074888945e+00
8.504487305879592896e+00 -2.869005197286605835e+01 1.468364819418638945e+00
8.827729493379592896e+00 -2.889867013692855835e+01 1.497539624106138945e+00
8.981660157442092896e+00 -2.851573556661605835e+01 1.503917797934263945e+00
1.348556640744209290e+01 -4.239574044942855835e+01 2.081691845785826445e+00
1.460214355587959290e+01 -4.469603341817855835e+01 2.207134350668638945e+00
1.401962402462959290e+01 -4.161534494161605835e+01 2.112362011801451445e+00
2.903268554806709290e+01 -8.555626291036605835e+01 4.004268750082701445e+00
8.553315430879592896e+00 -2.831846994161605835e+01 1.241802319418638945e+00
8.995454102754592896e+00 -2.892845529317855835e+01 1.281002148520201445e+00
9.142915040254592896e+00 -2.851207345724105835e+01 1.288601025473326445e+00
1.355209472775459290e+01 -4.194310373067855835e+01 1.743480786215513945e+00
1.445590332150459290e+01 -4.355308908224105835e+01 1.826809033285826445e+00
1.431381347775459290e+01 -4.185789865255355835e+01 1.802089795004576445e+00
1.492868164181709290e+01 -4.250841134786605835e+01 1.854854687582701445e+00
1.484457519650459290e+01 -4.109117501974105835e+01 1.835888012778013945e+00
8.655854493379592896e+00 -2.872032541036605835e+01 1.397182568442076445e+00
8.883149415254592896e+00 -2.857701486349105835e+01 1.412212475668638945e+00
2.203451660275459290e+01 -7.170445626974105835e+01 3.006542309653013945e+00
1.355453613400459290e+01 -4.200059884786605835e+01 1.953441723715513945e+00
1.386093261837959290e+01 -4.172545236349105835e+01 1.973644360434263945e+00
1.425131347775459290e+01 -4.171324533224105835e+01 2.003872021567076445e+00
1.459616211056709290e+01 -4.156322091817855835e+01 2.028728588949888945e+00
1.493917968869209290e+01 -4.141038888692855835e+01 2.054515942465513945e+00
7.698945313692092896e+00 -2.247777169942855835e+01 9.518242920748889446e-01
7.893525391817092896e+00 -2.239134591817855835e+01 9.660454834811389446e-01
1.412301757931709290e+01 -4.065440744161605835e+01 1.467189892660826445e+00
8.289155274629592896e+00 -2.224290841817855835e+01 9.949761475436389446e-01
8.298676759004592896e+00 -2.162840646505355835e+01 9.943352784030139446e-01
1.565524414181709290e+01 -4.163853830099105835e+01 1.582729443442076445e+00
9.020112305879592896e+00 -2.853062814474105835e+01 1.209041699301451445e+00
9.293916016817092896e+00 -2.853160470724105835e+01 1.229702099692076445e+00
1.486300781369209290e+01 -4.559178537130355835e+01 1.762188061606138945e+00
7.883515626192092896e+00 -2.238670724630355835e+01 1.082195385824888945e+00
1.443026855587959290e+01 -4.163499826192855835e+01 1.702343090903013945e+00
1.461728027462959290e+01 -4.100059884786605835e+01 1.713390454184263945e+00
1.511325195431709290e+01 -4.128746408224105835e+01 1.752697094809263945e+00
1.387741211056709290e+01 -4.520567697286605835e+01 1.911556347738951445e+00
2.237191894650459290e+01 -7.202659982442855835e+01 2.857021435629576445e+00
1.368454101681709290e+01 -4.184312814474105835e+01 1.858684643637388945e+00
1.408261230587959290e+01 -4.184044259786605835e+01 1.889247998129576445e+00
1.439169433712959290e+01 -4.156444162130355835e+01 1.909969433676451445e+00
1.521518066525459290e+01 -4.162608712911605835e+01 1.973934277426451445e+00
1.568563964962959290e+01 -4.181236642599105835e+01 2.013271435629576445e+00
1.353292968869209290e+01 -4.199608224630355835e+01 1.872432812582701445e+00
1.412155273556709290e+01 -4.259141916036605835e+01 1.923763378988951445e+00
1.530209472775459290e+01 -4.498631662130355835e+01 2.041790112387388945e+00
1.462802246212959290e+01 -4.163377755880355835e+01 1.953258618246763945e+00
1.493515136837959290e+01 -4.134410470724105835e+01 1.974239453207701445e+00
1.536752441525459290e+01 -4.141746896505355835e+01 2.008892163168638945e+00
8.479707032442092896e+00 -2.247130197286605835e+01 1.048854931723326445e+00
1.517770507931709290e+01 -4.122825998067855835e+01 1.595760449301451445e+00
3.130832031369209290e+01 -8.565794748067855835e+01 2.910732373129576445e+00
1.413522461056709290e+01 -4.183397287130355835e+01 1.737484082113951445e+00
1.444723632931709290e+01 -4.153648751974105835e+01 1.758831128012388945e+00
8.356538087129592896e+00 -2.213023751974105835e+01 1.161022290121763945e+00
1.515939453244209290e+01 -4.122008126974105835e+01 1.809017285238951445e+00
1.410543945431709290e+01 -4.178856271505355835e+01 1.951549633871763945e+00
1.448166015744209290e+01 -4.168956369161605835e+01 1.978145703207701445e+00
1.526815918087959290e+01 -4.281517404317855835e+01 2.051509961020201445e+00
1.522909668087959290e+01 -4.146812814474105835e+01 2.033001049887388945e+00
1.191671875119209290e+01 -2.311217111349105835e+01 9.595452393405139446e-01
3.090158203244209290e+01 -7.766295236349105835e+01 2.216762646567076445e+00
3.613034179806709290e+01 -8.464769357442855835e+01 2.547741040121763945e+00
3.683249023556709290e+01 -8.423900216817855835e+01 2.596965893637388945e+00
1.167514160275459290e+01 -2.322581857442855835e+01 1.085537060629576445e+00
3.590048339962959290e+01 -8.415892404317855835e+01 2.980022534262388945e+00
3.933442384004592896e+00 -2.246692597866058350e+00 7.486229981295764446e-01
3.917084962129592896e+00 -1.993396699428558350e+00 7.467919434420764446e-01
3.901582032442092896e+00 -1.749744355678558350e+00 7.450524414889514446e-01
3.887421876192092896e+00 -1.517078340053558350e+00 7.434350098483264446e-01
3.873994141817092896e+00 -1.293689668178558350e+00 7.421685303561389446e-01
3.887421876192092896e+00 -1.531970918178558350e+00 6.249352539889514446e-01
3.874848634004592896e+00 -1.293567597866058350e+00 6.257592285983264446e-01
3.862763673067092896e+00 -1.062976777553558350e+00 6.265526856295764446e-01
3.851289063692092896e+00 -8.415412306785583496e-01 6.273156250827014446e-01
3.835541993379592896e+00 -6.192511916160583496e-01 6.278039063327014446e-01
3.931489259004592896e+00 -2.319080293178558350e+00 6.810113037936389446e-01
3.916108399629592896e+00 -2.049182832241058350e+00 6.807213868014514446e-01
3.901948243379592896e+00 -1.790637910366058350e+00 6.804772461764514446e-01
3.888764649629592896e+00 -1.541858613491058350e+00 6.799737061373889446e-01
3.876557618379592896e+00 -1.303699433803558350e+00 6.798058594577014446e-01
3.864716798067092896e+00 -1.073474824428558350e+00 6.799431885592639446e-01
3.853486329317092896e+00 -8.521613478660583496e-01 6.797906006686389446e-01
3.843964844942092896e+00 -6.407355666160583496e-01 6.797295655123889446e-01
3.936250001192092896e+00 -2.337390840053558350e+00 7.399407471530139446e-01
3.920869141817092896e+00 -2.066516816616058350e+00 7.382012451998889446e-01
3.906586915254592896e+00 -1.807239472866058350e+00 7.368584717623889446e-01
3.893403321504592896e+00 -1.558216035366058350e+00 7.356225098483264446e-01
3.881074219942092896e+00 -1.319690644741058350e+00 7.344628418795764446e-01
3.869233399629592896e+00 -1.088855683803558350e+00 7.333336914889514446e-01
3.858002930879592896e+00 -8.671759963035583496e-01 7.322503174655139446e-01
3.848237305879592896e+00 -6.550177931785583496e-01 7.315636719577014446e-01
3.994599610567092896e+00 -3.531379103660583496e-01 7.484551514498889446e-01
4.491914063692092896e+00 -9.068488478660583496e-01 8.033410157077014446e-01
4.627167969942092896e+00 -9.241828322410583496e-01 8.129387940280139446e-01
4.857758790254592896e+00 -1.494861543178558350e+00 8.246117676608264446e-01
5.025605469942092896e+00 -1.545764863491058350e+00 8.360558594577014446e-01
5.202485352754592896e+00 -1.608875215053558350e+00 8.481103028170764446e-01
-1.501832568347454071e+02 1.243454704880714417e+02 7.806664551608264446e-01
-1.501725146472454071e+02 1.244315300583839417e+02 7.814904297702014446e-01
-1.501604296863079071e+02 1.245169792771339417e+02 7.826043213717639446e-01
-1.509597460925579071e+02 1.242584343552589417e+02 7.964745606295764446e-01
-1.509615771472454071e+02 1.243494988083839417e+02 7.968102539889514446e-01
-1.509598681628704071e+02 1.244389763474464417e+02 7.972680176608264446e-01
-1.509544970691204071e+02 1.245275993943214417e+02 7.978325928561389446e-01
-1.509442431628704071e+02 1.246142693161964417e+02 7.985650147311389446e-01
-1.509309374988079071e+02 1.247000847458839417e+02 7.996483887545764446e-01
-1.517325732409954071e+02 1.245424919724464417e+02 8.017693604342639446e-01
-1.517284228503704071e+02 1.246320915818214417e+02 8.020745362155139446e-01
-1.517209765613079071e+02 1.247208366990089417e+02 8.024865235202014446e-01
-1.517086474597454071e+02 1.248077507615089417e+02 8.030510987155139446e-01
-1.516943652331829071e+02 1.248940544724464417e+02 8.039513672702014446e-01
-1.524554736316204071e+02 1.250937615036964417e+02 8.095513428561389446e-01
