4.533909872174263000e+00 -9.407299607992172241e+00 -1.299785869196057320e-01
4.602025106549263000e+00 -9.352367967367172241e+00 -1.324657695367932320e-01
4.689793661236763000e+00 -9.340893357992172241e+00 -1.374401347711682320e-01
4.766942098736763000e+00 -9.305248826742172241e+00 -1.411937968805432320e-01
4.843968465924263000e+00 -9.269848436117172241e+00 -1.449474589899182320e-01
4.920140340924263000e+00 -9.232128709554672241e+00 -1.485790507867932320e-01
4.992405965924263000e+00 -9.187328904867172241e+00 -1.518139140680432320e-01
5.062474325299263000e+00 -9.138500779867172241e+00 -1.550640361383557320e-01
4.541234090924263000e+00 -9.418652147054672241e+00 -8.354609180241823196e-02
4.603612020611763000e+00 -9.350781053304672241e+00 -8.575861621648073196e-02
5.054783895611763000e+00 -1.012727031111717224e+01 -1.278881328180432320e-01
5.140111044049263000e+00 -1.009186992049217224e+01 -1.318401591852307320e-01
5.223362997174263000e+00 -1.005292949080467224e+01 -1.358684794977307320e-01
5.305150106549263000e+00 -1.000996074080467224e+01 -1.400036113336682320e-01
5.388402059674263000e+00 -9.971020311117172241e+00 -1.440319316461682320e-01
5.471654012799263000e+00 -9.931957811117172241e+00 -1.480602519586682320e-01
4.542821004986763000e+00 -9.417065232992172241e+00 -3.644220996648073196e-02
4.605076864361763000e+00 -9.349194139242172241e+00 -3.882258106023073196e-02
5.473851278424263000e+00 -1.102973613142967224e+01 -1.149944560602307320e-01
5.575902059674263000e+00 -1.101044902205467224e+01 -1.203960673883557320e-01
5.678074911236763000e+00 -1.099128398299217224e+01 -1.258129375055432320e-01
5.780980184674263000e+00 -1.097187480330467224e+01 -1.312603252008557320e-01
5.884129598736763000e+00 -1.095246562361717224e+01 -1.367229716852307320e-01
5.973851278424263000e+00 -1.090620097517967224e+01 -1.409954326227307320e-01
4.544285848736763000e+00 -9.415478318929672241e+00 1.038701366633176804e-02
4.606663778424263000e+00 -9.347607225179672241e+00 8.098195306956768036e-03
7.119603231549263000e+00 -1.458747538924217224e+01 -1.916240947321057320e-01
7.158787801861763000e+00 -1.435834941267967224e+01 -1.909374492242932320e-01
6.160374715924263000e+00 -1.198591288924217224e+01 -1.080364482477307320e-01
6.266575887799263000e+00 -1.195246562361717224e+01 -1.133770244196057320e-01
6.372777059674263000e+00 -1.191901835799217224e+01 -1.187023418024182320e-01
6.476292684674263000e+00 -1.187983378767967224e+01 -1.241497294977307320e-01
4.545872762799263000e+00 -9.413891404867172241e+00 5.747563671320676804e-02
4.608128622174263000e+00 -9.346020311117172241e+00 5.477483104914426804e-02
8.367528036236763000e+00 -1.728022441267967224e+01 -2.048687236383557320e-01
8.501927450299263000e+00 -1.719538554549217224e+01 -2.111858623102307320e-01
8.635716512799263000e+00 -1.711103495955467224e+01 -2.174724834039807320e-01
8.787694051861763000e+00 -1.706318339705467224e+01 -2.249950664117932320e-01
8.938084676861763000e+00 -1.701252421736717224e+01 -2.324108378961682320e-01
8.974949911236763000e+00 -1.674006327986717224e+01 -2.321361796930432320e-01
4.547337606549263000e+00 -9.412304490804672241e+00 1.042896015569567680e-01
4.609715536236763000e+00 -9.344433397054672241e+00 1.016803486272692680e-01
9.196385458111763000e+00 -1.906403788924217224e+01 -1.658367412164807320e-01
9.393284872174263000e+00 -1.907319316267967224e+01 -1.757244365289807320e-01
9.591404989361763000e+00 -1.908234843611717224e+01 -1.856731669977307320e-01
9.791844442486763000e+00 -1.909162577986717224e+01 -1.957439677789807320e-01
9.981541708111763000e+00 -1.907722148299217224e+01 -2.051891582086682320e-01
1.015244014561176300e+01 -1.902399882674217224e+01 -2.140545146539807320e-01
4.548924520611763000e+00 -9.410717576742172241e+00 1.513477070257067680e-01
4.611180379986763000e+00 -9.342846482992172241e+00 1.483417255803942680e-01
9.662571981549263000e+00 -2.006208476424217224e+01 -9.196894336491823196e-02
9.927342489361763000e+00 -2.019306620955467224e+01 -1.046642558649182320e-01
1.016952998936176300e+01 -2.026997050642967224e+01 -1.162914531305432320e-01
1.041415889561176300e+01 -2.034394511580467224e+01 -1.280254619196057320e-01
1.062997920811176300e+01 -2.035566386580467224e+01 -1.384014384821057320e-01
1.084787471592426300e+01 -2.036750468611717224e+01 -1.488689677789807320e-01
4.550389364361763000e+00 -9.409130662679672241e+00 1.981464130803942680e-01
4.612645223736763000e+00 -9.341259568929672241e+00 1.949725849553942680e-01
1.008908565342426300e+01 -2.097309550642967224e+01 -5.970408208668231964e-03
1.032895381748676300e+01 -2.103168925642967224e+01 -1.675837207585573196e-02
1.057114131748676300e+01 -2.109089335799217224e+01 -2.766840625554323196e-02
1.082260616123676300e+01 -2.116144999861717224e+01 -3.894465137273073196e-02
1.109140498936176300e+01 -2.126154765486717224e+01 -5.147211719304323196e-02
1.137460811436176300e+01 -2.138190898299217224e+01 -6.399958301335573196e-02
4.551976278424263000e+00 -9.407543748617172241e+00 2.451892597600817680e-01
4.614232137799263000e+00 -9.339672654867172241e+00 2.418628437444567680e-01
1.040707881748676300e+01 -2.164875468611717224e+01 9.148747753351926804e-02
1.066452510654926300e+01 -2.173017558455467224e+01 8.082158397883176804e-02
1.092648799717426300e+01 -2.181525859236717224e+01 7.000310253351926804e-02
1.120773799717426300e+01 -2.193085917830467224e+01 5.858952831476926804e-02
1.149033077061176300e+01 -2.204243144392967224e+01 4.706914257258176804e-02
1.177829463779926300e+01 -2.215620097517967224e+01 3.533513378351926804e-02
4.553441122174263000e+00 -9.405956834554672241e+00 2.919727070257067680e-01
4.617772176861763000e+00 -9.342480272054672241e+00 2.884631855413317680e-01
1.072934444248676300e+01 -2.233320292830467224e+01 1.957202656194567680e-01
1.099789912998676300e+01 -2.242304667830467224e+01 1.855426533147692680e-01
1.128268916904926300e+01 -2.254096660017967224e+01 1.750446064397692680e-01
1.157407100498676300e+01 -2.266144999861717224e+01 1.643024189397692680e-01
1.186984737217426300e+01 -2.278400859236717224e+01 1.533923847600817680e-01
1.218137080967426300e+01 -2.292841777205467224e+01 1.421008808538317680e-01
4.555028036236763000e+00 -9.404369920492172241e+00 3.389850361272692680e-01
4.621556356549263000e+00 -9.346020311117172241e+00 3.353381855413317680e-01
1.106223018467426300e+01 -2.303962382674217224e+01 3.074603779241442680e-01
1.135007198154926300e+01 -2.315510234236717224e+01 2.978473408147692680e-01
1.164218623936176300e+01 -2.327228984236717224e+01 2.880969746038317680e-01
1.194211299717426300e+01 -2.339497050642967224e+01 2.781329853460192680e-01
1.226376827061176300e+01 -2.355341777205467224e+01 2.678943378850817680e-01
1.263583858311176300e+01 -2.379975566267967224e+01 2.571063740178942680e-01
4.556614950299263000e+00 -9.402783006429672241e+00 3.857532246038317680e-01
4.625340536236763000e+00 -9.349560350179672241e+00 3.820148212835192680e-01
1.140329463779926300e+01 -2.376301249861717224e+01 4.257922871038317680e-01
1.170346553623676300e+01 -2.388886699080467224e+01 4.169879658147692680e-01
1.203195674717426300e+01 -2.406562480330467224e+01 4.081531269475817680e-01
1.239938838779926300e+01 -2.430805644392967224e+01 3.992267353460192680e-01
1.277597530186176300e+01 -2.455671367049217224e+01 3.900714619085192680e-01
1.314401729404926300e+01 -2.477436503767967224e+01 3.806110126897692680e-01
4.558079794049263000e+00 -9.401196092367172241e+00 4.327655537053942680e-01
4.629246786236763000e+00 -9.353100389242172241e+00 4.289813740178942680e-01
1.179489620029926300e+01 -2.459443339705467224e+01 5.523486835882067680e-01
1.215366084873676300e+01 -2.482600077986717224e+01 5.451923115178942680e-01
1.253171260654926300e+01 -2.508515605330467224e+01 5.380359394475817680e-01
1.290781123936176300e+01 -2.532380351424217224e+01 5.304218037053942680e-01
1.326987178623676300e+01 -2.552228984236717224e+01 5.230212910100817680e-01
1.363766963779926300e+01 -2.571992167830467224e+01 5.146899921819567680e-01
4.559666708111763000e+00 -9.399609178304672241e+00 4.795032246038317680e-01
4.633030965924263000e+00 -9.356518357992172241e+00 4.757343037053942680e-01
1.227939327061176300e+01 -2.562531718611717224e+01 6.906848652288317680e-01
1.265280635654926300e+01 -2.586530742049217224e+01 6.849475605413317680e-01
1.302206905186176300e+01 -2.608430156111717224e+01 6.787524921819567680e-01
1.338791377842426300e+01 -2.628107890486717224e+01 6.720081074163317680e-01
1.376096065342426300e+01 -2.648176249861717224e+01 6.651263935491442680e-01
1.413657100498676300e+01 -2.667475566267967224e+01 6.579547626897692680e-01
4.471531942486763000e+00 -9.196362107992172241e+00 5.226398212835192680e-01
4.627659872174263000e+00 -9.339794725179672241e+00 5.221515400335192680e-01
4.798924520611763000e+00 -9.507885545492172241e+00 5.222583515569567680e-01
4.968480184674263000e+00 -9.663158982992172241e+00 5.219989521428942680e-01
5.144505575299263000e+00 -9.824291795492172241e+00 5.217090351507067680e-01
5.328709676861763000e+00 -9.992992967367172241e+00 5.214191181585192680e-01
5.520237997174263000e+00 -1.016828593611717224e+01 5.211139423772692680e-01
5.720067098736763000e+00 -1.035090312361717224e+01 5.210529072210192680e-01
4.433812215924263000e+00 -9.106640428304672241e+00 5.662341816350817680e-01
4.587376669049263000e+00 -9.246410936117172241e+00 5.668445331975817680e-01
4.747166708111763000e+00 -9.391674607992172241e+00 5.674701435491442680e-01
4.923070028424263000e+00 -9.562695115804672241e+00 5.685840351507067680e-01
5.096409872174263000e+00 -9.720165818929672241e+00 5.692706806585192680e-01
5.277562215924263000e+00 -9.884716600179672241e+00 5.699878437444567680e-01
5.465916708111763000e+00 -1.005585917830467224e+01 5.707202656194567680e-01
5.662571981549263000e+00 -1.023444804549217224e+01 5.714984638616442680e-01
4.436131551861763000e+00 -9.107006639242172241e+00 6.117969257757067680e-01
4.592015340924263000e+00 -9.251659959554672241e+00 6.131854755803942680e-01
4.764744833111763000e+00 -9.424755662679672241e+00 6.155353290960192680e-01
4.935521200299263000e+00 -9.583813279867172241e+00 6.173511249944567680e-01
5.112889364361763000e+00 -9.749218553304672241e+00 6.192432148382067680e-01
5.298680379986763000e+00 -9.922314256429672241e+00 6.212268574163317680e-01
5.492161825299263000e+00 -1.010273417830467224e+01 6.232867939397692680e-01
5.694798544049263000e+00 -1.029194316267967224e+01 6.257434589788317680e-01
4.478612020611763000e+00 -9.197460740804672241e+00 6.602130634710192680e-01
4.636448934674263000e+00 -9.344311326742172241e+00 6.628070576116442680e-01
4.805638387799263000e+00 -9.507519334554672241e+00 6.658588154241442680e-01
4.972996786236763000e+00 -9.657909959554672241e+00 6.683612568303942680e-01
5.146702840924263000e+00 -9.813915818929672241e+00 6.709705097600817680e-01
5.328221395611763000e+00 -9.976879686117172241e+00 6.736865742132067680e-01
5.516697958111763000e+00 -1.014631327986717224e+01 6.765094501897692680e-01
5.713353231549263000e+00 -1.032294902205467224e+01 6.794543964788317680e-01
4.451512411236763000e+00 -9.131786912679672241e+00 7.036548359319567680e-01
4.603856161236763000e+00 -9.267895311117172241e+00 7.067676289007067680e-01
4.770970419049263000e+00 -9.428295701742172241e+00 7.107501728460192680e-01
4.936497762799263000e+00 -9.576366990804672241e+00 7.138782246038317680e-01
5.108006551861763000e+00 -9.729321092367172241e+00 7.173724872991442680e-01
5.286839559674263000e+00 -9.888622850179672241e+00 7.212787372991442680e-01
5.472752645611763000e+00 -1.005463847517967224e+01 7.250781757757067680e-01
5.666722372174263000e+00 -1.022773417830467224e+01 7.290302021428942680e-01
4.437352254986763000e+00 -9.095287889242172241e+00 7.477374775335192680e-01
4.596654012799263000e+00 -9.247143357992172241e+00 7.521930439397692680e-01
4.773778036236763000e+00 -9.429516404867172241e+00 7.581134540960192680e-01
4.948948934674263000e+00 -9.597485154867172241e+00 7.633167011663317680e-01
5.131321981549263000e+00 -9.772289842367172241e+00 7.687335712835192680e-01
5.322606161236763000e+00 -9.955883592367172241e+00 7.744250996038317680e-01
5.522313192486763000e+00 -1.014741191267967224e+01 7.803455097600817680e-01
5.732029989361763000e+00 -1.034894999861717224e+01 7.868762714788317680e-01
5.062718465924263000e+00 -9.138256639242172241e+00 -1.550792949274182320e-01
5.135106161236763000e+00 -9.094189256429672241e+00 -1.582836406305432320e-01
5.191136434674263000e+00 -9.019848436117172241e+00 -1.600384013727307320e-01
5.243992879986763000e+00 -8.940136522054672241e+00 -1.614422099664807320e-01
5.296116903424263000e+00 -8.861401170492172241e+00 -1.628460185602307320e-01
5.351780965924263000e+00 -8.789745897054672241e+00 -1.646312968805432320e-01
5.408299520611763000e+00 -8.721264451742172241e+00 -1.665386455133557320e-01
5.462254598736763000e+00 -8.649609178304672241e+00 -1.684459941461682320e-01
5.471776083111763000e+00 -9.931713670492172241e+00 -1.480602519586682320e-01
5.553685262799263000e+00 -9.889721482992172241e+00 -1.521648662164807320e-01
5.635472372174263000e+00 -9.847851365804672241e+00 -1.562542216852307320e-01
5.715184286236763000e+00 -9.801098436117172241e+00 -1.598552959039807320e-01
5.790989950299263000e+00 -9.748241990804672241e+00 -1.633800761774182320e-01
5.845921590924263000e+00 -9.658276170492172241e+00 -1.651958720758557320e-01
5.899998739361763000e+00 -9.569042772054672241e+00 -1.667064921930432320e-01
5.958104208111763000e+00 -9.488354295492172241e+00 -1.686290996149182320e-01
5.974217489361763000e+00 -1.090595683455467224e+01 -1.410106914117932320e-01
6.059178426861763000e+00 -1.085053691267967224e+01 -1.450695293024182320e-01
6.137303426861763000e+00 -1.078266581892967224e+01 -1.485332744196057320e-01
6.214207723736763000e+00 -1.071247538924217224e+01 -1.518902080133557320e-01
6.290623739361763000e+00 -1.064289531111717224e+01 -1.552318828180432320e-01
6.366917684674263000e+00 -1.057331523299217224e+01 -1.585735576227307320e-01
6.442723348736763000e+00 -1.050422343611717224e+01 -1.618847148492932320e-01
6.514622762799263000e+00 -1.042927226424217224e+01 -1.648906962946057320e-01
6.476658895611763000e+00 -1.187958964705467224e+01 -1.241649882867932320e-01
6.585423544049263000e+00 -1.185017070174217224e+01 -1.295513408258557320e-01
6.683812215924263000e+00 -1.180012187361717224e+01 -1.344494121149182320e-01
6.782567098736763000e+00 -1.174995097517967224e+01 -1.393627421930432320e-01
6.652440145611763000e+00 -1.128852519392967224e+01 -1.268657939508557320e-01
6.967503622174263000e+00 -1.162763652205467224e+01 -1.482433574274182320e-01
7.049534872174263000e+00 -1.154938945174217224e+01 -1.519054668024182320e-01
7.127659872174263000e+00 -1.146528300642967224e+01 -1.556133525446057320e-01
8.974949911236763000e+00 -1.673872050642967224e+01 -2.321209209039807320e-01
7.215550497174263000e+00 -1.304682597517967224e+01 -1.109661357477307320e-01
7.324193075299263000e+00 -1.299226054549217224e+01 -1.163524882867932320e-01
7.433323934674263000e+00 -1.293745097517967224e+01 -1.217693584039807320e-01
6.654271200299263000e+00 -1.128669413924217224e+01 -6.799738574773073196e-02
7.651341512799263000e+00 -1.282807597517967224e+01 -1.326030986383557320e-01
7.760228231549263000e+00 -1.277338847517967224e+01 -1.380047099664807320e-01
7.869237020611763000e+00 -1.271857890486717224e+01 -1.434215800836682320e-01
1.015305049717426300e+01 -1.902387675642967224e+01 -2.140850322321057320e-01
1.032993037998676300e+01 -1.898054179549217224e+01 -2.224621074274182320e-01
1.050412471592426300e+01 -1.893073710799217224e+01 -2.312053935602307320e-01
1.067953975498676300e+01 -1.888056620955467224e+01 -2.400097148492932320e-01
6.656102254986763000e+00 -1.128486308455467224e+01 -8.839060552418231964e-03
1.099887569248676300e+01 -1.872150859236717224e+01 -2.557873027399182320e-01
1.112021358311176300e+01 -1.857600077986717224e+01 -2.615093486383557320e-01
1.123923213779926300e+01 -1.842902812361717224e+01 -2.676281230524182320e-01
1.084872920811176300e+01 -2.036787089705467224e+01 -1.489147441461682320e-01
1.104990108311176300e+01 -2.034418925642967224e+01 -1.587719218805432320e-01
1.124570186436176300e+01 -2.030756816267967224e+01 -1.683697002008557320e-01
1.144333370029926300e+01 -2.027070292830467224e+01 -1.780590312555432320e-01
6.658055379986763000e+00 -1.128303202986717224e+01 4.999883007258176804e-02
1.195505245029926300e+01 -2.039728984236717224e+01 -2.030071513727307320e-01
1.218918330967426300e+01 -2.041486796736717224e+01 -2.144359843805432320e-01
1.242587764561176300e+01 -2.043256816267967224e+01 -2.260021464899182320e-01
1.137595088779926300e+01 -2.138312968611717224e+01 -6.406061816960573196e-02
1.163864620029926300e+01 -2.145612773299217224e+01 -7.597773242741823196e-02
1.189230830967426300e+01 -2.150556620955467224e+01 -8.699457813054323196e-02
1.213119991123676300e+01 -2.152058085799217224e+01 -9.807245898991823196e-02
6.659886434674263000e+00 -1.128120097517967224e+01 1.091418964788317680e-01
1.275314815342426300e+01 -2.179316386580467224e+01 -1.258281962946057320e-01
1.304306514561176300e+01 -2.188056620955467224e+01 -1.395611064508557320e-01
1.330783565342426300e+01 -2.191791972517967224e+01 -1.517528789117932320e-01
1.177963741123676300e+01 -2.215729960799217224e+01 3.528935741633176804e-02
1.208163936436176300e+01 -2.228950175642967224e+01 2.302129101008176804e-02
1.239743526279926300e+01 -2.243830546736717224e+01 1.028020214289426804e-02
1.270663936436176300e+01 -2.256354960799217224e+01 -2.369333989918231964e-03
6.661839559674263000e+00 -1.127936992049217224e+01 1.679492695257067680e-01
1.336716182529926300e+01 -2.286384257674217224e+01 -2.911799121648073196e-02
1.370871455967426300e+01 -2.301960429549217224e+01 -4.294245410710573196e-02
1.403757198154926300e+01 -2.314411601424217224e+01 -5.647700000554323196e-02
1.218283565342426300e+01 -2.292976054549217224e+01 1.420551044866442680e-01
1.249948604404926300e+01 -2.307416972517967224e+01 1.305194599553942680e-01
1.285092647373676300e+01 -2.327387675642967224e+01 1.182208759710192680e-01
1.321298702061176300e+01 -2.347919902205467224e+01 1.055408222600817680e-01
6.663670614361763000e+00 -1.127753886580467224e+01 2.267566425725817680e-01
1.395309932529926300e+01 -2.388398417830467224e+01 7.944829296320676804e-02
1.430283077061176300e+01 -2.403461894392967224e+01 6.658513378351926804e-02
1.466037471592426300e+01 -2.418842753767967224e+01 5.344731640070676804e-02
1.263779170811176300e+01 -2.380183085799217224e+01 2.570605976507067680e-01
1.300876338779926300e+01 -2.403193339705467224e+01 2.460895283147692680e-01
1.337143428623676300e+01 -2.423334941267967224e+01 2.349506122991442680e-01
1.373288448154926300e+01 -2.441865214705467224e+01 2.235980732366442680e-01
6.665501669049263000e+00 -1.127558574080467224e+01 2.858691914007067680e-01
1.447104366123676300e+01 -2.478388652205467224e+01 2.001910908147692680e-01
1.485165889561176300e+01 -2.497016581892967224e+01 1.880908710882067680e-01
1.522470577061176300e+01 -2.513264140486717224e+01 1.758990986272692680e-01
1.314584834873676300e+01 -2.477631816267967224e+01 3.805804951116442680e-01
1.350327022373676300e+01 -2.496088847517967224e+01 3.709064228460192680e-01
1.386935909092426300e+01 -2.514997538924217224e+01 3.610034687444567680e-01
1.424557979404926300e+01 -2.534431132674217224e+01 3.508258564397692680e-01
6.667454794049263000e+00 -1.127375468611717224e+01 3.446613056585192680e-01
1.499631221592426300e+01 -2.569562968611717224e+01 3.297687275335192680e-01
1.538144405186176300e+01 -2.587238749861717224e+01 3.188892109319567680e-01
1.571664912998676300e+01 -2.595332011580467224e+01 3.079028828069567680e-01
1.363950069248676300e+01 -2.572175273299217224e+01 5.146594746038317680e-01
1.401230342686176300e+01 -2.591645488142967224e+01 5.062366230413317680e-01
1.437961299717426300e+01 -2.608894023299217224e+01 4.967456562444567680e-01
1.475949580967426300e+01 -2.627106913924217224e+01 4.877429706975817680e-01
6.669285848736763000e+00 -1.127192363142967224e+01 4.034229023382067680e-01
1.520847041904926300e+01 -2.605646952986717224e+01 4.664569599553942680e-01
1.590512569248676300e+01 -2.676301249861717224e+01 4.599567158147692680e-01
1.633859737217426300e+01 -2.699335917830467224e+01 4.502673847600817680e-01
1.413827998936176300e+01 -2.667622050642967224e+01 6.579242451116442680e-01
1.451913936436176300e+01 -2.686713847517967224e+01 6.507373554632067680e-01
1.489853389561176300e+01 -2.704291972517967224e+01 6.431689960882067680e-01
1.529831416904926300e+01 -2.724250468611717224e+01 6.355853779241442680e-01
6.671116903424263000e+00 -1.127009257674217224e+01 4.625049335882067680e-01
1.586423213779926300e+01 -2.719587382674217224e+01 6.153827412053942680e-01
1.600070674717426300e+01 -2.691547831892967224e+01 6.027484638616442680e-01
1.586130245029926300e+01 -2.617451152205467224e+01 5.860248310491442680e-01
5.721165731549263000e+00 -1.035224589705467224e+01 5.210681660100817680e-01
5.930638387799263000e+00 -1.054426249861717224e+01 5.205798847600817680e-01
6.149876669049263000e+00 -1.074482402205467224e+01 5.203510029241442680e-01
6.380467489361763000e+00 -1.095576152205467224e+01 5.201068622991442680e-01
6.621800497174263000e+00 -1.117658671736717224e+01 5.198474628850817680e-01
6.874486044049263000e+00 -1.140607890486717224e+01 5.195270283147692680e-01
7.126683309674263000e+00 -1.162482890486717224e+01 5.188709003850817680e-01
7.390843465924263000e+00 -1.185358867049217224e+01 5.184894306585192680e-01
5.663670614361763000e+00 -1.023591288924217224e+01 5.715137226507067680e-01
5.869114950299263000e+00 -1.042231425642967224e+01 5.724597675725817680e-01
6.084202840924263000e+00 -1.061762675642967224e+01 5.734515888616442680e-01
6.310399129986763000e+00 -1.082294902205467224e+01 5.744891865178942680e-01
6.547093465924263000e+00 -1.103767070174217224e+01 5.755725605413317680e-01
6.796483114361763000e+00 -1.126411113142967224e+01 5.767322285100817680e-01
7.048070028424263000e+00 -1.148432597517967224e+01 5.775867206975817680e-01
7.307591512799263000e+00 -1.170771464705467224e+01 5.783344013616442680e-01
5.695897176861763000e+00 -1.029340800642967224e+01 6.257739765569567680e-01
5.907811239361763000e+00 -1.049079570174217224e+01 6.279102070257067680e-01
6.130345419049263000e+00 -1.069843730330467224e+01 6.304736835882067680e-01
6.364964559674263000e+00 -1.091743144392967224e+01 6.331744892522692680e-01
6.610936239361763000e+00 -1.114692363142967224e+01 6.359973652288317680e-01
6.870091512799263000e+00 -1.138801249861717224e+01 6.389575703069567680e-01
7.127537801861763000e+00 -1.161579570174217224e+01 6.413989765569567680e-01
7.398411825299263000e+00 -1.185590800642967224e+01 6.443439228460192680e-01
5.714451864361763000e+00 -1.032429179549217224e+01 6.794849140569567680e-01
5.919774129986763000e+00 -1.050861796736717224e+01 6.827502949163317680e-01
6.134617879986763000e+00 -1.070136699080467224e+01 6.861530048772692680e-01
6.360447958111763000e+00 -1.090388163924217224e+01 6.897388203069567680e-01
6.596409872174263000e+00 -1.111567363142967224e+01 6.934924824163317680e-01
6.845677450299263000e+00 -1.134003886580467224e+01 6.974902851507067680e-01
7.092137411236763000e+00 -1.154975566267967224e+01 7.008929951116442680e-01
7.350316122174263000e+00 -1.176948222517967224e+01 7.044482929632067680e-01
5.667821004986763000e+00 -1.022907695174217224e+01 7.290759785100817680e-01
5.870213583111763000e+00 -1.040949687361717224e+01 7.334094746038317680e-01
6.095189169049263000e+00 -1.062299785017967224e+01 7.388721210882067680e-01
6.333226278424263000e+00 -1.084931620955467224e+01 7.443805439397692680e-01
6.583714559674263000e+00 -1.108784160017967224e+01 7.504840595647692680e-01
6.850682333111763000e+00 -1.134370097517967224e+01 7.573962910100817680e-01
7.113255575299263000e+00 -1.158076152205467224e+01 7.631793720647692680e-01
7.389622762799263000e+00 -1.183051738142967224e+01 7.692676289007067680e-01
5.733128622174263000e+00 -1.035053691267967224e+01 7.869373066350817680e-01
5.952855184674263000e+00 -1.056123027205467224e+01 7.934222919866442680e-01
6.184422567486763000e+00 -1.078364238142967224e+01 8.005939228460192680e-01
1.579880245029926300e+01 -2.807722148299217224e+01 1.524837086908519268e+00
1.603940303623676300e+01 -2.796442851424217224e+01 1.514049123041331768e+00
1.595541866123676300e+01 -2.728107890486717224e+01 1.479518483392894268e+00
1.618710811436176300e+01 -2.716267070174217224e+01 1.468608449213206768e+00
1.638205440342426300e+01 -2.698225077986717224e+01 1.455913136713206768e+00
5.462620809674263000e+00 -8.649609178304672241e+00 -1.684765117242932320e-01
5.518651083111763000e+00 -8.582592576742172241e+00 -1.703533427789807320e-01
5.572239950299263000e+00 -8.512158006429672241e+00 -1.722454326227307320e-01
5.625584676861763000e+00 -8.442089647054672241e+00 -1.741375224664807320e-01
5.678563192486763000e+00 -8.372631639242172241e+00 -1.759990947321057320e-01
5.731297567486763000e+00 -8.303295701742172241e+00 -1.778606669977307320e-01
5.783543661236763000e+00 -8.234692186117172241e+00 -1.797069804742932320e-01
5.833104208111763000e+00 -8.163158982992172241e+00 -1.815532939508557320e-01
5.958470419049263000e+00 -9.488232225179672241e+00 -1.686443584039807320e-01
6.014012411236763000e+00 -9.404614061117172241e+00 -1.705517070367932320e-01
6.069066122174263000e+00 -9.321484178304672241e+00 -1.724437968805432320e-01
6.127171590924263000e+00 -9.244091600179672241e+00 -1.743664043024182320e-01
6.181492879986763000e+00 -9.162182420492172241e+00 -1.762279765680432320e-01
6.232152059674263000e+00 -9.075390428304672241e+00 -1.780437724664807320e-01
6.285618856549263000e+00 -8.994824022054672241e+00 -1.798900859430432320e-01
6.338719442486763000e+00 -8.914745897054672241e+00 -1.817058818414807320e-01
6.514988973736763000e+00 -1.042927226424217224e+01 -1.649059550836682320e-01
6.563206747174263000e+00 -1.031574687361717224e+01 -1.661419169977307320e-01
6.610814169049263000e+00 -1.020356425642967224e+01 -1.673473613336682320e-01
6.658055379986763000e+00 -1.009223613142967224e+01 -1.685680644586682320e-01
6.704564169049263000e+00 -9.982739061117172241e+00 -1.697429912164807320e-01
6.750706747174263000e+00 -9.873974412679672241e+00 -1.709331767633557320e-01
6.806614950299263000e+00 -9.782787889242172241e+00 -1.729473369196057320e-01
6.866673544049263000e+00 -9.699169725179672241e+00 -1.753124492242932320e-01
7.128026083111763000e+00 -1.146528300642967224e+01 -1.556438701227307320e-01
7.210911825299263000e+00 -1.139008769392967224e+01 -1.592449443414807320e-01
7.289891317486763000e+00 -1.130927714705467224e+01 -1.629070537164807320e-01
7.361546590924263000e+00 -1.121686992049217224e+01 -1.660198466852307320e-01
7.425145223736763000e+00 -1.111372050642967224e+01 -1.685680644586682320e-01
7.488377645611763000e+00 -1.101093730330467224e+01 -1.711010234430432320e-01
7.550999715924263000e+00 -1.090937480330467224e+01 -1.736034648492932320e-01
7.609105184674263000e+00 -1.080268535017967224e+01 -1.761059062555432320e-01
7.869847372174263000e+00 -1.271870097517967224e+01 -1.434520976617932320e-01
7.968724325299263000e+00 -1.264692363142967224e+01 -1.483654277399182320e-01
8.063817098736763000e+00 -1.256916484236717224e+01 -1.530498759821057320e-01
8.159031942486763000e+00 -1.249128398299217224e+01 -1.577343242242932320e-01
8.253758504986763000e+00 -1.241389140486717224e+01 -1.624035136774182320e-01
8.348607137799263000e+00 -1.233637675642967224e+01 -1.670727031305432320e-01
8.412571981549263000e+00 -1.221308574080467224e+01 -1.697429912164807320e-01
8.463597372174263000e+00 -1.207258281111717224e+01 -1.715893046930432320e-01
9.130711629986763000e+00 -1.485163554549217224e+01 -1.477398173883557320e-01
9.214207723736763000e+00 -1.471418437361717224e+01 -1.512951152399182320e-01
9.293309286236763000e+00 -1.457197245955467224e+01 -1.550335185602307320e-01
9.371922567486763000e+00 -1.443061503767967224e+01 -1.587414043024182320e-01
8.744603231549263000e+00 -1.318122538924217224e+01 -1.225933330133557320e-01
9.328221395611763000e+00 -1.384516581892967224e+01 -1.548656718805432320e-01
9.442357137799263000e+00 -1.377094706892967224e+01 -1.606029765680432320e-01
9.550755575299263000e+00 -1.368830546736717224e+01 -1.664318339899182320e-01
1.242697627842426300e+01 -2.043305644392967224e+01 -2.260631816461682320e-01
1.261935909092426300e+01 -2.037263163924217224e+01 -2.356914775446057320e-01
1.279416377842426300e+01 -2.028193339705467224e+01 -2.444805400446057320e-01
1.323398311436176300e+01 -2.061396464705467224e+01 -2.659649150446057320e-01
8.746800497174263000e+00 -1.317902812361717224e+01 -5.138056445866823196e-02
1.368369014561176300e+01 -2.056818827986717224e+01 -2.883800761774182320e-01
1.077292354404926300e+01 -1.578388652205467224e+01 -1.491436259821057320e-01
1.083542354404926300e+01 -1.559687480330467224e+01 -1.524547832086682320e-01
1.330893428623676300e+01 -2.191840800642967224e+01 -1.517986552789807320e-01
1.357651241123676300e+01 -2.195527324080467224e+01 -1.642650859430432320e-01
1.389828975498676300e+01 -2.207490214705467224e+01 -1.782268779352307320e-01
1.422922237217426300e+01 -2.219941386580467224e+01 -1.932415263727307320e-01
8.749119833111763000e+00 -1.317683085799217224e+01 2.019841503351926804e-02
1.474887569248676300e+01 -2.220417460799217224e+01 -2.177776591852307320e-01
1.499399287998676300e+01 -2.217878398299217224e+01 -2.301372783258557320e-01
1.523532588779926300e+01 -2.214423808455467224e+01 -2.417186992242932320e-01
1.403879268467426300e+01 -2.314484843611717224e+01 -5.652277637273073196e-02
1.434079463779926300e+01 -2.321589335799217224e+01 -6.943171191960573196e-02
1.469577510654926300e+01 -2.336640605330467224e+01 -8.398859668523073196e-02
1.508481319248676300e+01 -2.355988749861717224e+01 -9.968989063054323196e-02
8.751317098736763000e+00 -1.317475566267967224e+01 9.138066601008176804e-02
1.580270870029926300e+01 -2.382148417830467224e+01 -1.295208232477307320e-01
1.615195186436176300e+01 -2.392463359236717224e+01 -1.442455546930432320e-01
1.649802120029926300e+01 -2.401508769392967224e+01 -1.589397685602307320e-01
1.466220577061176300e+01 -2.418977031111717224e+01 5.338628124445676804e-02
1.501437862217426300e+01 -2.432465800642967224e+01 4.020268749445676804e-02
1.534335811436176300e+01 -2.441193827986717224e+01 2.738530468195676804e-02
1.575314815342426300e+01 -2.461933574080467224e+01 1.269109081476926804e-02
8.753514364361763000e+00 -1.317255839705467224e+01 1.625629169866442680e-01
1.655185420811176300e+01 -2.496735820174217224e+01 -1.668207813054323196e-02
1.676132686436176300e+01 -2.483808574080467224e+01 -2.721064258366823196e-02
1.735995967686176300e+01 -2.528779277205467224e+01 -4.680292773991823196e-02
1.522641475498676300e+01 -2.513386210799217224e+01 1.758533222600817680e-01
1.560287959873676300e+01 -2.529108867049217224e+01 1.634631855413317680e-01
1.598569209873676300e+01 -2.544831523299217224e+01 1.508136494085192680e-01
1.619247920811176300e+01 -2.531159648299217224e+01 1.402850849553942680e-01
8.755711629986763000e+00 -1.317036113142967224e+01 2.340961201116442680e-01
1.628781612217426300e+01 -2.454926738142967224e+01 1.237445576116442680e-01
1.761581905186176300e+01 -2.612177714705467224e+01 9.704167675226926804e-02
1.698276241123676300e+01 -2.471601542830467224e+01 9.881169628351926804e-02
1.571774776279926300e+01 -2.595368632674217224e+01 3.078723652288317680e-01
1.580466182529926300e+01 -2.561481913924217224e+01 2.976489765569567680e-01
1.596994502842426300e+01 -2.541144999861717224e+01 2.872729999944567680e-01
1.674594600498676300e+01 -2.618574199080467224e+01 2.741504414007067680e-01
8.757908895611763000e+00 -1.316816386580467224e+01 3.052478535100817680e-01
1.647397334873676300e+01 -2.482587870955467224e+01 2.563434345647692680e-01
1.769052608311176300e+01 -2.622382792830467224e+01 2.395740253850817680e-01
1.694272334873676300e+01 -2.464619120955467224e+01 2.350879414007067680e-01
1.634042842686176300e+01 -2.699482402205467224e+01 4.502368671819567680e-01
1.600778682529926300e+01 -2.594050273299217224e+01 4.360614521428942680e-01
1.719211299717426300e+01 -2.739057597517967224e+01 4.293475849553942680e-01
1.611362178623676300e+01 -2.516352519392967224e+01 4.126086933538317680e-01
8.760228231549263000e+00 -1.316608867049217224e+01 3.763995869085192680e-01
1.655014522373676300e+01 -2.493269023299217224e+01 3.916888935491442680e-01
1.725681026279926300e+01 -2.555634745955467224e+01 3.829608662053942680e-01
1.690268428623676300e+01 -2.457636699080467224e+01 3.713489277288317680e-01
1.586227901279926300e+01 -2.617451152205467224e+01 5.859943134710192680e-01
1.611496455967426300e+01 -2.610664042830467224e+01 5.758472187444567680e-01
1.749399287998676300e+01 -2.786994609236717224e+01 5.810046894475817680e-01
1.644296748936176300e+01 -2.567878398299217224e+01 5.530353290960192680e-01
8.762425497174263000e+00 -1.316389140486717224e+01 4.479022724553942680e-01
1.639609248936176300e+01 -2.468476542830467224e+01 5.263629658147692680e-01
1.757809932529926300e+01 -2.603168925642967224e+01 5.261188251897692680e-01
1.741745479404926300e+01 -2.533088359236717224e+01 5.114703876897692680e-01
7.392308309674263000e+00 -1.185541972517967224e+01 5.185046894475817680e-01
7.670750692486763000e+00 -1.209711894392967224e+01 5.175891621038317680e-01
7.963475301861763000e+00 -1.235090312361717224e+01 5.169635517522692680e-01
8.273045614361763000e+00 -1.261933574080467224e+01 5.163074238225817680e-01
8.598851278424263000e+00 -1.290180644392967224e+01 5.156207783147692680e-01
8.942235067486763000e+00 -1.319794902205467224e+01 5.148425800725817680e-01
9.272069051861763000e+00 -1.346125468611717224e+01 5.134082539007067680e-01
9.621068075299263000e+00 -1.374140605330467224e+01 5.123401386663317680e-01
7.309056356549263000e+00 -1.170954570174217224e+01 5.783496601507067680e-01
7.588231161236763000e+00 -1.195490702986717224e+01 5.795093281194567680e-01
7.882420614361763000e+00 -1.221369609236717224e+01 5.807452900335192680e-01
8.194066122174263000e+00 -1.248774394392967224e+01 5.820422871038317680e-01
8.522435262799263000e+00 -1.277656230330467224e+01 5.834003193303942680e-01
8.871434286236763000e+00 -1.308344706892967224e+01 5.848499042913317680e-01
9.210301473736763000e+00 -1.336225566267967224e+01 5.855823261663317680e-01
9.562840536236763000e+00 -1.364924296736717224e+01 5.862079365178942680e-01
7.399998739361763000e+00 -1.185786113142967224e+01 6.443744404241442680e-01
7.684666708111763000e+00 -1.210957011580467224e+01 6.469531757757067680e-01
7.985447958111763000e+00 -1.237580546736717224e+01 6.500354511663317680e-01
8.291478231549263000e+00 -1.263776835799217224e+01 6.528125507757067680e-01
8.613133504986763000e+00 -1.291303691267967224e+01 6.557269794866442680e-01
8.899510458111763000e+00 -1.312104472517967224e+01 6.568561298772692680e-01
9.276707723736763000e+00 -1.345698222517967224e+01 6.607928974553942680e-01
9.620946004986763000e+00 -1.372968730330467224e+01 6.634479267522692680e-01
7.351780965924263000e+00 -1.177119120955467224e+01 7.044940693303942680e-01
7.622654989361763000e+00 -1.200141581892967224e+01 7.084613544866442680e-01
7.907200887799263000e+00 -1.224335917830467224e+01 7.126270039007067680e-01
8.207860067486763000e+00 -1.249897441267967224e+01 7.170215351507067680e-01
8.523655965924263000e+00 -1.276740702986717224e+01 7.216296894475817680e-01
8.878514364361763000e+00 -1.308308085799217224e+01 7.274432880803942680e-01
9.225438192486763000e+00 -1.337397441267967224e+01 7.323413593694567680e-01
9.587498739361763000e+00 -1.367438945174217224e+01 7.373157246038317680e-01
7.391209676861763000e+00 -1.183247050642967224e+01 7.693286640569567680e-01
7.683446004986763000e+00 -1.209663066267967224e+01 7.760577900335192680e-01
7.992161825299263000e+00 -1.237604960799217224e+01 7.831531269475817680e-01
8.319554403424263000e+00 -1.267170390486717224e+01 7.902942402288317680e-01
1.705942256748676300e+01 -2.612348613142967224e+01 1.256160329096019268e+00
1.804636104404926300e+01 -2.716865214705467224e+01 1.286922047846019268e+00
1.730576045811176300e+01 -2.556550273299217224e+01 1.225261281244456768e+00
2.044492061436176300e+01 -2.976667460799217224e+01 1.362575124017894268e+00
1.638266475498676300e+01 -2.698127421736717224e+01 1.455852101556956768e+00
1.656674678623676300e+01 -2.678474101424217224e+01 1.441646168939769268e+00
1.603012569248676300e+01 -2.542011699080467224e+01 1.380656789056956768e+00
1.668845088779926300e+01 -2.600324687361717224e+01 1.399089406244456768e+00
1.706113155186176300e+01 -2.611481913924217224e+01 1.398219655267894268e+00
1.713156612217426300e+01 -2.575178202986717224e+01 1.378200124017894268e+00
1.797263057529926300e+01 -2.656098613142967224e+01 1.405055592767894268e+00
1.731564815342426300e+01 -2.511640605330467224e+01 1.342814992181956768e+00
5.833104208111763000e+00 -8.162548631429672241e+00 -1.815380351617932320e-01
5.884984090924263000e+00 -8.095287889242172241e+00 -1.833538310602307320e-01
5.936863973736763000e+00 -8.028637498617172241e+00 -1.854137675836682320e-01
5.990086629986763000e+00 -7.964062303304672241e+00 -1.876262919977307320e-01
6.042943075299263000e+00 -7.900097459554672241e+00 -1.898082988336682320e-01
6.096043661236763000e+00 -7.836620897054672241e+00 -1.920208232477307320e-01
6.153050497174263000e+00 -7.779491990804672241e+00 -1.946300761774182320e-01
6.207737997174263000e+00 -7.719555467367172241e+00 -1.972545878961682320e-01
6.338719442486763000e+00 -8.914257615804672241e+00 -1.817058818414807320e-01
6.389744833111763000e+00 -8.832226365804672241e+00 -1.835521953180432320e-01
6.446751669049263000e+00 -8.759960740804672241e+00 -1.859630839899182320e-01
6.506566122174263000e+00 -8.691967576742172241e+00 -1.883739726617932320e-01
6.563084676861763000e+00 -8.620434373617172241e+00 -1.907543437555432320e-01
6.616429403424263000e+00 -8.544750779867172241e+00 -1.931347148492932320e-01
6.672215536236763000e+00 -8.473827928304672241e+00 -1.954998271539807320e-01
6.727879598736763000e+00 -8.403271287679672241e+00 -1.978344218805432320e-01
6.866795614361763000e+00 -9.698681443929672241e+00 -1.753124492242932320e-01
6.928319051861763000e+00 -9.618115037679672241e+00 -1.779979960992932320e-01
6.995579794049263000e+00 -9.546948045492172241e+00 -1.811718242242932320e-01
7.062840536236763000e+00 -9.475658982992172241e+00 -1.843456523492932320e-01
7.129735067486763000e+00 -9.404858201742172241e+00 -1.874889628961682320e-01
7.196629598736763000e+00 -9.333935350179672241e+00 -1.906475322321057320e-01
7.263035848736763000e+00 -9.263622850179672241e+00 -1.937755839899182320e-01
7.322484090924263000e+00 -9.184765428304672241e+00 -1.963695781305432320e-01
7.609105184674263000e+00 -1.080207499861717224e+01 -1.761059062555432320e-01
7.672337606549263000e+00 -1.070454081892967224e+01 -1.785625712946057320e-01
7.731053426861763000e+00 -1.060200175642967224e+01 -1.810192363336682320e-01
7.789647176861763000e+00 -1.049982890486717224e+01 -1.834759013727307320e-01
7.847630575299263000e+00 -1.039875468611717224e+01 -1.859020488336682320e-01
7.905247762799263000e+00 -1.029816874861717224e+01 -1.883129375055432320e-01
7.962376669049263000e+00 -1.019855937361717224e+01 -1.906933085992932320e-01
8.014866903424263000e+00 -1.009443339705467224e+01 -1.930889384821057320e-01
8.463475301861763000e+00 -1.207172831892967224e+01 -1.715740459039807320e-01
8.510838583111763000e+00 -1.192853984236717224e+01 -1.733898418024182320e-01
8.563695028424263000e+00 -1.179572734236717224e+01 -1.755718486383557320e-01
8.625218465924263000e+00 -1.167695292830467224e+01 -1.783184306696057320e-01
8.686131551861763000e+00 -1.155952128767967224e+01 -1.810344951227307320e-01
8.746678426861763000e+00 -1.144269999861717224e+01 -1.837353007867932320e-01
8.806614950299263000e+00 -1.132734355330467224e+01 -1.864055888727307320e-01
8.865941122174263000e+00 -1.121284160017967224e+01 -1.890606181696057320e-01
9.551121786236763000e+00 -1.368793925642967224e+01 -1.664623515680432320e-01
9.668431356549263000e+00 -1.361860331892967224e+01 -1.721538798883557320e-01
9.711522176861763000e+00 -1.344221171736717224e+01 -1.740764873102307320e-01
9.749852254986763000e+00 -1.326166972517967224e+01 -1.757396953180432320e-01
9.787571981549263000e+00 -1.308442363142967224e+01 -1.773723857477307320e-01
9.824803426861763000e+00 -1.290925273299217224e+01 -1.789898173883557320e-01
9.873143270611763000e+00 -1.275324687361717224e+01 -1.812481181696057320e-01
9.927220419049263000e+00 -1.260737285017967224e+01 -1.842083232477307320e-01
1.083517940342426300e+01 -1.559553202986717224e+01 -1.524395244196057320e-01
1.089572627842426300e+01 -1.540937480330467224e+01 -1.558117168024182320e-01
1.100998409092426300e+01 -1.530378398299217224e+01 -1.617626445367932320e-01
1.094785030186176300e+01 -1.494855937361717224e+01 -1.592144267633557320e-01
1.124265010654926300e+01 -1.509894999861717224e+01 -1.738476054742932320e-01
1.130856807529926300e+01 -1.492805156111717224e+01 -1.774639384821057320e-01
1.137350948154926300e+01 -1.475959452986717224e+01 -1.810192363336682320e-01
1.143784053623676300e+01 -1.459284648299217224e+01 -1.845440166071057320e-01
1.523630245029926300e+01 -2.214423808455467224e+01 -2.417644755914807320e-01
1.547812373936176300e+01 -2.210737285017967224e+01 -2.535290019586682320e-01
1.574838741123676300e+01 -2.210810527205467224e+01 -2.657818095758557320e-01
1.095029170811176300e+01 -1.494599589705467224e+01 -7.519953418523073196e-02
1.643661983311176300e+01 -2.229987773299217224e+01 -2.976421611383557320e-01
1.323251827061176300e+01 -1.754548320174217224e+01 -1.702312724664807320e-01
1.318759639561176300e+01 -1.718464335799217224e+01 -1.705517070367932320e-01
1.328403194248676300e+01 -1.701874980330467224e+01 -1.760601298883557320e-01
1.649985225498676300e+01 -2.401618632674217224e+01 -1.590160625055432320e-01
1.685190303623676300e+01 -2.410737285017967224e+01 -1.740612285211682320e-01
1.715854366123676300e+01 -2.412519511580467224e+01 -1.877483623102307320e-01
1.095285518467426300e+01 -1.494343242049217224e+01 8.357594721019268036e-03
1.781931026279926300e+01 -2.420881327986717224e+01 -2.168010966852307320e-01
1.820065791904926300e+01 -2.430976542830467224e+01 -2.330974834039807320e-01
1.851840694248676300e+01 -2.431867656111717224e+01 -2.473491923883557320e-01
1.877792842686176300e+01 -2.424543437361717224e+01 -2.597393291071057320e-01
1.736191280186176300e+01 -2.528913554549217224e+01 -4.687922168523073196e-02
1.773569209873676300e+01 -2.538935527205467224e+01 -6.145136523991823196e-02
1.809433467686176300e+01 -2.545930156111717224e+01 -7.577936816960573196e-02
1.095541866123676300e+01 -1.494099101424217224e+01 9.188420604914426804e-02
1.880881221592426300e+01 -2.557087382674217224e+01 -1.046795146539807320e-01
1.879074580967426300e+01 -2.510395488142967224e+01 -1.099285380914807320e-01
1.975510127842426300e+01 -2.596479472517967224e+01 -1.397899882867932320e-01
2.018637569248676300e+01 -2.608955058455467224e+01 -1.564983623102307320e-01
1.698410518467426300e+01 -2.471650370955467224e+01 9.876591991633176804e-02
1.793027217686176300e+01 -2.566328105330467224e+01 7.686955761164426804e-02
1.841330440342426300e+01 -2.590656718611717224e+01 6.170232128351926804e-02
1.095798213779926300e+01 -1.493842753767967224e+01 1.758533222600817680e-01
1.887216670811176300e+01 -2.564826640486717224e+01 3.914983104914426804e-02
1.890817745029926300e+01 -2.525373515486717224e+01 3.116948436945676804e-02
2.062473018467426300e+01 -2.711848124861717224e+01 -6.107737310230731964e-03
2.111899287998676300e+01 -2.730610331892967224e+01 -2.264826465398073196e-02
1.694406612217426300e+01 -2.464655742049217224e+01 2.350421650335192680e-01
1.805942256748676300e+01 -2.584113749861717224e+01 2.179828388616442680e-01
1.824265010654926300e+01 -2.565107402205467224e+01 2.073169453069567680e-01
1.096042354404926300e+01 -1.493586406111717224e+01 2.593646747991442680e-01
2.052512080967426300e+01 -2.792780742049217224e+01 1.689868671819567680e-01
1.899472530186176300e+01 -2.536140117049217224e+01 1.735187275335192680e-01
1.904489620029926300e+01 -2.499384745955467224e+01 1.641650898382067680e-01
1.936337764561176300e+01 -2.498664531111717224e+01 1.522021992132067680e-01
1.690402705967426300e+01 -2.457673320174217224e+01 3.713184101507067680e-01
1.801254756748676300e+01 -2.576203593611717224e+01 3.617358906194567680e-01
1.894308955967426300e+01 -2.664533671736717224e+01 3.502002460882067680e-01
1.096298702061176300e+01 -1.493342265486717224e+01 3.428607685491442680e-01
2.132101924717426300e+01 -2.901862773299217224e+01 3.254962665960192680e-01
1.900351436436176300e+01 -2.536323222517967224e+01 3.172412617132067680e-01
2.236301143467426300e+01 -2.942145976424217224e+01 3.002277119085192680e-01
1.938620479404926300e+01 -2.500666484236717224e+01 2.962451679632067680e-01
1.741733272373676300e+01 -2.532917460799217224e+01 5.114246113225817680e-01
1.795468623936176300e+01 -2.566682109236717224e+01 5.037646992132067680e-01
1.833395870029926300e+01 -2.576081523299217224e+01 4.943347675725817680e-01
1.096555049717426300e+01 -1.493085917830467224e+01 4.267841083928942680e-01
1.882809932529926300e+01 -2.555622538924217224e+01 4.729572040960192680e-01
1.896774776279926300e+01 -2.530439433455467224e+01 4.615131122991442680e-01
1.937265498936176300e+01 -2.541218242049217224e+01 4.516559345647692680e-01
1.930942256748676300e+01 -2.489594706892967224e+01 4.392810566350817680e-01
9.623143270611763000e+00 -1.374360331892967224e+01 5.123553974553942680e-01
9.992528036236763000e+00 -1.404084452986717224e+01 5.105853779241442680e-01
1.038229854404926300e+01 -1.435383281111717224e+01 5.091357929632067680e-01
1.079623897373676300e+01 -1.468635234236717224e+01 5.075946552678942680e-01
1.121603877842426300e+01 -1.501350077986717224e+01 5.057178242132067680e-01
1.163303096592426300e+01 -1.532136210799217224e+01 5.033069355413317680e-01
1.207126338779926300e+01 -1.564509257674217224e+01 5.007892353460192680e-01
1.253329952061176300e+01 -1.598566874861717224e+01 4.985919697210192680e-01
9.565037801861763000e+00 -1.365156230330467224e+01 5.862384540960192680e-01
9.937840536236763000e+00 -1.395527324080467224e+01 5.871082050725817680e-01
1.033249385654926300e+01 -1.427656230330467224e+01 5.880542499944567680e-01
1.075217159092426300e+01 -1.461848124861717224e+01 5.890460712835192680e-01
1.118344600498676300e+01 -1.496223124861717224e+01 5.898090107366442680e-01
1.160495479404926300e+01 -1.527705058455467224e+01 5.897937519475817680e-01
1.204843623936176300e+01 -1.560834941267967224e+01 5.897937519475817680e-01
1.251755245029926300e+01 -1.595869120955467224e+01 5.897784931585192680e-01
9.623021200299263000e+00 -1.373188456892967224e+01 6.634937031194567680e-01
9.986668661236763000e+00 -1.402058085799217224e+01 6.657214863225817680e-01
1.036996944248676300e+01 -1.432441386580467224e+01 6.684985859319567680e-01
1.077658565342426300e+01 -1.464680156111717224e+01 6.714435322210192680e-01
1.119247920811176300e+01 -1.496882304549217224e+01 6.741443378850817680e-01
1.160214717686176300e+01 -1.526728495955467224e+01 6.760822040960192680e-01
1.203244502842426300e+01 -1.558063945174217224e+01 6.781116230413317680e-01
1.248557002842426300e+01 -1.591035136580467224e+01 6.807208759710192680e-01
9.589696004986763000e+00 -1.367670878767967224e+01 7.373615009710192680e-01
9.973485067486763000e+00 -1.399555644392967224e+01 7.429309589788317680e-01
1.038058955967426300e+01 -1.433381327986717224e+01 7.488361103460192680e-01
1.081467159092426300e+01 -1.469440898299217224e+01 7.551379902288317680e-01
1.125119502842426300e+01 -1.504377421736717224e+01 7.609058124944567680e-01
1.168613155186176300e+01 -1.537507304549217224e+01 7.659259540960192680e-01
1.214474971592426300e+01 -1.572443827986717224e+01 7.712360126897692680e-01
2.671274287998676300e+01 -3.456916484236717224e+01 1.271144459955394268e+00
1.738852412998676300e+01 -2.523347148299217224e+01 1.207698415033519268e+00
1.765549190342426300e+01 -2.517792949080467224e+01 1.200206349603831768e+00
1.766928584873676300e+01 -2.475703105330467224e+01 1.180369923822581768e+00
1.802731807529926300e+01 -2.482807597517967224e+01 1.176356862299144268e+00
1.839108760654926300e+01 -2.490082988142967224e+01 1.173060963861644268e+00
2.404562862217426300e+01 -3.214680156111717224e+01 1.407237599603831768e+00
2.398923213779926300e+01 -3.152082499861717224e+01 1.379146168939769268e+00
2.746115596592426300e+01 -3.553693827986717224e+01 1.502315114252269268e+00
1.731613643467426300e+01 -2.511567363142967224e+01 1.342769215814769268e+00
1.758334834873676300e+01 -2.506257304549217224e+01 1.335155080072581768e+00
1.786288936436176300e+01 -2.502363261580467224e+01 1.328822682611644268e+00
1.815244014561176300e+01 -2.499372538924217224e+01 1.322764943353831768e+00
2.575143916904926300e+01 -3.505427226424217224e+01 1.709270070306956768e+00
2.407028682529926300e+01 -3.216743144392967224e+01 1.590541432611644268e+00
2.463022334873676300e+01 -3.236323222517967224e+01 1.591594289056956768e+00
2.654526241123676300e+01 -3.432221660017967224e+01 1.661082814447581768e+00
6.207860067486763000e+00 -7.719311326742172241e+00 -1.972698466852307320e-01
6.264988973736763000e+00 -7.662914842367172241e+00 -1.998638408258557320e-01
6.319676473736763000e+00 -7.603710740804672241e+00 -2.024730937555432320e-01
6.374363973736763000e+00 -7.544384568929672241e+00 -2.050823466852307320e-01
6.428685262799263000e+00 -7.485424607992172241e+00 -2.076763408258557320e-01
6.483128622174263000e+00 -7.426342576742172241e+00 -2.102703349664807320e-01
6.537205770611763000e+00 -7.367626756429672241e+00 -2.128490703180432320e-01
6.588719442486763000e+00 -7.306225389242172241e+00 -2.154278056696057320e-01
6.728001669049263000e+00 -8.402905076742172241e+00 -1.978496806696057320e-01
6.780980184674263000e+00 -8.329540818929672241e+00 -2.001690166071057320e-01
6.833714559674263000e+00 -8.256542772054672241e+00 -2.025036113336682320e-01
6.889500692486763000e+00 -8.187450975179672241e+00 -2.048229472711682320e-01
6.941868856549263000e+00 -8.115063279867172241e+00 -2.071270244196057320e-01
6.990941122174263000e+00 -8.039013475179672241e+00 -2.094158427789807320e-01
7.042698934674263000e+00 -7.967236131429672241e+00 -2.116894023492932320e-01
7.094212606549263000e+00 -7.895947068929672241e+00 -2.139629619196057320e-01
7.322606161236763000e+00 -9.184277147054672241e+00 -1.963695781305432320e-01
7.373753622174263000e+00 -9.095287889242172241e+00 -1.985058085992932320e-01
7.424656942486763000e+00 -9.006786912679672241e+00 -2.006267802789807320e-01
7.475316122174263000e+00 -8.918652147054672241e+00 -2.027477519586682320e-01
7.526341512799263000e+00 -8.832348436117172241e+00 -2.048992412164807320e-01
7.583714559674263000e+00 -8.754223436117172241e+00 -2.075695293024182320e-01
7.640721395611763000e+00 -8.676830857992172241e+00 -2.102092998102307320e-01
7.697484090924263000e+00 -8.599682420492172241e+00 -2.128490703180432320e-01
8.015111044049263000e+00 -1.009418925642967224e+01 -1.930889384821057320e-01
8.074193075299263000e+00 -9.999950975179672241e+00 -1.955303447321057320e-01
8.142918661236763000e+00 -9.918896287679672241e+00 -1.989483134821057320e-01
8.211155965924263000e+00 -9.837231248617172241e+00 -2.023510234430432320e-01
8.270115926861763000e+00 -9.745312303304672241e+00 -2.050976054742932320e-01
8.329075887799263000e+00 -9.653515428304672241e+00 -2.078441875055432320e-01
8.387303426861763000e+00 -9.562573045492172241e+00 -2.105755107477307320e-01
8.440648153424263000e+00 -9.466747850179672241e+00 -2.132457988336682320e-01
8.866185262799263000e+00 -1.121247538924217224e+01 -1.890606181696057320e-01
8.922581747174263000e+00 -1.109565410017967224e+01 -1.917003886774182320e-01
8.978489950299263000e+00 -1.097980937361717224e+01 -1.943249003961682320e-01
9.046116903424263000e+00 -1.087934550642967224e+01 -1.976818339899182320e-01
9.113255575299263000e+00 -1.077973613142967224e+01 -2.010235087946057320e-01
9.175389364361763000e+00 -1.067463359236717224e+01 -2.040447490289807320e-01
9.237034872174263000e+00 -1.057050761580467224e+01 -2.070507304742932320e-01
9.298314169049263000e+00 -1.046699199080467224e+01 -2.100261943414807320e-01
9.927708700299263000e+00 -1.260712870955467224e+01 -1.842235820367932320e-01
1.000217159092426300e+01 -1.249006327986717224e+01 -1.877178447321057320e-01
1.006894405186176300e+01 -1.236433085799217224e+01 -1.911663310602307320e-01
1.013547237217426300e+01 -1.223908671736717224e+01 -1.945995585992932320e-01
1.020139034092426300e+01 -1.211506327986717224e+01 -1.979870097711682320e-01
1.026706416904926300e+01 -1.199165019392967224e+01 -2.013744609430432320e-01
1.033200557529926300e+01 -1.186945781111717224e+01 -2.047313945367932320e-01
1.038901241123676300e+01 -1.173945292830467224e+01 -2.080272929742932320e-01
1.143784053623676300e+01 -1.459186992049217224e+01 -1.845440166071057320e-01
1.149863155186176300e+01 -1.442329081892967224e+01 -1.880382793024182320e-01
1.155881221592426300e+01 -1.425642070174217224e+01 -1.915020244196057320e-01
1.161862666904926300e+01 -1.409064921736717224e+01 -1.949352519586682320e-01
1.167770870029926300e+01 -1.392707499861717224e+01 -1.983227031305432320e-01
1.173630245029926300e+01 -1.376472148299217224e+01 -2.016948955133557320e-01
1.179428584873676300e+01 -1.360456523299217224e+01 -2.050213115289807320e-01
1.185178096592426300e+01 -1.344611796736717224e+01 -2.083172099664807320e-01
1.328439815342426300e+01 -1.701826152205467224e+01 -1.760753886774182320e-01
1.321176631748676300e+01 -1.663544902205467224e+01 -1.747783916071057320e-01
1.348007686436176300e+01 -1.669599589705467224e+01 -1.868938701227307320e-01
1.349826534092426300e+01 -1.643684062361717224e+01 -1.892895000055432320e-01
1.353061397373676300e+01 -1.620087870955467224e+01 -1.922191875055432320e-01
1.360617549717426300e+01 -1.602058085799217224e+01 -1.969188945367932320e-01
1.366708858311176300e+01 -1.582636699080467224e+01 -2.014965312555432320e-01
1.368503291904926300e+01 -1.558454570174217224e+01 -2.037700908258557320e-01
1.877927120029926300e+01 -2.424567851424217224e+01 -2.597851054742932320e-01
1.321457393467426300e+01 -1.663264140486717224e+01 -7.834284473210573196e-02
1.924020870029926300e+01 -2.401728495955467224e+01 -2.828869121149182320e-01
1.623813350498676300e+01 -1.985688456892967224e+01 -1.855053203180432320e-01
1.632712276279926300e+01 -1.963312968611717224e+01 -1.916546123102307320e-01
1.641562373936176300e+01 -1.941071757674217224e+01 -1.977581279352307320e-01
1.630930049717426300e+01 -1.896088847517967224e+01 -1.971477763727307320e-01
1.635471065342426300e+01 -1.869916972517967224e+01 -2.016796367242932320e-01
2.018820674717426300e+01 -2.609028300642967224e+01 -1.565593974664807320e-01
1.321738155186176300e+01 -1.662971171736717224e+01 1.755864452570676804e-02
2.095749385654926300e+01 -2.619184550642967224e+01 -1.880077617242932320e-01
2.130270870029926300e+01 -2.618049296736717224e+01 -2.028393046930432320e-01
2.167429073154926300e+01 -2.619770488142967224e+01 -2.184337871149182320e-01
2.220871455967426300e+01 -2.640375956892967224e+01 -2.385143535211682320e-01
2.266611202061176300e+01 -2.650690898299217224e+01 -2.566570537164807320e-01
2.299594600498676300e+01 -2.645161113142967224e+01 -2.714123027399182320e-01
2.112143428623676300e+01 -2.730756816267967224e+01 -2.270929981023073196e-02
1.322018916904926300e+01 -1.662678202986717224e+01 1.139636738225817680e-01
2.206747920811176300e+01 -2.759260234236717224e+01 -5.553095508366823196e-02
2.262143428623676300e+01 -2.781843242049217224e+01 -7.378046680241823196e-02
2.313156612217426300e+01 -2.797797831892967224e+01 -9.137385059148073196e-02
2.361386592686176300e+01 -2.809101542830467224e+01 -1.086315410211682320e-01
2.414987666904926300e+01 -2.825910624861717224e+01 -1.271099345758557320e-01
2.468259151279926300e+01 -2.841157206892967224e+01 -1.457256572321057320e-01
1.936325557529926300e+01 -2.498493632674217224e+01 1.521716816350817680e-01
1.322299678623676300e+01 -1.662397441267967224e+01 2.098499042913317680e-01
2.307089717686176300e+01 -2.885688456892967224e+01 9.366948436945676804e-02
2.356760127842426300e+01 -2.898945292830467224e+01 7.807500194758176804e-02
2.408371455967426300e+01 -2.913654765486717224e+01 6.203801464289426804e-02
2.463815791904926300e+01 -2.931696757674217224e+01 4.526860546320676804e-02
2.517258174717426300e+01 -2.946259745955467224e+01 2.854497265070676804e-02
2.570432002842426300e+01 -2.959370097517967224e+01 1.162297558039426804e-02
1.938815791904926300e+01 -2.500764140486717224e+01 2.961993915960192680e-01
1.322580440342426300e+01 -1.662104472517967224e+01 3.062244160100817680e-01
1.964011104404926300e+01 -2.448786601424217224e+01 2.745776874944567680e-01
2.443393428623676300e+01 -3.005988749861717224e+01 2.440295917913317680e-01
2.496860225498676300e+01 -3.021174296736717224e+01 2.295032246038317680e-01
2.549753291904926300e+01 -3.034309062361717224e+01 2.146716816350817680e-01
2.600864131748676300e+01 -3.044367656111717224e+01 2.006946308538317680e-01
2.657199580967426300e+01 -3.059516581892967224e+01 1.852069599553942680e-01
1.931088741123676300e+01 -2.489631327986717224e+01 4.392505390569567680e-01
1.322861202061176300e+01 -1.661811503767967224e+01 4.020648701116442680e-01
1.965170772373676300e+01 -2.449311503767967224e+01 4.176898701116442680e-01
2.524240596592426300e+01 -3.105744609236717224e+01 4.233813984319567680e-01
2.574789912998676300e+01 -3.115644511580467224e+01 4.103961689397692680e-01
2.630112178623676300e+01 -3.130097636580467224e+01 3.971973164007067680e-01
2.688608272373676300e+01 -3.147309550642967224e+01 3.837543232366442680e-01
2.736191280186176300e+01 -3.150507792830467224e+01 3.698688251897692680e-01
1.253622920811176300e+01 -1.598847636580467224e+01 4.985919697210192680e-01
1.302682979404926300e+01 -1.635114726424217224e+01 4.954944355413317680e-01
1.352316768467426300e+01 -1.670502910017967224e+01 4.924579365178942680e-01
1.401718623936176300e+01 -1.703962382674217224e+01 4.888721210882067680e-01
1.453671748936176300e+01 -1.739155253767967224e+01 4.851184589788317680e-01
1.508774287998676300e+01 -1.776472148299217224e+01 4.811359150335192680e-01
1.566904170811176300e+01 -1.815839824080467224e+01 4.769244892522692680e-01
1.621884639561176300e+01 -1.849836406111717224e+01 4.725299580022692680e-01
1.252036006748676300e+01 -1.596137675642967224e+01 5.898090107366442680e-01
1.301816280186176300e+01 -1.633344706892967224e+01 5.900531513616442680e-01
1.352280147373676300e+01 -1.669819316267967224e+01 5.898853046819567680e-01
1.402280147373676300e+01 -1.704011210799217224e+01 5.890460712835192680e-01
1.454916866123676300e+01 -1.740009745955467224e+01 5.881610615178942680e-01
1.510788448154926300e+01 -1.778229960799217224e+01 5.872150165960192680e-01
1.568137080967426300e+01 -1.816621074080467224e+01 5.859637958928942680e-01
1.625082881748676300e+01 -1.852863749861717224e+01 5.840717060491442680e-01
1.248825557529926300e+01 -1.591303691267967224e+01 6.807513935491442680e-01
1.296848018467426300e+01 -1.626301249861717224e+01 6.828418476507067680e-01
1.346298702061176300e+01 -1.661579570174217224e+01 6.851917011663317680e-01
1.394687373936176300e+01 -1.693891581892967224e+01 6.866565449163317680e-01
1.447665889561176300e+01 -1.730451640486717224e+01 6.887012226507067680e-01
1.504086787998676300e+01 -1.769465312361717224e+01 6.909137470647692680e-01
1.563730342686176300e+01 -1.810712870955467224e+01 6.932636005803942680e-01
1.620493037998676300e+01 -1.846821269392967224e+01 6.948962910100817680e-01
2.671567256748676300e+01 -3.457087382674217224e+01 1.271159718744456768e+00
1.962399776279926300e+01 -2.483930644392967224e+01 1.004436085931956768e+00
2.795944698154926300e+01 -3.498664531111717224e+01 1.264247487299144268e+00
2.596872432529926300e+01 -3.191450175642967224e+01 1.175227711908519268e+00
2.913327510654926300e+01 -3.525666484236717224e+01 1.252635548822581768e+00
2.664853389561176300e+01 -3.167158183455467224e+01 1.151897023431956768e+00
3.039133174717426300e+01 -3.557746562361717224e+01 1.241511891596019268e+00
3.106430537998676300e+01 -3.577021464705467224e+01 1.236445973627269268e+00
2.746432979404926300e+01 -3.553889140486717224e+01 1.502360890619456768e+00
2.501218135654926300e+01 -3.177497538924217224e+01 1.372951100580394268e+00
2.867758662998676300e+01 -3.588300761580467224e+01 1.497813771478831768e+00
2.600485713779926300e+01 -3.194721660017967224e+01 1.363292287103831768e+00
2.620663936436176300e+01 -3.165839824080467224e+01 1.346904347650706768e+00
2.640463741123676300e+01 -3.136579570174217224e+01 1.331416676752269268e+00
3.126535518467426300e+01 -3.659882792830467224e+01 1.487300465814769268e+00
3.196140010654926300e+01 -3.680134257674217224e+01 1.484935353510081768e+00
2.654721553623676300e+01 -3.432270488142967224e+01 1.661067555658519268e+00
2.495004756748676300e+01 -3.168256816267967224e+01 1.553203175775706768e+00
2.934799678623676300e+01 -3.671821269392967224e+01 1.738460133783519268e+00
2.596725948154926300e+01 -3.188789042830467224e+01 1.549296925775706768e+00
2.627097041904926300e+01 -3.172492656111717224e+01 1.537196706049144268e+00
2.718259151279926300e+01 -3.229035624861717224e+01 1.552287648431956768e+00
3.204819209873676300e+01 -3.751154765486717224e+01 1.740199635736644268e+00
3.205856807529926300e+01 -3.690046367049217224e+01 1.711467335931956768e+00
6.588963583111763000e+00 -7.306103318929672241e+00 -2.154430644586682320e-01
6.643162801861763000e+00 -7.248119920492172241e+00 -2.180217998102307320e-01
6.694798544049263000e+00 -7.187328904867172241e+00 -2.205852763727307320e-01
6.746556356549263000e+00 -7.126537889242172241e+00 -2.231640117242932320e-01
6.797947958111763000e+00 -7.065991014242172241e+00 -2.257274882867932320e-01
6.849461629986763000e+00 -7.005444139242172241e+00 -2.282909648492932320e-01
6.900609090924263000e+00 -6.945263475179672241e+00 -2.308391826227307320e-01
6.948826864361763000e+00 -6.882153123617172241e+00 -2.333568828180432320e-01
7.094334676861763000e+00 -7.895580857992172241e+00 -2.139629619196057320e-01
7.144871786236763000e+00 -7.823559373617172241e+00 -2.163433330133557320e-01
7.200047567486763000e+00 -7.757275193929672241e+00 -2.191356914117932320e-01
7.258275106549263000e+00 -7.694164842367172241e+00 -2.218975322321057320e-01
7.313206747174263000e+00 -7.628124803304672241e+00 -2.246746318414807320e-01
7.365330770611763000e+00 -7.558910936117172241e+00 -2.274517314508557320e-01
7.419896200299263000e+00 -7.493237107992172241e+00 -2.301983134821057320e-01
7.474461629986763000e+00 -7.427685350179672241e+00 -2.329601543024182320e-01
7.697606161236763000e+00 -8.599194139242172241e+00 -2.128490703180432320e-01
7.751927450299263000e+00 -8.519970506429672241e+00 -2.154888408258557320e-01
7.806126669049263000e+00 -8.440991014242172241e+00 -2.181286113336682320e-01
7.860325887799263000e+00 -8.362011522054672241e+00 -2.207531230524182320e-01
7.915135458111763000e+00 -8.284741014242172241e+00 -2.234539287164807320e-01
7.974217489361763000e+00 -8.212109178304672241e+00 -2.264599101617932320e-01
8.032811239361763000e+00 -8.139965623617172241e+00 -2.294658916071057320e-01
8.091404989361763000e+00 -8.067944139242172241e+00 -2.324413554742932320e-01
8.440770223736763000e+00 -9.466259568929672241e+00 -2.132457988336682320e-01
8.500340536236763000e+00 -9.378491014242172241e+00 -2.159618632867932320e-01
8.555028036236763000e+00 -9.285839647054672241e+00 -2.186168925836682320e-01
8.609593465924263000e+00 -9.193310350179672241e+00 -2.212719218805432320e-01
8.663792684674263000e+00 -9.101513475179672241e+00 -2.239116923883557320e-01
8.717747762799263000e+00 -9.009960740804672241e+00 -2.265514628961682320e-01
8.771336629986763000e+00 -8.919140428304672241e+00 -2.291607158258557320e-01
8.821629598736763000e+00 -8.825756639242172241e+00 -2.318462627008557320e-01
9.298192098736763000e+00 -1.046638163924217224e+01 -2.100261943414807320e-01
9.359349325299263000e+00 -1.036384257674217224e+01 -2.131695048883557320e-01
9.422093465924263000e+00 -1.026374492049217224e+01 -2.164196269586682320e-01
9.484593465924263000e+00 -1.016389140486717224e+01 -2.196544902399182320e-01
9.546727254986763000e+00 -1.006477031111717224e+01 -2.228740947321057320e-01
9.608738973736763000e+00 -9.965771287679672241e+00 -2.260936992242932320e-01
9.670140340924263000e+00 -9.867626756429672241e+00 -2.292675273492932320e-01
9.722630575299263000e+00 -9.760815232992172241e+00 -2.318920390680432320e-01
1.038889034092426300e+01 -1.173859843611717224e+01 -2.080120341852307320e-01
1.045724971592426300e+01 -1.162324199080467224e+01 -2.113384502008557320e-01
9.954564169049263000e+00 -1.086249980330467224e+01 -1.832470195367932320e-01
1.004074580967426300e+01 -1.077900370955467224e+01 -1.879467265680432320e-01
1.063803584873676300e+01 -1.125544413924217224e+01 -2.210888164117932320e-01
1.069772823154926300e+01 -1.113422831892967224e+01 -2.242931621149182320e-01
1.075668819248676300e+01 -1.101411113142967224e+01 -2.274822490289807320e-01
1.081418330967426300e+01 -1.089362773299217224e+01 -2.309459941461682320e-01
1.185190303623676300e+01 -1.344538554549217224e+01 -2.083172099664807320e-01
1.190610225498676300e+01 -1.328522929549217224e+01 -2.115825908258557320e-01
9.907200887799263000e+00 -1.080488261580467224e+01 -1.147960918024182320e-01
1.000546748936176300e+01 -1.073566874861717224e+01 -1.200908916071057320e-01
1.206577022373676300e+01 -1.281306132674217224e+01 -2.212261455133557320e-01
1.211813838779926300e+01 -1.265815410017967224e+01 -2.243847148492932320e-01
1.216989620029926300e+01 -1.250532206892967224e+01 -2.275127666071057320e-01
1.222104366123676300e+01 -1.235371074080467224e+01 -2.305950419977307320e-01
1.368442256748676300e+01 -1.558308085799217224e+01 -2.037548320367932320e-01
1.373740108311176300e+01 -1.538593730330467224e+01 -2.075695293024182320e-01
9.880711629986763000e+00 -1.077094706892967224e+01 -4.755060840398073196e-02
9.993138387799263000e+00 -1.071796855330467224e+01 -5.336420703679323196e-02
1.390439327061176300e+01 -1.481879863142967224e+01 -2.187694804742932320e-01
1.207870967686176300e+01 -1.261115702986717224e+01 -1.434063212946057320e-01
1.218076045811176300e+01 -1.251228007674217224e+01 -1.494182841852307320e-01
1.404367549717426300e+01 -1.424519023299217224e+01 -2.296489970758557320e-01
1.635495479404926300e+01 -1.869831523299217224e+01 -2.016948955133557320e-01
1.646249873936176300e+01 -1.851215800642967224e+01 -2.084087627008557320e-01
9.596776083111763000e+00 -1.044599589705467224e+01 2.790410351008176804e-02
9.610081747174263000e+00 -1.028828105330467224e+01 2.576787304133176804e-02
9.664036825299263000e+00 -1.017817363142967224e+01 2.224309276789426804e-02
9.725071981549263000e+00 -1.007624492049217224e+01 1.847417186945676804e-02
1.029062373936176300e+01 -1.050922831892967224e+01 -3.223826177418231964e-03
1.033127315342426300e+01 -1.037946757674217224e+01 -6.336619146168231964e-03
2.299716670811176300e+01 -2.645173320174217224e+01 -2.714733378961682320e-01
2.326450069248676300e+01 -2.632014140486717224e+01 -2.845806377008557320e-01
9.541722372174263000e+00 -1.037983378767967224e+01 9.299809765070676804e-02
9.563695028424263000e+00 -1.023286113142967224e+01 9.014470409601926804e-02
9.615452840924263000e+00 -1.012141093611717224e+01 8.648259472101926804e-02
9.675267294049263000e+00 -1.001911601424217224e+01 8.259160351008176804e-02
9.743138387799263000e+00 -9.926830857992172241e+00 7.850224804133176804e-02
9.813695028424263000e+00 -9.837841600179672241e+00 7.432133983820676804e-02
2.468527705967426300e+01 -2.841315898299217224e+01 -1.458019511774182320e-01
9.757176473736763000e+00 -1.079743632674217224e+01 1.548877460882067680e-01
9.525853231549263000e+00 -1.035810527205467224e+01 1.568103535100817680e-01
9.551854208111763000e+00 -1.021601542830467224e+01 1.534381611272692680e-01
9.609837606549263000e+00 -1.011152324080467224e+01 1.494403583928942680e-01
9.665257528424263000e+00 -1.000458964705467224e+01 1.454883320257067680e-01
9.734349325299263000e+00 -9.913891404867172241e+00 1.412463886663317680e-01
9.803685262799263000e+00 -9.823803514242172241e+00 1.370197040960192680e-01
2.570737178623676300e+01 -2.959565410017967224e+01 1.154668163508176804e-02
9.736912801861763000e+00 -1.077009257674217224e+01 2.203632099553942680e-01
9.514134481549263000e+00 -1.034101542830467224e+01 2.199664814397692680e-01
9.548680379986763000e+00 -1.020869120955467224e+01 2.160907490178942680e-01
9.601414754986763000e+00 -1.009858378767967224e+01 2.119708759710192680e-01
9.660985067486763000e+00 -9.996410936117172241e+00 2.077747089788317680e-01
9.726170614361763000e+00 -9.901562303304672241e+00 2.035175068303942680e-01
9.793309286236763000e+00 -9.809399217367172241e+00 1.992297871038317680e-01
2.657529170811176300e+01 -3.059724101424217224e+01 1.851306660100817680e-01
9.745946004986763000e+00 -1.077631816267967224e+01 2.856708271428942680e-01
9.507054403424263000e+00 -1.032917460799217224e+01 2.829089863225817680e-01
9.546971395611763000e+00 -1.020295390486717224e+01 2.786365253850817680e-01
9.600438192486763000e+00 -1.009382304549217224e+01 2.743182880803942680e-01
9.660130575299263000e+00 -9.991772264242172241e+00 2.699542744085192680e-01
9.739842489361763000e+00 -9.912426561117172241e+00 2.657733662053942680e-01
9.800267294049263000e+00 -9.813061326742172241e+00 2.614398701116442680e-01
2.736252315342426300e+01 -3.150410136580467224e+01 3.698230488225817680e-01
9.772191122174263000e+00 -1.080256327986717224e+01 3.507190449163317680e-01
9.509251669049263000e+00 -1.032770976424217224e+01 3.460345966741442680e-01
9.549779012799263000e+00 -1.020222148299217224e+01 3.414569599553942680e-01
9.603123739361763000e+00 -1.009296855330467224e+01 3.369250996038317680e-01
9.662205770611763000e+00 -9.990307420492172241e+00 3.324084980413317680e-01
9.744481161236763000e+00 -9.913647264242172241e+00 3.278613789007067680e-01
9.805760458111763000e+00 -9.815136522054672241e+00 3.233905537053942680e-01
1.622214229404926300e+01 -1.850117167830467224e+01 4.725299580022692680e-01
1.680698116123676300e+01 -1.886555156111717224e+01 4.669757587835192680e-01
9.524754598736763000e+00 -1.034138163924217224e+01 4.089160664007067680e-01
9.564671590924263000e+00 -1.021503886580467224e+01 4.040179951116442680e-01
9.616917684674263000e+00 -1.010432109236717224e+01 3.992725117132067680e-01
9.674412801861763000e+00 -9.999828904867172241e+00 3.945728046819567680e-01
9.754246786236763000e+00 -9.920361131429672241e+00 3.900104267522692680e-01
9.811253622174263000e+00 -9.817333787679672241e+00 3.856921894475817680e-01
1.625424678623676300e+01 -1.853156718611717224e+01 5.840869648382067680e-01
1.684518916904926300e+01 -1.890217265486717224e+01 5.822559101507067680e-01
9.570897176861763000e+00 -1.038959941267967224e+01 4.727130634710192680e-01
9.609959676861763000e+00 -1.026142558455467224e+01 4.674945576116442680e-01
9.664769247174263000e+00 -1.015278300642967224e+01 4.625354511663317680e-01
9.724095419049263000e+00 -1.004938945174217224e+01 4.576373798772692680e-01
9.787694051861763000e+00 -9.952099412679672241e+00 4.528461201116442680e-01
9.856663778424263000e+00 -9.860912889242172241e+00 4.481311542913317680e-01
1.620847041904926300e+01 -1.847114238142967224e+01 6.949268085882067680e-01
1.680441768467426300e+01 -1.884858378767967224e+01 6.957050068303942680e-01
9.603123739361763000e+00 -1.042207011580467224e+01 5.365100605413317680e-01
9.624241903424263000e+00 -1.027351054549217224e+01 5.305896503850817680e-01
9.678685262799263000e+00 -1.016425761580467224e+01 5.254169208928942680e-01
9.737889364361763000e+00 -1.006049785017967224e+01 5.203510029241442680e-01
9.801732137799263000e+00 -9.963085740804672241e+00 5.154224140569567680e-01
9.869237020611763000e+00 -9.870312303304672241e+00 5.109058124944567680e-01
3.106760127842426300e+01 -3.577216777205467224e+01 1.236461232416331768e+00
2.629074580967426300e+01 -2.970747050642967224e+01 1.077846120111644268e+00
9.613865926861763000e+00 -1.043024882674217224e+01 6.004443867132067680e-01
9.641942098736763000e+00 -1.028925761580467224e+01 5.942798359319567680e-01
9.696141317486763000e+00 -1.017951640486717224e+01 5.888782246038317680e-01
9.754124715924263000e+00 -1.007416972517967224e+01 5.835986835882067680e-01
9.817479208111763000e+00 -9.976025193929672241e+00 5.785175068303942680e-01
9.884373739361763000e+00 -9.882397264242172241e+00 5.735431415960192680e-01
3.196432979404926300e+01 -3.680268535017967224e+01 1.484935353510081768e+00
3.140012080967426300e+01 -3.554670390486717224e+01 1.438441823236644268e+00
9.652928426861763000e+00 -1.047028788924217224e+01 6.654773456975817680e-01
9.663426473736763000e+00 -1.030927714705467224e+01 6.579547626897692680e-01
9.712742879986763000e+00 -1.019379863142967224e+01 6.521869404241442680e-01
9.762425497174263000e+00 -1.007929667830467224e+01 6.467853290960192680e-01
9.826024129986763000e+00 -9.981396287679672241e+00 6.415668232366442680e-01
9.893651083111763000e+00 -9.888500779867172241e+00 6.365009052678942680e-01
3.205930049717426300e+01 -3.689936503767967224e+01 1.711391041986644268e+00
3.138705928623676300e+01 -3.551850566267967224e+01 1.653102467767894268e+00
3.412253291904926300e+01 -3.801008281111717224e+01 1.738261769525706768e+00
9.665623739361763000e+00 -1.030793437361717224e+01 7.214618427678942680e-01
9.713475301861763000e+00 -1.019086894392967224e+01 7.153888447210192680e-01
9.773167684674263000e+00 -1.008723124861717224e+01 7.098041279241442680e-01
9.836888387799263000e+00 -9.989330857992172241e+00 7.044482929632067680e-01
9.904149129986763000e+00 -9.895824998617172241e+00 6.995959980413317680e-01
