5.517049923539161682e+00 -9.804695516824722290e+00 -1.294179315445944667e-01
5.602621212601661682e+00 -9.782234579324722290e+00 -1.322255487320944667e-01
5.686727657914161682e+00 -9.756477743387222290e+00 -1.351399774430319667e-01
5.771444454789161682e+00 -9.730476766824722290e+00 -1.380696649430319667e-01
5.856161251664161682e+00 -9.704475790262222290e+00 -1.409993524430319667e-01
5.941366329789161682e+00 -9.678352743387222290e+00 -1.439442987320944667e-01
6.026327267289161682e+00 -9.651497274637222290e+00 -1.468587274430319667e-01
6.097860470414161682e+00 -9.601082235574722290e+00 -1.487508172867819667e-01
5.944051876664161682e+00 -1.064954414963722229e+01 -1.207967157242819667e-01
6.045492306351661682e+00 -1.064075508713722229e+01 -1.247792596695944667e-01
6.140829220414161682e+00 -1.061914864182472229e+01 -1.281819696305319667e-01
6.239828243851661682e+00 -1.060254707932472229e+01 -1.315846795914694667e-01
6.336141720414161682e+00 -1.058081856369972229e+01 -1.350331659195944667e-01
6.430380001664161682e+00 -1.055359688401222229e+01 -1.385274286149069667e-01
6.527547970414161682e+00 -1.053162422776222229e+01 -1.419911737320944667e-01
6.625326290726661682e+00 -1.050952950119972229e+01 -1.454854364274069667e-01
6.467611446976661682e+00 -1.168531075119972229e+01 -1.113667840836569667e-01
6.558675900101661682e+00 -1.163562813401222229e+01 -1.138692254899069667e-01
6.659261837601661682e+00 -1.160388985276222229e+01 -1.171498651383444667e-01
6.760580196976661682e+00 -1.157190743088722229e+01 -1.204305047867819667e-01
6.861776486039161682e+00 -1.154004707932472229e+01 -1.237264032242819667e-01
6.963705196976661682e+00 -1.150794258713722229e+01 -1.270375604508444667e-01
7.067953243851661682e+00 -1.147998848557472229e+01 -1.305318231461569667e-01
6.895223751664161682e+00 -1.097303047776222229e+01 -1.128163690445944667e-01
8.935995236039161682e+00 -1.657813301682472229e+01 -2.313161249039694667e-01
9.097860470414161682e+00 -1.656653633713722229e+01 -2.366719598649069667e-01
9.209676876664161682e+00 -1.645728340744972229e+01 -2.389150018570944667e-01
9.321371212601661682e+00 -1.634827461838722229e+01 -2.411427850602194667e-01
9.432211056351661682e+00 -1.623999825119972229e+01 -2.433705682633444667e-01
9.542806759476661682e+00 -1.613196602463722229e+01 -2.455830926774069667e-01
8.279623165726661682e+00 -1.360901680588722229e+01 -1.545796747086569667e-01
6.896200314164161682e+00 -1.097217598557472229e+01 -5.742696474771946669e-02
9.559530392289161682e+00 -1.781031075119972229e+01 -1.867452020524069667e-01
9.736776486039161682e+00 -1.780347481369972229e+01 -1.928487176774069667e-01
9.919637814164161682e+00 -1.780469551682472229e+01 -1.992421502945944667e-01
1.014754308760166168e+01 -1.788538399338722229e+01 -2.082906122086569667e-01
1.035188879072666168e+01 -1.791822090744972229e+01 -2.158589715836569667e-01
1.053243078291416168e+01 -1.790284004807472229e+01 -2.219624872086569667e-01
1.071370519697666168e+01 -1.788745918869972229e+01 -2.280812616227194667e-01
6.897298946976661682e+00 -1.097119942307472229e+01 -1.717125880531966686e-03
1.011946691572666168e+01 -1.891541329026222229e+01 -1.266866083024069667e-01
1.032979406416416168e+01 -1.895032539963722229e+01 -1.333852167008444667e-01
1.054060949385166168e+01 -1.898169746994972229e+01 -1.405873651383444667e-01
1.077437414228916168e+01 -1.905005684494972229e+01 -1.488728875992819667e-01
1.106221593916416168e+01 -1.921253243088722229e+01 -1.598134393570944667e-01
1.131575597822666168e+01 -1.930286446213722229e+01 -1.689687127945944667e-01
1.157332433760166168e+01 -1.939466133713722229e+01 -1.782613153336569667e-01
6.898275509476661682e+00 -1.097034493088722229e+01 5.367227841634303331e-02
1.057576574385166168e+01 -1.981458321213722229e+01 -5.045369814615696669e-02
1.082478918135166168e+01 -1.990638008713722229e+01 -5.855611513834446669e-02
1.107515539228916168e+01 -1.999366036057472229e+01 -6.665853213053196669e-02
1.131233800947666168e+01 -2.004822579026222229e+01 -7.419637392740696669e-02
1.155232824385166168e+01 -2.010352364182472229e+01 -8.182576845865696669e-02
1.191927160322666168e+01 -2.037989082932472229e+01 -9.452108095865696669e-02
1.224922765791416168e+01 -2.057813301682472229e+01 -1.056599969742819667e-01
6.899374142289161682e+00 -1.096949043869972229e+01 1.093668584944680333e-01
1.096504797041416168e+01 -2.058057442307472229e+01 3.658243466634303331e-02
1.124983800947666168e+01 -2.072620430588722229e+01 2.831217099446803331e-02
1.154768957197666168e+01 -2.088733711838722229e+01 2.022501279134303331e-02
1.185176672041416168e+01 -2.104859200119972229e+01 1.139017392415553331e-02
1.214497961103916168e+01 -2.118152657151222229e+01 2.906287205405533314e-03
1.241756261885166168e+01 -2.126746407151222229e+01 -4.921471583656966686e-03
1.277657140791416168e+01 -2.149988594651222229e+01 -1.599935244303196669e-02
6.900350704789161682e+00 -1.096851387619972229e+01 1.647410040022805333e-01
1.135237707197666168e+01 -2.134217110276222229e+01 1.321177129866555333e-01
1.166927160322666168e+01 -2.153455391526222229e+01 1.243509893538430333e-01
1.199275793135166168e+01 -2.172815743088722229e+01 1.164164190413430333e-01
1.230635656416416168e+01 -2.189051094651222229e+01 1.086496954085305333e-01
1.262019933760166168e+01 -2.204456368088722229e+01 1.008677129866555333e-01
1.294258703291416168e+01 -2.220276680588722229e+01 9.285684872884303331e-02
1.324629797041416168e+01 -2.231983223557472229e+01 8.522745419759303331e-02
6.901449337601661682e+00 -1.096765938401222229e+01 2.204203252913430333e-01
1.175215734541416168e+01 -2.212781563401222229e+01 2.347941045882180333e-01
1.206709875166416168e+01 -2.230054512619972229e+01 2.284006719710305333e-01
1.239009679853916168e+01 -2.247766914963722229e+01 2.218546514632180333e-01
1.272249425947666168e+01 -2.266004219651222229e+01 2.151255254866555333e-01
1.305696691572666168e+01 -2.283667793869972229e+01 2.082895879866555333e-01
1.339131750166416168e+01 -2.300098457932472229e+01 2.013926153304055333e-01
1.372823156416416168e+01 -2.316077461838722229e+01 1.943888311507180333e-01
6.902425900101661682e+00 -1.096680489182472229e+01 2.758097295882180333e-01
1.214693273603916168e+01 -2.290345039963722229e+01 3.461527471663430333e-01
1.247847570478916168e+01 -2.309253731369972229e+01 3.409800176741555333e-01
1.280843175947666168e+01 -2.326697579026222229e+01 3.356699590804055333e-01
1.314388097822666168e+01 -2.343909493088722229e+01 3.302378301741555333e-01
1.348628820478916168e+01 -2.361475411057472229e+01 3.246683721663430333e-01
1.382259191572666168e+01 -2.376721993088722229e+01 3.190073614241555333e-01
1.406929601728916168e+01 -2.375391426682472229e+01 3.134836797835305333e-01
6.903524532914161682e+00 -1.096582832932472229e+01 3.314737920882180333e-01
1.255379308760166168e+01 -2.370240059494972229e+01 4.650034551741555333e-01
1.288838781416416168e+01 -2.388098946213722229e+01 4.611124639632180333e-01
1.316353429853916168e+01 -2.393531075119972229e+01 4.565195684554055333e-01
1.339204992353916168e+01 -2.389514961838722229e+01 4.514536504866555333e-01
1.343269933760166168e+01 -2.351087227463722229e+01 4.449534063460305333e-01
1.395808996260166168e+01 -2.400379219651222229e+01 4.419779424788430333e-01
1.407491125166416168e+01 -2.375769844651222229e+01 4.360422735335305333e-01
6.904501095414161682e+00 -1.096497383713722229e+01 3.868479375960305333e-01
1.297420324385166168e+01 -2.452784004807472229e+01 5.930094366194680333e-01
1.317293371260166168e+01 -2.442615547776222229e+01 5.876383428694680333e-01
1.310555090010166168e+01 -2.381897774338722229e+01 5.766977911116555333e-01
1.395552648603916168e+01 -2.493799629807472229e+01 5.829996709944680333e-01
1.356062902510166168e+01 -2.373828926682472229e+01 5.672678594710305333e-01
1.395894445478916168e+01 -2.399927559494972229e+01 5.652536993147805333e-01
1.418172277510166168e+01 -2.393921700119972229e+01 5.609049444319680333e-01
6.905599728226661682e+00 -1.096411934494972229e+01 4.425120000960305333e-01
1.339546789228916168e+01 -2.535437813401222229e+01 7.288584356429055333e-01
1.352754797041416168e+01 -2.510694161057472229e+01 7.211832647444680333e-01
1.377754797041416168e+01 -2.508875313401222229e+01 7.169718389632180333e-01
1.410054601728916168e+01 -2.520130196213722229e+01 7.146372442366555333e-01
1.425899328291416168e+01 -2.500659981369972229e+01 7.077707891585305333e-01
1.489595617353916168e+01 -2.566956368088722229e+01 7.132792120100930333e-01
1.491548742353916168e+01 -2.522095528244972229e+01 7.027048711897805333e-01
6.906576290726661682e+00 -1.096326485276222229e+01 4.978708868147805333e-01
5.423910275101661682e+00 -9.584358602762222290e+00 5.356669073225930333e-01
5.593588009476661682e+00 -9.729133993387222290e+00 5.371164922835305333e-01
5.769979611039161682e+00 -9.879524618387222290e+00 5.388712530257180333e-01
5.954549923539161682e+00 -1.003675118088722229e+01 5.407023077132180333e-01
6.146566525101661682e+00 -1.020032539963722229e+01 5.426096563460305333e-01
6.347860470414161682e+00 -1.037183418869972229e+01 5.446085577132180333e-01
6.557455196976661682e+00 -1.055042305588722229e+01 5.466837530257180333e-01
6.776571407914161682e+00 -1.073670235276222229e+01 5.491404180647805333e-01
5.377157345414161682e+00 -9.489387899637222290e+00 5.798258428694680333e-01
5.543783321976661682e+00 -9.630134969949722290e+00 5.823893194319680333e-01
5.717245236039161682e+00 -9.776863485574722290e+00 5.850596075179055333e-01
5.898641720414161682e+00 -9.930183798074722290e+00 5.878367071272805333e-01
6.087240353226661682e+00 -1.008960762619972229e+01 5.907358770491555333e-01
6.289388790726661682e+00 -1.026465645432472229e+01 5.939859991194680333e-01
6.506551876664161682e+00 -1.045850411057472229e+01 5.976481084944680333e-01
6.734701290726661682e+00 -1.066211739182472229e+01 6.014780645491555333e-01
5.389730587601661682e+00 -9.511726766824722290e+00 6.268534307600930333e-01
5.565145626664161682e+00 -9.669075399637222290e+00 6.306070928694680333e-01
5.748739376664161682e+00 -9.834114462137222290e+00 6.348032598616555333e-01
5.941488400101661682e+00 -1.000733223557472229e+01 6.391977911116555333e-01
6.142782345414161682e+00 -1.018824043869972229e+01 6.437906866194680333e-01
6.354452267289161682e+00 -1.037842598557472229e+01 6.486277227522805333e-01
6.575887814164161682e+00 -1.057752266526222229e+01 6.536936407210305333e-01
6.809042111039161682e+00 -1.078736153244972229e+01 6.593241338850930333e-01
5.429037228226661682e+00 -9.586922079324722290e+00 6.757731084944680333e-01
5.596517696976661682e+00 -9.727302938699722290e+00 6.801676397444680333e-01
5.770712032914161682e+00 -9.873299032449722290e+00 6.847605352522805333e-01
5.952840939164161682e+00 -1.002588692307472229e+01 6.895517950179055333e-01
6.142049923539161682e+00 -1.018445625901222229e+01 6.945261602522805333e-01
6.340170040726661682e+00 -1.035047188401222229e+01 6.997294073225930333e-01
6.546468868851661682e+00 -1.052332344651222229e+01 7.051615362288430333e-01
6.762045040726661682e+00 -1.070398750901222229e+01 7.108378057600930333e-01
5.390585079789161682e+00 -9.508552938699722290e+00 7.194132452132180333e-01
5.555868282914161682e+00 -9.646004110574722290e+00 7.246470098616555333e-01
5.727743282914161682e+00 -9.789070516824722290e+00 7.300791387679055333e-01
5.907552853226661682e+00 -9.939094930887222290e+00 7.355265264632180333e-01
6.094076290726661682e+00 -1.009436836838722229e+01 7.414164190413430333e-01
6.305013790726661682e+00 -1.028504219651222229e+01 7.490152959944680333e-01
6.530111446976661682e+00 -1.049207344651222229e+01 7.569956426741555333e-01
6.767171993851661682e+00 -1.071021309494972229e+01 7.653879766585305333e-01
5.389486446976661682e+00 -9.503670126199722290e+00 7.656473760725930333e-01
5.569906368851661682e+00 -9.670784384012222290e+00 7.729105596663430333e-01
5.759237423539161682e+00 -9.846443563699722290e+00 7.807993536116555333e-01
5.958456173539161682e+00 -1.003125801682472229e+01 7.891001348616555333e-01
6.166952267289161682e+00 -1.022473946213722229e+01 7.977976446272805333e-01
6.386922970414161682e+00 -1.042871895432472229e+01 8.069681768538430333e-01
1.444624914228916168e+01 -2.436035957932472229e+01 1.447303259861655533e+00
1.887776769697666168e+01 -3.152527657151222229e+01 1.776908362400718033e+00
6.098104611039161682e+00 -9.600838094949722290e+00 -1.487508172867819667e-01
6.172079220414161682e+00 -9.554817587137222290e+00 -1.505818719742819667e-01
6.243612423539161682e+00 -9.504646688699722290e+00 -1.524434442399069667e-01
6.315267696976661682e+00 -9.454231649637222290e+00 -1.543050165055319667e-01
6.386556759476661682e+00 -9.404182821512222290e+00 -1.561513299820944667e-01
6.458089962601661682e+00 -9.354011923074722290e+00 -1.580129022477194667e-01
6.529256954789161682e+00 -9.303963094949722290e+00 -1.598592157242819667e-01
6.597738400101661682e+00 -9.250008016824722290e+00 -1.617207879899069667e-01
6.625692501664161682e+00 -1.050952950119972229e+01 -1.455006952164694667e-01
6.721517696976661682e+00 -1.048328438401222229e+01 -1.490254754899069667e-01
6.817831173539161682e+00 -1.045703926682472229e+01 -1.525655145524069667e-01
6.898275509476661682e+00 -1.040345039963722229e+01 -1.544728631852194667e-01
6.971639767289161682e+00 -1.033899727463722229e+01 -1.560750360367819667e-01
7.041341915726661682e+00 -1.026880684494972229e+01 -1.576772088883444667e-01
7.114217892289161682e+00 -1.020484200119972229e+01 -1.592793817399069667e-01
7.186849728226661682e+00 -1.014099922776222229e+01 -1.608662958024069667e-01
6.895345821976661682e+00 -1.097266426682472229e+01 -1.128163690445944667e-01
7.287191525101661682e+00 -1.143897286057472229e+01 -1.384816522477194667e-01
7.396444454789161682e+00 -1.141638985276222229e+01 -1.424947137711569667e-01
7.506796017289161682e+00 -1.139368477463722229e+01 -1.465535516617819667e-01
7.617513790726661682e+00 -1.137085762619972229e+01 -1.506276483414694667e-01
7.728475704789161682e+00 -1.134656563401222229e+01 -1.546864862320944667e-01
7.800253048539161682e+00 -1.126136055588722229e+01 -1.558766717789694667e-01
7.871664181351661682e+00 -1.117664375901222229e+01 -1.570668573258444667e-01
6.896444454789161682e+00 -1.097168770432472229e+01 -5.741170595865696669e-02
7.978963986039161682e+00 -1.260767403244972229e+01 -1.261067743180319667e-01
8.077474728226661682e+00 -1.254517403244972229e+01 -1.288686151383444667e-01
8.201620236039161682e+00 -1.252393379807472229e+01 -1.333089227555319667e-01
8.326254025101661682e+00 -1.250269356369972229e+01 -1.377644891617819667e-01
8.452108517289161682e+00 -1.248120918869972229e+01 -1.422658319352194667e-01
8.578329220414161682e+00 -1.245960274338722229e+01 -1.467824334977194667e-01
8.701131954789161682e+00 -1.243116036057472229e+01 -1.514058465836569667e-01
6.897421017289161682e+00 -1.097083321213722229e+01 -1.717125880531966686e-03
1.137032140791416168e+01 -1.834595528244972229e+01 -2.574391717789694667e-01
1.157283605635166168e+01 -1.834912911057472229e+01 -2.648091668961569667e-01
1.177815832197666168e+01 -1.835230293869972229e+01 -2.722707147477194667e-01
1.198494543135166168e+01 -1.835547676682472229e+01 -2.797932977555319667e-01
9.763754025101661682e+00 -1.453931465744972229e+01 -1.508565301774069667e-01
9.822469845414161682e+00 -1.437610664963722229e+01 -1.509023065445944667e-01
9.880453243851661682e+00 -1.421509590744972229e+01 -1.509480829117819667e-01
6.898519650101661682e+00 -1.096997871994972229e+01 5.367227841634303331e-02
1.205843175947666168e+01 -1.950611153244972229e+01 -1.953969354508444667e-01
1.223287023603916168e+01 -1.944092598557472229e+01 -2.007069940445944667e-01
1.248470129072666168e+01 -1.949951973557472229e+01 -2.097249383805319667e-01
1.277046789228916168e+01 -1.960791817307472229e+01 -2.203297967789694667e-01
1.304097570478916168e+01 -1.968372383713722229e+01 -2.301259393570944667e-01
1.327437414228916168e+01 -1.969702950119972229e+01 -2.381215448258444667e-01
1.350557531416416168e+01 -1.970301094651222229e+01 -2.465443963883444667e-01
6.899496212601661682e+00 -1.096912422776222229e+01 1.093515997054055333e-01
1.281246007978916168e+01 -2.077722969651222229e+01 -1.241078729508444667e-01
1.313277257978916168e+01 -2.093042793869972229e+01 -1.348958368180319667e-01
1.344563879072666168e+01 -2.106067696213722229e+01 -1.453481073258444667e-01
1.372859777510166168e+01 -2.113599434494972229e+01 -1.545796747086569667e-01
1.401778234541416168e+01 -2.121289864182472229e+01 -1.640248651383444667e-01
1.428511632978916168e+01 -2.125086250901222229e+01 -1.725850458024069667e-01
1.460445226728916168e+01 -2.136243477463722229e+01 -1.831441278336569667e-01
6.900594845414161682e+00 -1.096814766526222229e+01 1.647410040022805333e-01
1.341658605635166168e+01 -2.179395332932472229e+01 -3.467611025553196669e-02
1.371431554853916168e+01 -2.189063301682472229e+01 -4.277852724771946669e-02
1.406453527510166168e+01 -2.206397286057472229e+01 -5.307820986490696669e-02
1.442696203291416168e+01 -2.224768868088722229e+01 -6.372884463053196669e-02
1.480074132978916168e+01 -2.243714180588722229e+01 -7.471517275553196669e-02
1.512019933760166168e+01 -2.253333321213722229e+01 -8.469442080240696669e-02
1.549312414228916168e+01 -2.270301094651222229e+01 -9.565023134928196669e-02
6.901571407914161682e+00 -1.096729317307472229e+01 2.204203252913430333e-01
1.395345129072666168e+01 -2.269654121994972229e+01 6.767984677571803331e-02
1.428963293135166168e+01 -2.284009590744972229e+01 5.919596005696803331e-02
1.441548742353916168e+01 -2.263025704026222229e+01 5.524393368978053331e-02
1.472737707197666168e+01 -2.272266426682472229e+01 4.724832822103053331e-02
1.537129797041416168e+01 -2.332752266526222229e+01 3.194376279134303331e-02
1.575655187666416168e+01 -2.350891914963722229e+01 2.226969052571803331e-02
1.614046300947666168e+01 -2.367749825119972229e+01 1.259561826009303331e-02
6.902670040726661682e+00 -1.096643868088722229e+01 2.757944707991555333e-01
1.442220129072666168e+01 -2.348340645432472229e+01 1.799082403304055333e-01
1.475447668135166168e+01 -2.360584297776222229e+01 1.727366094710305333e-01
1.454256261885166168e+01 -2.283167305588722229e+01 1.725840215804055333e-01
1.521858800947666168e+01 -2.350257149338722229e+01 1.608652715804055333e-01
1.591866125166416168e+01 -2.418079414963722229e+01 1.486277227522805333e-01
1.595906652510166168e+01 -2.381543770432472229e+01 1.451639776350930333e-01
1.604073156416416168e+01 -2.352100411057472229e+01 1.411966924788430333e-01
6.903646603226661682e+00 -1.096546211838722229e+01 3.314737920882180333e-01
1.457454504072666168e+01 -2.373511543869972229e+01 3.023142461897805333e-01
1.436678136885166168e+01 -2.295691719651222229e+01 2.984690313460305333e-01
1.449825109541416168e+01 -2.275391426682472229e+01 2.934488897444680333e-01
1.449983800947666168e+01 -2.234815254807472229e+01 2.890696172835305333e-01
1.485896886885166168e+01 -2.251258125901222229e+01 2.830576543929055333e-01
1.507478918135166168e+01 -2.244751778244972229e+01 2.776865606429055333e-01
1.614607824385166168e+01 -2.367493477463722229e+01 2.676615362288430333e-01
6.904745236039161682e+00 -1.096460762619972229e+01 3.868326788069680333e-01
1.457222570478916168e+01 -2.372534981369972229e+01 4.259256963850930333e-01
1.437019933760166168e+01 -2.295691719651222229e+01 4.185709600569680333e-01
1.455183996260166168e+01 -2.283570137619972229e+01 4.133066778304055333e-01
1.446590246260166168e+01 -2.228870430588722229e+01 4.069590215804055333e-01
1.538326086103916168e+01 -2.332971993088722229e+01 4.045328741194680333e-01
1.503841222822666168e+01 -2.238623848557472229e+01 3.973765020491555333e-01
1.643062414228916168e+01 -2.409998360276222229e+01 3.956522588850930333e-01
6.905721798539161682e+00 -1.096375313401222229e+01 4.424967413069680333e-01
1.550374425947666168e+01 -2.529334297776222229e+01 5.636362676741555333e-01
1.436604894697666168e+01 -2.294446602463722229e+01 5.385813360335305333e-01
1.446370519697666168e+01 -2.268689766526222229e+01 5.321726446272805333e-01
1.469698156416416168e+01 -2.265247383713722229e+01 5.276102666975930333e-01
1.558687414228916168e+01 -2.364331856369972229e+01 5.309824590804055333e-01
1.553975500166416168e+01 -2.315296211838722229e+01 5.233683233382180333e-01
1.643794836103916168e+01 -2.410535469651222229e+01 5.259317999007180333e-01
6.906820431351661682e+00 -1.096277657151222229e+01 4.978556280257180333e-01
1.463692297041416168e+01 -2.382288399338722229e+01 6.751322393538430333e-01
1.425130285322666168e+01 -2.274878731369972229e+01 6.565775518538430333e-01
1.446712316572666168e+01 -2.268677559494972229e+01 6.520914678694680333e-01
1.469844640791416168e+01 -2.264930000901222229e+01 6.479258184554055333e-01
1.580159582197666168e+01 -2.397437325119972229e+01 6.617807989241555333e-01
1.582320226728916168e+01 -2.358387032151222229e+01 6.527018194319680333e-01
1.571150793135166168e+01 -2.300135079026222229e+01 6.412424688460305333e-01
6.777792111039161682e+00 -1.073816719651222229e+01 5.491709356429055333e-01
7.008138790726661682e+00 -1.093470039963722229e+01 5.512919073225930333e-01
7.233724728226661682e+00 -1.111402168869972229e+01 5.533213262679055333e-01
7.468710079789161682e+00 -1.129920235276222229e+01 5.553812627913430333e-01
7.713583126664161682e+00 -1.149231758713722229e+01 5.575327520491555333e-01
7.971029415726661682e+00 -1.169519844651222229e+01 5.597910528304055333e-01
8.240072384476661682e+00 -1.190735664963722229e+01 5.621561651350930333e-01
8.521932736039161682e+00 -1.212915840744972229e+01 5.649637823225930333e-01
6.736044064164161682e+00 -1.066382637619972229e+01 6.015238409163430333e-01
6.976400509476661682e+00 -1.087842598557472229e+01 6.057200079085305333e-01
7.215414181351661682e+00 -1.108094063401222229e+01 6.095652227522805333e-01
7.461141720414161682e+00 -1.128430977463722229e+01 6.133646612288430333e-01
7.718343868851661682e+00 -1.149720039963722229e+01 6.173472051741555333e-01
7.989706173539161682e+00 -1.172180977463722229e+01 6.215586309554055333e-01
8.274496212601661682e+00 -1.195752754807472229e+01 6.259684209944680333e-01
8.574545040726661682e+00 -1.220581856369972229e+01 6.306223516585305333e-01
6.810384884476661682e+00 -1.078894844651222229e+01 6.593699102522805333e-01
7.019247189164161682e+00 -1.094812813401222229e+01 6.630167608382180333e-01
7.272665157914161682e+00 -1.117310371994972229e+01 6.688913946272805333e-01
7.506796017289161682e+00 -1.135584297776222229e+01 6.734690313460305333e-01
7.750814571976661682e+00 -1.154627266526222229e+01 6.782297735335305333e-01
8.007040157914161682e+00 -1.174622383713722229e+01 6.832346563460305333e-01
8.274740353226661682e+00 -1.195508614182472229e+01 6.884531622054055333e-01
8.555013790726661682e+00 -1.217359200119972229e+01 6.942515020491555333e-01
6.763265743851661682e+00 -1.070545235276222229e+01 7.108835821272805333e-01
6.988851681351661682e+00 -1.089429512619972229e+01 7.170023565413430333e-01
7.212728634476661682e+00 -1.107129707932472229e+01 7.226938848616555333e-01
7.443319454789161682e+00 -1.124988594651222229e+01 7.284159307600930333e-01
7.683431759476661682e+00 -1.143604317307472229e+01 7.343668584944680333e-01
7.959676876664161682e+00 -1.166919746994972229e+01 7.419504766585305333e-01
8.250936642289161682e+00 -1.191577950119972229e+01 7.499613409163430333e-01
8.558675900101661682e+00 -1.217615547776222229e+01 7.584299688460305333e-01
6.768636837601661682e+00 -1.071192207932472229e+01 7.654642706038430333e-01
7.019125118851661682e+00 -1.094275704026222229e+01 7.745890264632180333e-01
7.263143673539161682e+00 -1.115210762619972229e+01 7.828135137679055333e-01
7.518758907914161682e+00 -1.136988106369972229e+01 7.910685186507180333e-01
7.787313595414161682e+00 -1.159925118088722229e+01 8.000712041975930333e-01
1.558247961103916168e+01 -2.360279121994972229e+01 1.286567175877280533e+00
1.570821203291416168e+01 -2.337928047776222229e+01 1.276908362400718033e+00
1.580965246260166168e+01 -2.312281075119972229e+01 1.265906775486655533e+00
1.888008703291416168e+01 -3.152710762619972229e+01 1.776999915135093033e+00
1.481038488447666168e+01 -2.408008614182472229e+01 1.433921301853843033e+00
1.506538976728916168e+01 -2.406275215744972229e+01 1.433158362400718033e+00
1.523360265791416168e+01 -2.389893379807472229e+01 1.425666296971030533e+00
1.541316808760166168e+01 -2.375647774338722229e+01 1.419166052830405533e+00
1.608601965010166168e+01 -2.438550606369972229e+01 1.448127234471030533e+00
1.543099035322666168e+01 -2.294763985276222229e+01 1.382071936619468033e+00
1.563960851728916168e+01 -2.286060371994972229e+01 1.378760779392905533e+00
6.598104611039161682e+00 -9.249885946512222290e+00 -1.617513055680319667e-01
6.669637814164161682e+00 -9.200569540262222290e+00 -1.635823602555319667e-01
6.738363400101661682e+00 -9.147224813699722290e+00 -1.654439325211569667e-01
6.807333126664161682e+00 -9.093880087137222290e+00 -1.673207635758444667e-01
6.875936642289161682e+00 -9.040535360574722290e+00 -1.691823358414694667e-01
6.944784298539161682e+00 -8.987190634012222290e+00 -1.710439081070944667e-01
7.013387814164161682e+00 -8.934090048074722290e+00 -1.729054803727194667e-01
7.078939571976661682e+00 -8.877083212137222290e+00 -1.747670526383444667e-01
7.187093868851661682e+00 -1.014075508713722229e+01 -1.608815545914694667e-01
7.256673946976661682e+00 -1.007276192307472229e+01 -1.624684686539694667e-01
7.326131954789161682e+00 -1.000501289963722229e+01 -1.640401239274069667e-01
7.399374142289161682e+00 -9.942634969949722290e+00 -1.656270379899069667e-01
7.468465939164161682e+00 -9.875130087137222290e+00 -1.671986932633444667e-01
7.533773556351661682e+00 -9.802254110574722290e+00 -1.687398309586569667e-01
7.602377071976661682e+00 -9.735115438699722290e+00 -1.702962274430319667e-01
7.670858517289161682e+00 -9.668220907449722290e+00 -1.718526239274069667e-01
7.871908321976661682e+00 -1.117652168869972229e+01 -1.570821161149069667e-01
7.940145626664161682e+00 -1.108802071213722229e+01 -1.582723016617819667e-01
8.008016720414161682e+00 -1.099988594651222229e+01 -1.594624872086569667e-01
8.086385861039161682e+00 -1.092725411057472229e+01 -1.614003534195944667e-01
8.171346798539161682e+00 -1.086499825119972229e+01 -1.638112420914694667e-01
8.256673946976661682e+00 -1.080262032151222229e+01 -1.662526483414694667e-01
8.341634884476661682e+00 -1.074036446213722229e+01 -1.686635370133444667e-01
8.426595821976661682e+00 -1.067823067307472229e+01 -1.710896844742819667e-01
8.701742306351661682e+00 -1.243140450119972229e+01 -1.514363641617819667e-01
8.822713986039161682e+00 -1.239893379807472229e+01 -1.554189081070944667e-01
8.915609493851661682e+00 -1.232447090744972229e+01 -1.579671258805319667e-01
9.008871212601661682e+00 -1.224976387619972229e+01 -1.605306024430319667e-01
9.101644650101661682e+00 -1.217530098557472229e+01 -1.630940790055319667e-01
9.194662228226661682e+00 -1.210071602463722229e+01 -1.656422967789694667e-01
9.287313595414161682e+00 -1.202649727463722229e+01 -1.681905145524069667e-01
9.374471798539161682e+00 -1.194532051682472229e+01 -1.707539911149069667e-01
9.880575314164161682e+00 -1.421436348557472229e+01 -1.509480829117819667e-01
9.073568478226661682e+00 -1.276941719651222229e+01 -1.035390252945944667e-01
9.992147579789161682e+00 -1.389514961838722229e+01 -1.513142938492819667e-01
1.006453527510166168e+01 -1.376282539963722229e+01 -1.524587030289694667e-01
1.020064367353916168e+01 -1.372290840744972229e+01 -1.570668573258444667e-01
1.032845129072666168e+01 -1.366968575119972229e+01 -1.612172479508444667e-01
1.044063390791416168e+01 -1.359497871994972229e+01 -1.645284051774069667e-01
1.054878820478916168e+01 -1.351465645432472229e+01 -1.676106805680319667e-01
1.350679601728916168e+01 -1.970362129807472229e+01 -2.465901727555319667e-01
9.074789181351661682e+00 -1.276844063401222229e+01 -3.548482607584446669e-02
1.399507726728916168e+01 -1.974146309494972229e+01 -2.633138055680319667e-01
1.435701574385166168e+01 -1.992163887619972229e+01 -2.773671502945944667e-01
1.336910070478916168e+01 -1.818872871994972229e+01 -2.289052362320944667e-01
1.170552648603916168e+01 -1.557495918869972229e+01 -1.497884149430319667e-01
1.174446691572666168e+01 -1.536756172776222229e+01 -1.494527215836569667e-01
1.189253820478916168e+01 -1.531031075119972229e+01 -1.545796747086569667e-01
1.460664953291416168e+01 -2.136450996994972229e+01 -1.832204217789694667e-01
9.076009884476661682e+00 -1.276734200119972229e+01 3.220316220540553331e-02
1.530281652510166168e+01 -2.164746895432472229e+01 -2.068257684586569667e-01
1.558894933760166168e+01 -2.168506661057472229e+01 -2.161794061539694667e-01
1.587203039228916168e+01 -2.171399727463722229e+01 -2.253957147477194667e-01
1.619673742353916168e+01 -2.179407539963722229e+01 -2.361836786149069667e-01
1.646224035322666168e+01 -2.178772774338722229e+01 -2.446828241227194667e-01
1.673079504072666168e+01 -2.178125801682472229e+01 -2.532735223649069667e-01
1.549483312666416168e+01 -2.270410957932472229e+01 -9.571126650553196669e-02
9.077352657914161682e+00 -1.276636543869972229e+01 9.987589169759303331e-02
1.617012609541416168e+01 -2.290943184494972229e+01 -1.150899286149069667e-01
1.648714269697666168e+01 -2.296888008713722229e+01 -1.244588250992819667e-01
1.683638586103916168e+01 -2.306861153244972229e+01 -1.348195428727194667e-01
1.679183019697666168e+01 -2.261341133713722229e+01 -1.332173700211569667e-01
1.764705480635166168e+01 -2.339551582932472229e+01 -1.595998163102194667e-01
1.801302160322666168e+01 -2.349182930588722229e+01 -1.704488153336569667e-01
1.614070715010166168e+01 -2.367652168869972229e+01 1.258035947103053331e-02
9.078573361039161682e+00 -1.276526680588722229e+01 1.679148321272805333e-01
1.655684484541416168e+01 -2.346888008713722229e+01 7.700567366555333138e-04
1.690498937666416168e+01 -2.356311836838722229e+01 -8.278405177406966686e-03
1.699471105635166168e+01 -2.328650704026222229e+01 -1.154378603678196669e-02
1.699507726728916168e+01 -2.288990059494972229e+01 -1.279500673990696669e-02
1.848677648603916168e+01 -2.453321114182472229e+01 -4.767659853678196669e-02
1.890364660322666168e+01 -2.467786446213722229e+01 -5.841878603678196669e-02
1.603926672041416168e+01 -2.351734200119972229e+01 1.411966924788430333e-01
9.079794064164161682e+00 -1.276429024338722229e+01 2.355875616194680333e-01
1.651338781416416168e+01 -2.340003243088722229e+01 1.289286260725930333e-01
1.662788976728916168e+01 -2.316040840744972229e+01 1.245035772444680333e-01
1.707137121260166168e+01 -2.338941231369972229e+01 1.153635625960305333e-01
1.709871496260166168e+01 -2.302832832932472229e+01 1.122202520491555333e-01
1.921309484541416168e+01 -2.551612129807472229e+01 7.817789365071803331e-02
1.968135656416416168e+01 -2.571253243088722229e+01 6.819864560384303331e-02
1.614656652510166168e+01 -2.367420235276222229e+01 2.676310186507180333e-01
9.081014767289161682e+00 -1.276319161057472229e+01 3.036265020491555333e-01
1.647005285322666168e+01 -2.333130684494972229e+01 2.570109014632180333e-01
1.855623449385166168e+01 -2.592017403244972229e+01 2.396463995100930333e-01
1.752632726728916168e+01 -2.402491036057472229e+01 2.416605596663430333e-01
1.721944250166416168e+01 -2.319019356369972229e+01 2.393717413069680333e-01
1.718086828291416168e+01 -2.274585762619972229e+01 2.354807500960305333e-01
1.758626379072666168e+01 -2.290576973557472229e+01 2.284464483382180333e-01
1.643208898603916168e+01 -2.410059395432472229e+01 3.956370000960305333e-01
9.082357540726661682e+00 -1.276221504807472229e+01 3.712839727522805333e-01
1.662593664228916168e+01 -2.355359688401222229e+01 3.841013555647805333e-01
1.738741125166416168e+01 -2.423865547776222229e+01 3.795694952132180333e-01
1.700374425947666168e+01 -2.328357735276222229e+01 3.730692510725930333e-01
1.717000402510166168e+01 -2.311670723557472229e+01 3.675303106429055333e-01
1.718123449385166168e+01 -2.274121895432472229e+01 3.619150762679055333e-01
1.762093175947666168e+01 -2.294702950119972229e+01 3.565592413069680333e-01
1.643941320478916168e+01 -2.410596504807472229e+01 5.259165411116555333e-01
9.083578243851661682e+00 -1.276111641526222229e+01 4.393076543929055333e-01
1.655843175947666168e+01 -2.344971504807472229e+01 5.113749151350930333e-01
1.993953527510166168e+01 -2.789075508713722229e+01 5.369944219710305333e-01
1.700765050947666168e+01 -2.328382149338722229e+01 5.010599737288430333e-01
1.713228429853916168e+01 -2.305921211838722229e+01 4.949564581038430333e-01
2.133406652510166168e+01 -2.838282051682472229e+01 5.241007452132180333e-01
1.775288976728916168e+01 -2.311829414963722229e+01 4.866404180647805333e-01
1.571138586103916168e+01 -2.299976387619972229e+01 6.412119512679055333e-01
8.927572384476661682e+00 -1.252661934494972229e+01 5.039744024397805333e-01
9.247518673539161682e+00 -1.278076973557472229e+01 5.051951055647805333e-01
9.548666134476661682e+00 -1.299573555588722229e+01 5.058054571272805333e-01
9.869955196976661682e+00 -1.323011055588722229e+01 5.065683965804055333e-01
1.020894445478916168e+01 -1.347718086838722229e+01 5.073771124007180333e-01
1.056429113447666168e+01 -1.373621407151222229e+01 5.082163457991555333e-01
1.093855871260166168e+01 -1.400916329026222229e+01 5.091013555647805333e-01
8.523641720414161682e+00 -1.213086739182472229e+01 5.649942999007180333e-01
8.821005001664161682e+00 -1.236560860276222229e+01 5.674051885725930333e-01
9.133627071976661682e+00 -1.261194649338722229e+01 5.703043584944680333e-01
9.441976681351661682e+00 -1.284021797776222229e+01 5.727762823225930333e-01
9.768758907914161682e+00 -1.308472481369972229e+01 5.754770879866555333e-01
1.011788000166416168e+01 -1.334827461838722229e+01 5.784067754866555333e-01
1.048494543135166168e+01 -1.362549629807472229e+01 5.815043096663430333e-01
1.087373937666416168e+01 -1.391944161057472229e+01 5.851969366194680333e-01
8.576376095414161682e+00 -1.220789375901222229e+01 6.306528692366555333e-01
8.893758907914161682e+00 -1.247071114182472229e+01 6.357645635725930333e-01
9.211630001664161682e+00 -1.272266426682472229e+01 6.405253057600930333e-01
9.546835079789161682e+00 -1.298743477463722229e+01 6.455301885725930333e-01
9.870565548539161682e+00 -1.322498360276222229e+01 6.498331670882180333e-01
1.020528234541416168e+01 -1.346619454026222229e+01 6.541514043929055333e-01
1.055586828291416168e+01 -1.371888008713722229e+01 6.586832647444680333e-01
1.092488683760166168e+01 -1.398474922776222229e+01 6.634440069319680333e-01
8.556722775101661682e+00 -1.217530098557472229e+01 6.942972784163430333e-01
8.851888790726661682e+00 -1.240589180588722229e+01 6.999430303694680333e-01
9.162191525101661682e+00 -1.264783516526222229e+01 7.061991338850930333e-01
9.465292111039161682e+00 -1.286780586838722229e+01 7.117838506819680333e-01
9.777547970414161682e+00 -1.309119454026222229e+01 7.174296026350930333e-01
1.012166418135166168e+01 -1.334778633713722229e+01 7.239908819319680333e-01
1.049934972822666168e+01 -1.363916817307472229e+01 7.315134649397805333e-01
1.090035070478916168e+01 -1.394898262619972229e+01 7.399210577132180333e-01
8.560506954789161682e+00 -1.217823067307472229e+01 7.584910040022805333e-01
8.886800900101661682e+00 -1.245471993088722229e+01 7.677225713850930333e-01
9.232992306351661682e+00 -1.274817696213722229e+01 7.775187139632180333e-01
9.558797970414161682e+00 -1.299878731369972229e+01 7.857889776350930333e-01
9.905965939164161682e+00 -1.326892891526222229e+01 7.947306280257180333e-01
2.216304601728916168e+01 -2.998609200119972229e+01 1.375373328221030533e+00
2.245088781416416168e+01 -2.986805000901222229e+01 1.370139563572593033e+00
2.525679601728916168e+01 -3.310926094651222229e+01 1.481421912205405533e+00
1.580977453291416168e+01 -2.312146797776222229e+01 1.265845740330405533e+00
1.582478918135166168e+01 -2.274158516526222229e+01 1.250373328221030533e+00
1.611018957197666168e+01 -2.276441231369972229e+01 1.251197302830405533e+00
1.638667882978916168e+01 -2.276783028244972229e+01 1.250571692478843033e+00
1.657198156416416168e+01 -2.263965645432472229e+01 1.245276892674155533e+00
2.218477453291416168e+01 -3.000940743088722229e+01 1.543952429783530533e+00
2.246114172041416168e+01 -2.987525215744972229e+01 1.538382971775718033e+00
2.289449132978916168e+01 -2.994934883713722229e+01 1.541236365330405533e+00
1.564058507978916168e+01 -2.286072579026222229e+01 1.378760779392905533e+00
1.588313879072666168e+01 -2.282288399338722229e+01 1.376975501072593033e+00
1.614949621260166168e+01 -2.281653633713722229e+01 1.377295935642905533e+00
2.144392980635166168e+01 -2.999878731369972229e+01 1.708671057713218033e+00
2.382088293135166168e+01 -3.282569161057472229e+01 1.839759314549155533e+00
2.220650304853916168e+01 -3.003260079026222229e+01 1.711905920994468033e+00
2.247139562666416168e+01 -2.988245430588722229e+01 1.705832922947593033e+00
2.286897863447666168e+01 -2.990857735276222229e+01 1.708793128025718033e+00
7.078817501664161682e+00 -8.876472860574722290e+00 -1.747517938492819667e-01
7.147665157914161682e+00 -8.823860555887222290e+00 -1.765981073258444667e-01
7.219320431351661682e+00 -8.774910360574722290e+00 -1.789327020524069667e-01
7.295980587601661682e+00 -8.731819540262222290e+00 -1.816792840836569667e-01
7.372762814164161682e+00 -8.688728719949722290e+00 -1.844258661149069667e-01
7.448934689164161682e+00 -8.644295126199722290e+00 -1.871114129899069667e-01
7.521688595414161682e+00 -8.595833212137222290e+00 -1.895223016617819667e-01
7.591146603226661682e+00 -8.543098837137222290e+00 -1.919026727555319667e-01
7.670980587601661682e+00 -9.667732626199722290e+00 -1.718526239274069667e-01
7.741781368851661682e+00 -9.604256063699722290e+00 -1.738057489274069667e-01
7.813680782914161682e+00 -9.542366415262222290e+00 -1.758504266617819667e-01
7.891805782914161682e+00 -9.487923055887222290e+00 -1.780629510758444667e-01
7.976400509476661682e+00 -9.441902548074722290e+00 -1.810536737320944667e-01
8.055990353226661682e+00 -9.388924032449722290e+00 -1.839223260758444667e-01
8.133505001664161682e+00 -9.333626180887222290e+00 -1.863789911149069667e-01
8.211019650101661682e+00 -9.278206259012222290e+00 -1.888203973649069667e-01
8.426717892289161682e+00 -1.067786446213722229e+01 -1.710896844742819667e-01
8.513143673539161682e+00 -1.061768379807472229e+01 -1.738210077164694667e-01
8.602255001664161682e+00 -1.056067696213722229e+01 -1.767201776383444667e-01
8.691732540726661682e+00 -1.050342598557472229e+01 -1.796498651383444667e-01
8.781088009476661682e+00 -1.044617500901222229e+01 -1.825642938492819667e-01
8.870931759476661682e+00 -1.038880196213722229e+01 -1.854939813492819667e-01
8.960653439164161682e+00 -1.033142891526222229e+01 -1.884236688492819667e-01
9.048910275101661682e+00 -1.027198067307472229e+01 -1.912465448258444667e-01
9.374471798539161682e+00 -1.194458809494972229e+01 -1.707539911149069667e-01
9.469076290726661682e+00 -1.187342110276222229e+01 -1.732869500992819667e-01
9.558309689164161682e+00 -1.179517403244972229e+01 -1.758351678727194667e-01
9.647787228226661682e+00 -1.171680489182472229e+01 -1.783986444352194667e-01
9.736898556351661682e+00 -1.163880196213722229e+01 -1.809468622086569667e-01
9.826254025101661682e+00 -1.156055489182472229e+01 -1.835103387711569667e-01
9.915121212601661682e+00 -1.148267403244972229e+01 -1.860585565445944667e-01
9.998373165726661682e+00 -1.139795723557472229e+01 -1.886067743180319667e-01
1.054866613447666168e+01 -1.351380196213722229e+01 -1.675954217789694667e-01
1.065169347822666168e+01 -1.342700996994972229e+01 -1.706166620133444667e-01
1.075484289228916168e+01 -1.334021797776222229e+01 -1.736379022477194667e-01
1.085823644697666168e+01 -1.325330391526222229e+01 -1.766744012711569667e-01
1.096126379072666168e+01 -1.316663399338722229e+01 -1.796956415055319667e-01
1.105684484541416168e+01 -1.307019844651222229e+01 -1.823201532242819667e-01
1.113033117353916168e+01 -1.294825020432472229e+01 -1.838002557633444667e-01
1.120345129072666168e+01 -1.282715645432472229e+01 -1.852956170914694667e-01
1.189302648603916168e+01 -1.531018868088722229e+01 -1.546101922867819667e-01
1.138655675947666168e+01 -1.439075508713722229e+01 -1.292348260758444667e-01
1.217415441572666168e+01 -1.517249336838722229e+01 -1.631703729508444667e-01
1.229817785322666168e+01 -1.508069649338722229e+01 -1.669240350602194667e-01
1.242195715010166168e+01 -1.498902168869972229e+01 -1.706624383805319667e-01
1.254622472822666168e+01 -1.489710274338722229e+01 -1.744161004899069667e-01
1.267012609541416168e+01 -1.480542793869972229e+01 -1.781697625992819667e-01
1.278792394697666168e+01 -1.470618477463722229e+01 -1.820912713883444667e-01
1.673189367353916168e+01 -2.178150215744972229e+01 -2.533192987320944667e-01
1.138802160322666168e+01 -1.438953438401222229e+01 -4.932454775553196669e-02
1.723946203291416168e+01 -2.171753731369972229e+01 -2.697530145524069667e-01
1.747884191572666168e+01 -2.166077461838722229e+01 -2.774129266617819667e-01
1.456465734541416168e+01 -1.766260567307472229e+01 -1.662831659195944667e-01
1.468501867353916168e+01 -1.752063789963722229e+01 -1.697011346695944667e-01
1.368465246260166168e+01 -1.602735176682472229e+01 -1.310963983414694667e-01
1.492366613447666168e+01 -1.723914375901222229e+01 -1.764607782242819667e-01
1.801436437666416168e+01 -2.349243965744972229e+01 -1.704945917008444667e-01
1.138948644697666168e+01 -1.438831368088722229e+01 3.057047177571803331e-02
1.879695715010166168e+01 -2.372596016526222229e+01 -1.933217401383444667e-01
1.915511144697666168e+01 -2.378577461838722229e+01 -2.040791864274069667e-01
1.948494543135166168e+01 -2.380432930588722229e+01 -2.139821405289694667e-01
1.982088293135166168e+01 -2.382337227463722229e+01 -2.240682000992819667e-01
1.368623937666416168e+01 -1.602588692307472229e+01 -3.876546572428196669e-02
2.069124425947666168e+01 -2.408240547776222229e+01 -2.509847040055319667e-01
1.890559972822666168e+01 -2.467920723557472229e+01 -5.846456240396946669e-02
1.139095129072666168e+01 -1.438709297776222229e+01 1.108927374007180333e-01
1.975581945478916168e+01 -2.495972481369972229e+01 -8.060506533365696669e-02
2.018575109541416168e+01 -2.508972969651222229e+01 -9.183553408365696669e-02
2.061604894697666168e+01 -2.521155586838722229e+01 -1.031117792008444667e-01
2.117769445478916168e+01 -2.548389473557472229e+01 -1.174397821305319667e-01
1.368794836103916168e+01 -1.602454414963722229e+01 5.405374814290553331e-02
2.217928136885166168e+01 -2.584339180588722229e+01 -1.434254999039694667e-01
1.968367590010166168e+01 -2.571411934494972229e+01 6.815286923665553331e-02
1.139241613447666168e+01 -1.438599434494972229e+01 1.907877569319680333e-01
2.063558019697666168e+01 -2.609095039963722229e+01 4.764505673665553331e-02
2.111726965010166168e+01 -2.626721993088722229e+01 3.717752743978053331e-02
2.158736242353916168e+01 -2.641883125901222229e+01 2.680155087728053331e-02
2.209053625166416168e+01 -2.659876289963722229e+01 1.583048154134303331e-02
1.368953527510166168e+01 -1.602320137619972229e+01 1.463694219710305333e-01
2.314693273603916168e+01 -2.698609200119972229e+01 -7.133995997719466686e-03
1.758785070478916168e+01 -2.290662422776222229e+01 2.284159307600930333e-01
1.139388097822666168e+01 -1.438477364182472229e+01 2.710947637679055333e-01
1.775398840010166168e+01 -2.236328926682472229e+01 2.191233282210305333e-01
2.190193761885166168e+01 -2.725782051682472229e+01 1.819529180647805333e-01
2.241219152510166168e+01 -2.744275704026222229e+01 1.729807500960305333e-01
2.292757238447666168e+01 -2.762036934494972229e+01 1.638102178694680333e-01
1.369124425947666168e+01 -1.602185860276222229e+01 2.391733770491555333e-01
2.393404211103916168e+01 -2.791419258713722229e+01 1.453470831038430333e-01
1.762190832197666168e+01 -2.294702950119972229e+01 3.565439825179055333e-01
1.139534582197666168e+01 -1.438355293869972229e+01 3.509745245100930333e-01
1.776375402510166168e+01 -2.237097969651222229e+01 3.457560186507180333e-01
2.265389074385166168e+01 -2.820630684494972229e+01 3.375315313460305333e-01
2.316512121260166168e+01 -2.837635079026222229e+01 3.304361944319680333e-01
2.364839757978916168e+01 -2.849878731369972229e+01 3.231882696272805333e-01
1.369283117353916168e+01 -1.602051582932472229e+01 3.314737920882180333e-01
2.468135656416416168e+01 -2.879468575119972229e+01 3.081888799788430333e-01
1.775642980635166168e+01 -2.312183418869972229e+01 4.866404180647805333e-01
1.139681066572666168e+01 -1.438233223557472229e+01 4.312815313460305333e-01
1.801521886885166168e+01 -2.269092598557472229e+01 4.742350225569680333e-01
2.336580480635166168e+01 -2.910376778244972229e+01 5.038981084944680333e-01
2.385408605635166168e+01 -2.922986641526222229e+01 4.984659795882180333e-01
2.438265050947666168e+01 -2.939319649338722229e+01 4.930491094710305333e-01
1.369454015791416168e+01 -1.601905098557472229e+01 4.242624883772805333e-01
2.552474035322666168e+01 -2.978870430588722229e+01 4.830546026350930333e-01
1.094075597822666168e+01 -1.401136055588722229e+01 5.091318731429055333e-01
1.133577550947666168e+01 -1.429908028244972229e+01 5.101999883772805333e-01
1.172371496260166168e+01 -1.456507149338722229e+01 5.108866338850930333e-01
1.212142004072666168e+01 -1.483057442307472229e+01 5.114359502913430333e-01
1.253853429853916168e+01 -1.510901680588722229e+01 5.120310430647805333e-01
1.297969640791416168e+01 -1.540357246994972229e+01 5.126413946272805333e-01
1.344368566572666168e+01 -1.571326485276222229e+01 5.132975225569680333e-01
1.391890539228916168e+01 -1.602271309494972229e+01 5.137858038069680333e-01
1.087605871260166168e+01 -1.392176094651222229e+01 5.852274541975930333e-01
1.128670324385166168e+01 -1.423169746994972229e+01 5.884317999007180333e-01
1.169612707197666168e+01 -1.452637520432472229e+01 5.916971807600930333e-01
1.210994543135166168e+01 -1.481299629807472229e+01 5.947031622054055333e-01
1.254549230635166168e+01 -1.511450996994972229e+01 5.978617315413430333e-01
1.300752843916416168e+01 -1.543445625901222229e+01 6.012186651350930333e-01
1.349519933760166168e+01 -1.577210274338722229e+01 6.047587041975930333e-01
1.398763097822666168e+01 -1.610083809494972229e+01 6.085428838850930333e-01
1.092708410322666168e+01 -1.398694649338722229e+01 6.634745245100930333e-01
1.131600011885166168e+01 -1.426697579026222229e+01 6.686930303694680333e-01
1.170100988447666168e+01 -1.452954903244972229e+01 6.734537725569680333e-01
1.209285558760166168e+01 -1.478797188401222229e+01 6.780314092757180333e-01
1.250337804853916168e+01 -1.505872383713722229e+01 6.828379278304055333e-01
1.293709386885166168e+01 -1.534485664963722229e+01 6.879038457991555333e-01
1.339278234541416168e+01 -1.564539375901222229e+01 6.932444219710305333e-01
1.390120519697666168e+01 -1.599500313401222229e+01 6.995920782210305333e-01
1.090279211103916168e+01 -1.395142403244972229e+01 7.399973516585305333e-01
1.132723058760166168e+01 -1.427869454026222229e+01 7.482828741194680333e-01
1.174422277510166168e+01 -1.458228340744972229e+01 7.562479620100930333e-01
1.217159093916416168e+01 -1.488477364182472229e+01 7.641367559554055333e-01
1.262227453291416168e+01 -1.520386543869972229e+01 7.724680547835305333e-01
2.434725011885166168e+01 -2.932459297776222229e+01 1.176063025486655533e+00
2.524703039228916168e+01 -2.992578926682472229e+01 1.191535437596030533e+00
2.872981847822666168e+01 -3.356092110276222229e+01 1.294501746189780533e+00
2.263423742353916168e+01 -2.960694161057472229e+01 1.359931433689780533e+00
2.308235754072666168e+01 -2.969751778244972229e+01 1.362540686619468033e+00
2.644380773603916168e+01 -3.353577461838722229e+01 1.494986975681968033e+00
2.404500402510166168e+01 -2.993311348557472229e+01 1.369605505955405533e+00
2.489388097822666168e+01 -3.049427071213722229e+01 1.388450110447593033e+00
2.821700109541416168e+01 -3.405970039963722229e+01 1.511191809666343033e+00
2.459761632978916168e+01 -2.913709297776222229e+01 1.340354407322593033e+00
2.954073156416416168e+01 -3.451441231369972229e+01 1.525565588963218033e+00
2.289473547041416168e+01 -2.994788399338722229e+01 1.541175330174155533e+00
2.306026281416416168e+01 -2.966187325119972229e+01 1.530158484471030533e+00
2.321187414228916168e+01 -2.936133614182472229e+01 1.518546545994468033e+00
2.765120519697666168e+01 -3.449707832932472229e+01 1.726035559666343033e+00
2.405354894697666168e+01 -2.944055977463722229e+01 1.521979773533530533e+00
2.486678136885166168e+01 -2.994849434494972229e+01 1.544059241306968033e+00
2.961617101728916168e+01 -3.517530098557472229e+01 1.756629431736655533e+00
3.025313390791416168e+01 -3.535071602463722229e+01 1.764457190525718033e+00
2.286934484541416168e+01 -2.990735664963722229e+01 1.708732092869468033e+00
2.447188390791416168e+01 -3.150659981369972229e+01 1.783393347752280533e+00
2.319038976728916168e+01 -2.932727852463722229e+01 1.684302771580405533e+00
2.834444250166416168e+01 -3.536792793869972229e+01 1.965857947361655533e+00
2.469185461103916168e+01 -3.022937813401222229e+01 1.729499304783530533e+00
2.452400793135166168e+01 -2.952222481369972229e+01 1.698417151463218033e+00
2.476741613447666168e+01 -2.932910957932472229e+01 1.691169226658530533e+00
3.092012609541416168e+01 -3.613294258713722229e+01 2.010932410252280533e+00
7.591634884476661682e+00 -8.543220907449722290e+00 -1.919331903336569667e-01
7.665121212601661682e+00 -8.495125204324722290e+00 -1.943440790055319667e-01
7.735311642289161682e+00 -8.442879110574722290e+00 -1.967549676774069667e-01
7.805746212601661682e+00 -8.390388876199722290e+00 -1.991658563492819667e-01
7.876058712601661682e+00 -8.338020712137222290e+00 -2.015767450211569667e-01
7.946737423539161682e+00 -8.285408407449722290e+00 -2.040028924820944667e-01
8.017294064164161682e+00 -8.232796102762222290e+00 -2.064137811539694667e-01
8.079549923539161682e+00 -8.171272665262222290e+00 -2.084432000992819667e-01
8.211385861039161682e+00 -9.278084188699722290e+00 -1.888356561539694667e-01
8.286459103226661682e+00 -9.219612509012222290e+00 -1.913228387711569667e-01
8.361654415726661682e+00 -9.161140829324722290e+00 -1.938100213883444667e-01
8.440633907914161682e+00 -9.106209188699722290e+00 -1.962666864274069667e-01
8.516073361039161682e+00 -9.047615438699722290e+00 -1.987538690445944667e-01
8.588216915726661682e+00 -8.984871298074722290e+00 -2.013020868180319667e-01
8.663778439164161682e+00 -8.926155477762222290e+00 -2.037892694352194667e-01
8.739462032914161682e+00 -8.867317587137222290e+00 -2.062917108414694667e-01
9.049276486039161682e+00 -1.027198067307472229e+01 -1.912770624039694667e-01
9.126180782914161682e+00 -1.019898262619972229e+01 -1.935658807633444667e-01
9.202963009476661682e+00 -1.012598457932472229e+01 -1.958394403336569667e-01
9.279989376664161682e+00 -1.005286446213722229e+01 -1.981282586930319667e-01
9.356771603226661682e+00 -9.979988485574722290e+00 -2.004170770524069667e-01
9.433675900101661682e+00 -9.906868368387222290e+00 -2.027058954117819667e-01
9.510336056351661682e+00 -9.834114462137222290e+00 -2.049947137711569667e-01
9.586996212601661682e+00 -9.761360555887222290e+00 -2.072682733414694667e-01
9.998983517289161682e+00 -1.139807930588722229e+01 -1.886372918961569667e-01
1.009004797041416168e+01 -1.132300606369972229e+01 -1.911702508805319667e-01
1.017549718916416168e+01 -1.124121895432472229e+01 -1.937184686539694667e-01
1.026119054853916168e+01 -1.115930977463722229e+01 -1.962819452164694667e-01
1.034651769697666168e+01 -1.107764473557472229e+01 -1.988301629899069667e-01
1.043221105635166168e+01 -1.099585762619972229e+01 -2.013783807633444667e-01
1.051741613447666168e+01 -1.091431465744972229e+01 -2.039265985367819667e-01
1.059663976728916168e+01 -1.082642403244972229e+01 -2.064748163102194667e-01
1.120393957197666168e+01 -1.282691231369972229e+01 -1.853108758805319667e-01
1.129988683760166168e+01 -1.273377266526222229e+01 -1.881795282242819667e-01
1.139620031416416168e+01 -1.264099922776222229e+01 -1.910634393570944667e-01
1.149263586103916168e+01 -1.254785957932472229e+01 -1.939626092789694667e-01
1.158870519697666168e+01 -1.245520821213722229e+01 -1.968465204117819667e-01
1.168514074385166168e+01 -1.236219063401222229e+01 -1.997304315445944667e-01
1.178108800947666168e+01 -1.226953926682472229e+01 -2.026143426774069667e-01
1.187691320478916168e+01 -1.217700996994972229e+01 -2.054829950211569667e-01
1.278829015791416168e+01 -1.470594063401222229e+01 -1.821065301774069667e-01
1.289522375166416168e+01 -1.459400215744972229e+01 -1.848225946305319667e-01
1.299275793135166168e+01 -1.447180977463722229e+01 -1.875844354508444667e-01
1.309407629072666168e+01 -1.435364571213722229e+01 -1.905141229508444667e-01
1.318819250166416168e+01 -1.422888985276222229e+01 -1.931233758805319667e-01
1.328243078291416168e+01 -1.410413399338722229e+01 -1.957478875992819667e-01
1.337593664228916168e+01 -1.398011055588722229e+01 -1.983571405289694667e-01
1.346065343916416168e+01 -1.384742012619972229e+01 -2.010274286149069667e-01
1.492427648603916168e+01 -1.723889961838722229e+01 -1.764912958024069667e-01
1.504097570478916168e+01 -1.709632149338722229e+01 -1.799397821305319667e-01
1.526338781416416168e+01 -1.707569161057472229e+01 -1.873402948258444667e-01
1.545650304853916168e+01 -1.701783028244972229e+01 -1.936421747086569667e-01
1.553462804853916168e+01 -1.683106270432472229e+01 -1.956715936539694667e-01
1.561226476728916168e+01 -1.664502754807472229e+01 -1.976704950211569667e-01
1.568904699385166168e+01 -1.646106758713722229e+01 -1.996541375992819667e-01
1.576521886885166168e+01 -1.627869454026222229e+01 -2.016225213883444667e-01
2.069331945478916168e+01 -2.408338204026222229e+01 -2.510457391617819667e-01
2.106209386885166168e+01 -2.412085762619972229e+01 -2.623067254899069667e-01
2.135677160322666168e+01 -2.406641426682472229e+01 -2.705464715836569667e-01
2.164705480635166168e+01 -2.400183907151222229e+01 -2.794118280289694667e-01
1.611275304853916168e+01 -1.746936836838722229e+01 -1.119008417008444667e-01
2.253731359541416168e+01 -2.420105782151222229e+01 -3.065419549820944667e-01
1.947151769697666168e+01 -2.051856270432472229e+01 -2.144246454117819667e-01
1.897334875166416168e+01 -1.966272774338722229e+01 -1.993794793961569667e-01
2.218245519697666168e+01 -2.584571114182472229e+01 -1.435017938492819667e-01
2.266036047041416168e+01 -2.598096504807472229e+01 -1.561208124039694667e-01
2.312740148603916168e+01 -2.609339180588722229e+01 -1.685414667008444667e-01
2.354878820478916168e+01 -2.614283028244972229e+01 -1.799245233414694667e-01
1.611458410322666168e+01 -1.746790352463722229e+01 -7.271325099281966686e-03
2.463326086103916168e+01 -2.648352852463722229e+01 -2.084737176774069667e-01
2.511177648603916168e+01 -2.656836739182472229e+01 -2.213063592789694667e-01
2.555794347822666168e+01 -2.660987129807472229e+01 -2.333913202164694667e-01
2.314949621260166168e+01 -2.698755684494972229e+01 -7.179772364906966686e-03
2.364339269697666168e+01 -2.712268868088722229e+01 -1.828817080240696669e-02
2.412715734541416168e+01 -2.723499336838722229e+01 -2.928975771646946669e-02
2.461714757978916168e+01 -2.734278145432472229e+01 -4.048970888834446669e-02
1.611641515791416168e+01 -1.746631661057472229e+01 9.734293271321803331e-02
2.548335851728916168e+01 -2.740576973557472229e+01 -6.118062685709446669e-02
2.558797277510166168e+01 -2.707398262619972229e+01 -6.606343935709446669e-02
2.588765539228916168e+01 -2.695240059494972229e+01 -7.424215029459446669e-02
2.393623937666416168e+01 -2.791516914963722229e+01 1.453165655257180333e-01
2.445223058760166168e+01 -2.806031075119972229e+01 1.358255987288430333e-01
2.437044347822666168e+01 -2.750843086838722229e+01 1.317972784163430333e-01
2.471163000166416168e+01 -2.744373360276222229e+01 1.238321905257180333e-01
1.611824621260166168e+01 -1.746485176682472229e+01 2.025065069319680333e-01
2.553792394697666168e+01 -2.745960274338722229e+01 1.063913946272805333e-01
2.525191320478916168e+01 -2.670789375901222229e+01 1.046061163069680333e-01
2.583943761885166168e+01 -2.689612618088722229e+01 9.404703427571803331e-02
2.468453039228916168e+01 -2.879676094651222229e+01 3.081583624007180333e-01
2.524825109541416168e+01 -2.898279610276222229e+01 3.004526739241555333e-01
2.432784093916416168e+01 -2.745374336838722229e+01 2.960123663069680333e-01
2.465279211103916168e+01 -2.737159004807472229e+01 2.889322881819680333e-01
1.612019933760166168e+01 -1.746326485276222229e+01 3.071207647444680333e-01
2.621492590010166168e+01 -2.819239082932472229e+01 2.718119268538430333e-01
2.528511632978916168e+01 -2.673804512619972229e+01 2.685770635725930333e-01
2.594942297041416168e+01 -2.700659981369972229e+01 2.601847295882180333e-01
2.552828039228916168e+01 -2.979114571213722229e+01 4.830393438460305333e-01
2.551314367353916168e+01 -2.928553047776222229e+01 4.745096807600930333e-01
2.478340734541416168e+01 -2.797034493088722229e+01 4.619059209944680333e-01
2.475459875166416168e+01 -2.748072090744972229e+01 4.538645391585305333e-01
1.612203039228916168e+01 -1.746180000901222229e+01 4.117045049788430333e-01
2.548641027510166168e+01 -2.739221993088722229e+01 4.411997442366555333e-01
2.531844152510166168e+01 -2.676831856369972229e+01 4.338297491194680333e-01
2.573494543135166168e+01 -2.677478829026222229e+01 4.276194219710305333e-01
1.392159093916416168e+01 -1.602503243088722229e+01 5.138010625960305333e-01
1.438850988447666168e+01 -1.631079903244972229e+01 5.140757207991555333e-01
1.488020910322666168e+01 -1.661182442307472229e+01 5.143503790022805333e-01
1.540059484541416168e+01 -1.693030586838722229e+01 5.146402959944680333e-01
1.594820226728916168e+01 -1.726551094651222229e+01 5.149454717757180333e-01
1.649690832197666168e+01 -1.758582344651222229e+01 5.149302129866555333e-01
1.705953039228916168e+01 -1.790723457932472229e+01 5.147776250960305333e-01
1.766475500166416168e+01 -1.825879707932472229e+01 5.147165899397805333e-01
1.399056066572666168e+01 -1.610327950119972229e+01 6.085734014632180333e-01
1.447603429853916168e+01 -1.640943184494972229e+01 6.110605840804055333e-01
1.496822179853916168e+01 -1.670923653244972229e+01 6.138376836897805333e-01
1.548885168135166168e+01 -1.702625313401222229e+01 6.167673711897805333e-01
1.603658117353916168e+01 -1.735987129807472229e+01 6.198496465804055333e-01
1.657564367353916168e+01 -1.766809883713722229e+01 6.224131231429055333e-01
1.712911047041416168e+01 -1.797815743088722229e+01 6.248697881819680333e-01
1.771077550947666168e+01 -1.830371895432472229e+01 6.280588750960305333e-01
1.390315832197666168e+01 -1.599646797776222229e+01 6.996225957991555333e-01
1.439668859541416168e+01 -1.631348457932472229e+01 7.054056768538430333e-01
1.492085851728916168e+01 -1.665137520432472229e+01 7.115854864241555333e-01
1.547810949385166168e+01 -1.701075020432472229e+01 7.181467657210305333e-01
1.606758703291416168e+01 -1.739075508713722229e+01 7.250895147444680333e-01
1.664095129072666168e+01 -1.773560371994972229e+01 7.311625127913430333e-01
2.546834386885166168e+01 -2.691248360276222229e+01 9.314036016585305333e-01
2.588570226728916168e+01 -2.691736641526222229e+01 9.290232305647805333e-01
2.873335851728916168e+01 -3.356324043869972229e+01 1.294562781346030533e+00
2.938826574385166168e+01 -3.377552071213722229e+01 1.298148596775718033e+00
2.440621007978916168e+01 -2.751490059494972229e+01 1.118689978611655533e+00
2.457881750166416168e+01 -2.725989571213722229e+01 1.110267127049155533e+00
2.503767980635166168e+01 -2.732532539963722229e+01 1.110938513767905533e+00
2.507906164228916168e+01 -2.692578926682472229e+01 1.098426306736655533e+00
2.535457433760166168e+01 -2.678504219651222229e+01 1.093238318455405533e+00
2.564497961103916168e+01 -2.665821114182472229e+01 1.089332068455405533e+00
2.954451574385166168e+01 -3.451685371994972229e+01 1.525657141697593033e+00
3.019344152510166168e+01 -3.470630684494972229e+01 1.532264197361655533e+00
2.952205480635166168e+01 -3.336878243088722229e+01 1.486106360447593033e+00
3.055135168135166168e+01 -3.398120918869972229e+01 1.507316077244468033e+00
2.693977941572666168e+01 -2.942652168869972229e+01 1.349982703221030533e+00
3.293111242353916168e+01 -3.547351875901222229e+01 1.559012854588218033e+00
2.529707922041416168e+01 -2.671790352463722229e+01 1.256476843846030533e+00
2.543196691572666168e+01 -2.642835274338722229e+01 1.246512854588218033e+00
3.025618566572666168e+01 -3.535230293869972229e+01 1.764533484471030533e+00
3.020003332197666168e+01 -3.470667305588722229e+01 1.739890540135093033e+00
2.950789465010166168e+01 -3.334558907151222229e+01 1.686118567478843033e+00
3.058394445478916168e+01 -3.401087227463722229e+01 1.713645422947593033e+00
2.694417394697666168e+01 -2.942542305588722229e+01 1.528464758885093033e+00
2.523799718916416168e+01 -2.708765450119972229e+01 1.435416663181968033e+00
2.555220617353916168e+01 -2.698572579026222229e+01 1.432548010838218033e+00
2.633406652510166168e+01 -2.737329903244972229e+01 1.449729407322593033e+00
3.092305578291416168e+01 -3.613428536057472229e+01 2.011008704197593033e+00
3.036311925947666168e+01 -3.488916817307472229e+01 1.954932654392905533e+00
2.949385656416416168e+01 -3.332251778244972229e+01 1.884803259861655533e+00
3.059371007978916168e+01 -3.401465645432472229e+01 1.920264685642905533e+00
2.694869054853916168e+01 -2.942432442307472229e+01 1.707908118260093033e+00
3.452376379072666168e+01 -3.719300118088722229e+01 2.076056921971030533e+00
3.527107824385166168e+01 -3.738819161057472229e+01 2.088782752049155533e+00
2.600191320478916168e+01 -2.701770821213722229e+01 1.603507483494468033e+00
8.079794064164161682e+00 -8.171150594949722290e+00 -2.084584588883444667e-01
8.144003048539161682e+00 -8.111702352762222290e+00 -2.103352899430319667e-01
8.204916134476661682e+00 -8.048714071512222290e+00 -2.122273797867819667e-01
8.265951290726661682e+00 -7.985603719949722290e+00 -2.141194696305319667e-01
8.326864376664161682e+00 -7.922737509012222290e+00 -2.160115594742819667e-01
8.387899532914161682e+00 -7.859627157449722290e+00 -2.179036493180319667e-01
8.448690548539161682e+00 -7.796760946512222290e+00 -2.197957391617819667e-01
8.505941525101661682e+00 -7.730598837137222290e+00 -2.216725702164694667e-01
8.739828243851661682e+00 -8.867195516824722290e+00 -2.063069696305319667e-01
8.812704220414161682e+00 -8.805427938699722290e+00 -2.088399286149069667e-01
8.885824337601661682e+00 -8.743538290262222290e+00 -2.113728875992819667e-01
8.962850704789161682e+00 -8.684944540262222290e+00 -2.138905877945944667e-01
9.032674923539161682e+00 -8.619392782449722290e+00 -2.161794061539694667e-01
9.102743282914161682e+00 -8.553596884012222290e+00 -2.187734002945944667e-01
9.177694454789161682e+00 -8.492805868387222290e+00 -2.214131708024069667e-01
9.252767696976661682e+00 -8.431892782449722290e+00 -2.240682000992819667e-01
9.587118282914161682e+00 -9.760994344949722290e+00 -2.072682733414694667e-01
9.660360470414161682e+00 -9.684822469949722290e+00 -2.095418329117819667e-01
9.733602657914161682e+00 -9.608528524637222290e+00 -2.118306512711569667e-01
9.807088986039161682e+00 -9.532112509012222290e+00 -2.141194696305319667e-01
9.880331173539161682e+00 -9.456062704324722290e+00 -2.163930292008444667e-01
9.953817501664161682e+00 -9.379646688699722290e+00 -2.186818475602194667e-01
1.002693761885166168e+01 -9.303474813699722290e+00 -2.209554071305319667e-01
1.010005773603916168e+01 -9.227425009012222290e+00 -2.232289667008444667e-01
1.059663976728916168e+01 -1.082593575119972229e+01 -2.064748163102194667e-01
1.068440832197666168e+01 -1.074707832932472229e+01 -2.090230340836569667e-01
1.076595129072666168e+01 -1.066199532151222229e+01 -2.115559930680319667e-01
1.084773840010166168e+01 -1.057654610276222229e+01 -2.141194696305319667e-01
1.092928136885166168e+01 -1.049134102463722229e+01 -2.166524286149069667e-01
1.101106847822666168e+01 -1.040601387619972229e+01 -2.192006463883444667e-01
1.109261144697666168e+01 -1.032093086838722229e+01 -2.217488641617819667e-01
1.116768468916416168e+01 -1.022986641526222229e+01 -2.242818231461569667e-01
1.187727941572666168e+01 -1.217676582932472229e+01 -2.054982538102194667e-01
1.196932043135166168e+01 -1.208020821213722229e+01 -2.083669061539694667e-01
1.150081457197666168e+01 -1.141089668869972229e+01 -1.831899042008444667e-01
1.158955968916416168e+01 -1.131995430588722229e+01 -1.859822625992819667e-01
1.223396886885166168e+01 -1.177906075119972229e+01 -2.164235467789694667e-01
1.229781164228916168e+01 -1.165491524338722229e+01 -2.179036493180319667e-01
1.238985265791416168e+01 -1.155933418869972229e+01 -2.207875604508444667e-01
1.248189367353916168e+01 -1.146387520432472229e+01 -2.236867303727194667e-01
1.346089757978916168e+01 -1.384693184494972229e+01 -2.010274286149069667e-01
1.355904211103916168e+01 -1.372925606369972229e+01 -2.035756463883444667e-01
1.144026769697666168e+01 -1.134668770432472229e+01 -1.102071161149069667e-01
1.154683507978916168e+01 -1.127478829026222229e+01 -1.137929315445944667e-01
1.382625402510166168e+01 -1.335047188401222229e+01 -2.113881463883444667e-01
1.379976476728916168e+01 -1.311255684494972229e+01 -2.090077752945944667e-01
1.388191808760166168e+01 -1.298340645432472229e+01 -2.113423700211569667e-01
1.408980382978916168e+01 -1.297351875901222229e+01 -2.195363397477194667e-01
1.576521886885166168e+01 -1.627771797776222229e+01 -2.016225213883444667e-01
1.583638586103916168e+01 -1.609192696213722229e+01 -2.035756463883444667e-01
1.140950597822666168e+01 -1.131311836838722229e+01 -3.952840517740696669e-02
1.177144445478916168e+01 -1.149829903244972229e+01 -5.240682314615696669e-02
1.606758703291416168e+01 -1.556250801682472229e+01 -2.101369256852194667e-01
1.370345129072666168e+01 -1.301636543869972229e+01 -1.225362176774069667e-01
1.378890050947666168e+01 -1.289209786057472229e+01 -1.251454706070944667e-01
1.636861242353916168e+01 -1.511316719651222229e+01 -2.192921991227194667e-01
1.897420324385166168e+01 -1.966260567307472229e+01 -1.993947381852194667e-01
1.854329504072666168e+01 -1.889966621994972229e+01 -1.865315790055319667e-01
1.112593664228916168e+01 -1.102124825119972229e+01 3.876444150228053331e-02
1.165486730635166168e+01 -1.137891426682472229e+01 2.260538388509303331e-02
1.169539465010166168e+01 -1.123999825119972229e+01 2.126261044759303331e-02
1.173750890791416168e+01 -1.110364571213722229e+01 1.987406064290553331e-02
1.181526769697666168e+01 -1.100354805588722229e+01 1.702066708821803331e-02
1.185689367353916168e+01 -1.086975899338722229e+01 1.563211728353053331e-02
2.556038488447666168e+01 -2.661109200119972229e+01 -2.334676141617819667e-01
1.854537023603916168e+01 -1.889795723557472229e+01 -6.890157412271946669e-02
1.104695715010166168e+01 -1.093836250901222229e+01 1.081003790022805333e-01
1.106831945478916168e+01 -1.078760567307472229e+01 1.069101934554055333e-01
1.111726965010166168e+01 -1.066675606369972229e+01 1.050791387679055333e-01
1.117476476728916168e+01 -1.055481758713722229e+01 1.030497198225930333e-01
1.124165929853916168e+01 -1.045337715744972229e+01 1.008066778304055333e-01
1.131050695478916168e+01 -1.035425606369972229e+01 9.850260068196803331e-02
2.588863195478916168e+01 -2.695203438401222229e+01 -7.427266787271946669e-02
1.854732336103916168e+01 -1.889624825119972229e+01 4.807230283040553331e-02
1.102840246260166168e+01 -1.091724434494972229e+01 1.753306036116555333e-01
1.105208410322666168e+01 -1.076917305588722229e+01 1.736826543929055333e-01
1.110762609541416168e+01 -1.065515938401222229e+01 1.715159063460305333e-01
1.116219152510166168e+01 -1.054053536057472229e+01 1.693644170882180333e-01
1.122908605635166168e+01 -1.043933907151222229e+01 1.669993047835305333e-01
1.129720129072666168e+01 -1.033972969651222229e+01 1.646189336897805333e-01
2.583980382978916168e+01 -2.689490547776222229e+01 9.403177548665553331e-02
1.854939855635166168e+01 -1.889453926682472229e+01 1.656870489241555333e-01
1.101595129072666168e+01 -1.090247383713722229e+01 2.425760870100930333e-01
1.104756750166416168e+01 -1.076258125901222229e+01 2.404551153304055333e-01
1.109700597822666168e+01 -1.064258614182472229e+01 2.381662969710305333e-01
1.115462316572666168e+01 -1.053125801682472229e+01 2.357859258772805333e-01
1.121932043135166168e+01 -1.042798653244972229e+01 2.333292608382180333e-01
1.128658117353916168e+01 -1.032776680588722229e+01 2.308725957991555333e-01
2.594966711103916168e+01 -2.700537911057472229e+01 2.601542120100930333e-01
1.855147375166416168e+01 -1.889283028244972229e+01 2.826456670882180333e-01
1.100960363447666168e+01 -1.089380684494972229e+01 3.092722540022805333e-01
1.104524816572666168e+01 -1.075806465744972229e+01 3.067850713850930333e-01
1.109541906416416168e+01 -1.063892403244972229e+01 3.042521124007180333e-01
1.116097082197666168e+01 -1.053540840744972229e+01 3.016733770491555333e-01
1.123482336103916168e+01 -1.044080391526222229e+01 2.990488653304055333e-01
1.129329504072666168e+01 -1.033216133713722229e+01 2.965159063460305333e-01
2.573702062666416168e+01 -2.677552071213722229e+01 4.276041631819680333e-01
1.855354894697666168e+01 -1.889124336838722229e+01 4.002451543929055333e-01
1.101241125166416168e+01 -1.089453926682472229e+01 3.758921270491555333e-01
1.104854406416416168e+01 -1.075940743088722229e+01 3.730692510725930333e-01
1.109895910322666168e+01 -1.064038887619972229e+01 3.703226690413430333e-01
1.115608800947666168e+01 -1.052845039963722229e+01 3.676066045882180333e-01
1.124019445478916168e+01 -1.044385567307472229e+01 3.652872686507180333e-01
1.129903234541416168e+01 -1.033545723557472229e+01 3.625864629866555333e-01
1.766841711103916168e+01 -1.826172676682472229e+01 5.147318487288430333e-01
1.830940832197666168e+01 -1.863428536057472229e+01 5.148844366194680333e-01
1.103365148603916168e+01 -1.091407051682472229e+01 4.430307989241555333e-01
1.106954015791416168e+01 -1.077832832932472229e+01 4.399027471663430333e-01
1.111910070478916168e+01 -1.065821114182472229e+01 4.369120245100930333e-01
1.117452062666416168e+01 -1.054444161057472229e+01 4.339823370100930333e-01
1.123677648603916168e+01 -1.043860664963722229e+01 4.311442022444680333e-01
1.130293859541416168e+01 -1.033716621994972229e+01 4.283518438460305333e-01
1.771431554853916168e+01 -1.830640450119972229e+01 6.280893926741555333e-01
1.832991613447666168e+01 -1.865174141526222229e+01 6.305002813460305333e-01
1.108113683760166168e+01 -1.096045723557472229e+01 5.105051641585305333e-01
1.111482824385166168e+01 -1.082154121994972229e+01 5.069803838850930333e-01
1.116646398603916168e+01 -1.070288887619972229e+01 5.037912969710305333e-01
1.122371496260166168e+01 -1.059009590744972229e+01 5.006785040022805333e-01
1.128670324385166168e+01 -1.048413887619972229e+01 4.977030401350930333e-01
1.135335363447666168e+01 -1.038245430588722229e+01 4.951243047835305333e-01
2.588777746260166168e+01 -2.691809883713722229e+01 9.290384893538430333e-01
2.669100011885166168e+01 -2.731604805588722229e+01 9.356455450179055333e-01
1.111690343916416168e+01 -1.099475899338722229e+01 5.786661749007180333e-01
1.113081945478916168e+01 -1.083557930588722229e+01 5.743631963850930333e-01
1.118111242353916168e+01 -1.071521797776222229e+01 5.709147100569680333e-01
1.123860754072666168e+01 -1.060242500901222229e+01 5.676340704085305333e-01
1.130135168135166168e+01 -1.049622383713722229e+01 5.644907598616555333e-01
1.136788000166416168e+01 -1.039417305588722229e+01 5.614542608382180333e-01
2.564571203291416168e+01 -2.665747871994972229e+01 1.089301550877280533e+00
2.615413488447666168e+01 -2.675403633713722229e+01 1.090445960056968033e+00
1.115535558760166168e+01 -1.103174629807472229e+01 6.469950323225930333e-01
1.116414465010166168e+01 -1.086682930588722229e+01 6.420664434554055333e-01
1.120125402510166168e+01 -1.073291817307472229e+01 6.380076055647805333e-01
1.125765050947666168e+01 -1.061890450119972229e+01 6.345133428694680333e-01
1.132039465010166168e+01 -1.051233711838722229e+01 6.312174444319680333e-01
1.138704504072666168e+01 -1.041004219651222229e+01 6.284098272444680333e-01
2.543172277510166168e+01 -2.642664375901222229e+01 1.246451819431968033e+00
2.573824132978916168e+01 -2.631763496994972229e+01 1.243323767674155533e+00
1.119331945478916168e+01 -1.106824532151222229e+01 7.161478643538430333e-01
1.116646398603916168e+01 -1.086695137619972229e+01 7.094492559554055333e-01
1.121077550947666168e+01 -1.074036446213722229e+01 7.053293829085305333e-01
1.126680578291416168e+01 -1.062574043869972229e+01 7.016367559554055333e-01
1.132649816572666168e+01 -1.051612129807472229e+01 6.980967168929055333e-01
1.139095129072666168e+01 -1.041175118088722229e+01 6.947550420882180333e-01
2.633370031416416168e+01 -2.737134590744972229e+01 1.449653113377280533e+00
2.569844640791416168e+01 -2.627112618088722229e+01 1.406608069431968033e+00
2.583174718916416168e+01 -2.598291817307472229e+01 1.396796668064780533e+00
1.116988195478916168e+01 -1.086829414963722229e+01 7.765421514632180333e-01
1.121370519697666168e+01 -1.074109688401222229e+01 7.721323614241555333e-01
1.127010168135166168e+01 -1.062671700119972229e+01 7.686228399397805333e-01
1.133089269697666168e+01 -1.051819649338722229e+01 7.649607305647805333e-01
1.139668859541416168e+01 -1.041516914963722229e+01 7.615427618147805333e-01
2.600301183760166168e+01 -2.701746407151222229e+01 1.603492224705405533e+00
2.638094152510166168e+01 -2.697266426682472229e+01 1.603888953221030533e+00
2.641731847822666168e+01 -2.657434883713722229e+01 1.588416541111655533e+00
2.696907629072666168e+01 -2.669678536057472229e+01 1.597724402439780533e+00
1.196248449385166168e+01 -1.147693672776222229e+01 8.744120245100930333e-01
1.190010656416416168e+01 -1.123535957932472229e+01 8.643564825179055333e-01
1.197200597822666168e+01 -1.112744942307472229e+01 8.606791143538430333e-01
1.273604406416416168e+01 -1.166883125901222229e+01 8.886637334944680333e-01
